0 1 0
0 2 0
0 3 0
0 4 0
0 5 0
0 6 0
0 7 0
0 8 0
0 9 0
0 10 0
0 11 0
0 12 0
0 13 0
0 14 0
0 15 0
0 16 0
0 17 0
0 18 0
0 19 0
0 20 0
0 21 0
0 22 0
0 23 0
0 24 0
0 25 0
0 26 0
0 27 0
0 28 0
0 29 0
1 2 1
1 3 1
1 4 1
1 5 1
1 6 1
1 7 1
1 8 1
1 9 1
1 10 1
1 11 1
1 12 1
1 13 1
1 14 1
1 15 1
1 16 1
1 17 1
1 18 1
1 19 1
1 20 1
1 21 1
1 22 1
1 23 1
1 24 1
1 25 1
1 26 1
1 27 1
1 28 1
1 29 1
2 3 2
2 4 2
2 5 2
2 6 2
2 7 2
2 8 2
2 9 2
2 10 2
2 11 2
2 12 2
2 13 2
2 14 2
2 15 2
2 16 2
2 17 2
2 18 2
2 19 2
2 20 2
2 21 2
2 22 2
2 23 2
2 24 2
2 25 2
2 26 2
2 27 2
2 28 2
2 29 2
3 4 3
3 5 3
3 6 3
3 7 3
3 8 3
3 9 3
3 10 3
3 11 3
3 12 3
3 13 3
3 14 3
3 15 3
3 16 3
3 17 3
3 18 3
3 19 3
3 20 3
3 21 3
3 22 3
3 23 3
3 24 3
3 25 3
3 26 3
3 27 3
3 28 3
3 29 3
4 5 4
4 6 4
4 7 4
4 8 4
4 9 4
4 10 4
4 11 4
4 12 4
4 13 4
4 14 4
4 15 4
4 16 4
4 17 4
4 18 4
4 19 4
4 20 4
4 21 4
4 22 4
4 23 4
4 24 4
4 25 4
4 26 4
4 27 4
4 28 4
4 29 4
5 6 5
5 7 5
5 8 5
5 9 5
5 10 5
5 11 5
5 12 5
5 13 5
5 14 5
5 15 5
5 16 5
5 17 5
5 18 5
5 19 5
5 20 5
5 21 5
5 22 5
5 23 5
5 24 5
5 25 5
5 26 5
5 27 5
5 28 5
5 29 5
6 7 6
6 8 6
6 9 6
6 10 6
6 11 6
6 12 6
6 13 6
6 14 6
6 15 6
6 16 6
6 17 6
6 18 6
6 19 6
6 20 6
6 21 6
6 22 6
6 23 6
6 24 6
6 25 6
6 26 6
6 27 6
6 28 6
6 29 6
7 8 7
7 9 7
7 10 7
7 11 7
7 12 7
7 13 7
7 14 7
7 15 7
7 16 7
7 17 7
7 18 7
7 19 7
7 20 7
7 21 7
7 22 7
7 23 7
7 24 7
7 25 7
7 26 7
7 27 7
7 28 7
7 29 7
8 9 8
8 10 8
8 11 8
8 12 8
8 13 8
8 14 8
8 15 8
8 16 8
8 17 8
8 18 8
8 19 8
8 20 8
8 21 8
8 22 8
8 23 8
8 24 8
8 25 8
8 26 8
8 27 8
8 28 8
8 29 8
9 10 9
9 11 9
9 12 9
9 13 9
9 14 9
9 15 9
9 16 9
9 17 9
9 18 9
9 19 9
9 20 9
9 21 9
9 22 9
9 23 9
9 24 9
9 25 9
9 26 9
9 27 9
9 28 9
9 29 9
10 11 10
10 12 10
10 13 10
10 14 10
10 15 10
10 16 10
10 17 10
10 18 10
10 19 10
10 20 10
10 21 10
10 22 10
10 23 10
10 24 10
10 25 10
10 26 10
10 27 10
10 28 10
10 29 10
11 12 11
11 13 11
11 14 11
11 15 11
11 16 11
11 17 11
11 18 11
11 19 11
11 20 11
11 21 11
11 22 11
11 23 11
11 24 11
11 25 11
11 26 11
11 27 11
11 28 11
11 29 11
12 13 12
12 14 12
12 15 12
12 16 12
12 17 12
12 18 12
12 19 12
12 20 12
12 21 12
12 22 12
12 23 12
12 24 12
12 25 12
12 26 12
12 27 12
12 28 12
12 29 12
13 14 13