0 1 0
0 2 0
0 3 0
0 4 0
0 5 0
0 6 0
0 7 0
0 8 0
0 9 0
0 10 0
0 11 0
0 12 0
0 13 0
0 14 0
0 15 0
0 16 0
0 17 0
0 18 0
0 19 0
0 20 0
0 21 0
0 22 0
0 23 0
0 24 0
0 25 0
0 26 0
0 27 0
0 28 0
0 29 0
0 30 0
0 31 0
0 32 0
0 33 0
0 34 0
0 35 0
0 36 0
0 37 0
0 38 0
0 39 0
0 40 0
0 41 0
0 42 0
0 43 0
0 44 0
0 45 0
0 46 0
0 47 0
0 48 0
0 49 0
0 50 0
0 51 0
0 52 0
0 53 0
0 54 0
0 55 0
0 56 0
0 57 0
0 58 0
0 59 0
0 60 0
0 61 0
0 62 0
0 63 0
0 64 0
0 65 0
0 66 0
0 67 0
0 68 0
0 69 0
0 70 0
0 71 0
0 72 0
0 73 0
0 74 0
0 75 0
0 76 0
0 77 0
0 78 0
0 79 0
1 2 1
1 3 1
1 4 1
1 5 1
1 6 1
1 7 1
1 8 1
1 9 1
1 10 1
1 11 1
1 12 1
1 13 1
1 14 1
1 15 1
1 16 1
1 17 1
1 18 1
1 19 1
1 20 1
1 21 1
1 22 1
1 23 1
1 24 1
1 25 1
1 26 1
1 27 1
1 28 1
1 29 1
1 30 1
1 31 1
1 32 1
1 33 1
1 34 1
1 35 1
1 36 1
1 37 1
1 38 1
1 39 1
1 40 1
1 41 1
1 42 1
1 43 1
1 44 1
1 45 1
1 46 1
1 47 1
1 48 1
1 49 1
1 50 1
1 51 1
1 52 1
1 53 1
1 54 1
1 55 1
1 56 1
1 57 1
1 58 1
1 59 1
1 60 1
1 61 1
1 62 1
1 63 1
1 64 1
1 65 1
1 66 1
1 67 1
1 68 1
1 69 1
1 70 1
1 71 1
1 72 1
1 73 1
1 74 1
1 75 1
1 76 1
1 77 1
1 78 1
1 79 1
2 3 2
2 4 2
2 5 2
2 6 2
2 7 2
2 8 2
2 9 2
2 10 2
2 11 2
2 12 2
2 13 2
2 14 2
2 15 2
2 16 2
2 17 2
2 18 2
2 19 2
2 20 2
2 21 2
2 22 2
2 23 2
2 24 2
2 25 2
2 26 2
2 27 2
2 28 2
2 29 2
2 30 2
2 31 2
2 32 2
2 33 2
2 34 2
2 35 2
2 36 2
2 37 2
2 38 2
2 39 2
2 40 2
2 41 2
2 42 2
2 43 2
2 44 2
2 45 2
2 46 2
2 47 2
2 48 2
2 49 2
2 50 2
2 51 2
2 52 2
2 53 2
2 54 2
2 55 2
2 56 2
2 57 2
2 58 2
2 59 2
2 60 2
2 61 2
2 62 2
2 63 2
2 64 2
2 65 2
2 66 2
2 67 2
2 68 2
2 69 2
2 70 2
2 71 2
2 72 2
2 73 2
2 74 2
2 75 2
2 76 2
2 77 2
2 78 2
2 79 2
3 4 3
3 5 3
3 6 3
3 7 3
3 8 3
3 9 3
3 10 3
3 11 3
3 12 3
3 13 3
3 14 3
3 15 3
3 16 3
3 17 3
3 18 3
3 19 3
3 20 3
3 21 3
3 22 3
3 23 3
3 24 3
3 25 3
3 26 3
3 27 3
3 28 3
3 29 3
3 30 3
3 31 3
3 32 3
3 33 3
3 34 3
3 35 3
3 36 3
3 37 3
3 38 3
3 39 3
3 40 3
3 41 3
3 42 3
3 43 3
3 44 3
3 45 3
3 46 3
3 47 3
3 48 3
3 49 3
3 50 3
3 51 3
3 52 3
3 53 3
3 54 3
3 55 3
3 56 3
3 57 3
3 58 3
3 59 3
3 60 3
3 61 3
3 62 3
3 63 3
3 64 3
3 65 3
3 66 3
3 67 3
3 68 3
3 69 3
3 70 3
3 71 3
3 72 3
3 73 3
3 74 3
3 75 3
3 76 3
3 77 3
3 78 3
3 79 3
4 5 4
4 6 4
4 7 4
4 8 4
4 9 4
4 10 4
4 11 4
4 12 4
4 13 4
4 14 4
4 15 4
4 16 4
4 17 4
4 18 4
4 19 4
4 20 4
4 21 4
4 22 4
4 23 4
4 24 4
4 25 4
4 26 4
4 27 4
4 28 4
4 29 4
4 30 4
4 31 4
4 32 4
4 33 4
4 34 4
4 35 4
4 36 4
4 37 4
4 38 4
4 39 4
4 40 4
4 41 4
4 42 4
4 43 4
4 44 4
4 45 4
4 46 4
4 47 4
4 48 4
4 49 4
4 50 4
4 51 4
4 52 4
4 53 4
4 54 4
4 55 4
4 56 4
4 57 4
4 58 4
4 59 4
4 60 4
4 61 4
4 62 4
4 63 4
4 64 4
4 65 4
4 66 4
4 67 4
4 68 4
4 69 4
4 70 4
4 71 4
4 72 4
4 73 4
4 74 4
4 75 4
4 76 4
4 77 4
4 78 4
4 79 4
5 6 5
5 7 5
5 8 5
5 9 5
5 10 5
5 11 5
5 12 5
5 13 5
5 14 5
5 15 5
5 16 5
5 17 5
5 18 5
5 19 5
5 20 5
5 21 5
5 22 5
5 23 5
5 24 5
5 25 5
5 26 5
5 27 5
5 28 5
5 29 5
5 30 5
5 31 5
5 32 5
5 33 5
5 34 5
5 35 5
5 36 5
5 37 5
5 38 5
5 39 5
5 40 5
5 41 5
5 42 5
5 43 5
5 44 5
5 45 5
5 46 5
5 47 5
5 48 5
5 49 5
5 50 5
5 51 5
5 52 5
5 53 5
5 54 5
5 55 5
5 56 5
5 57 5
5 58 5
5 59 5
5 60 5
5 61 5
5 62 5
5 63 5
5 64 5
5 65 5
5 66 5
5 67 5
5 68 5
5 69 5
5 70 5
5 71 5
5 72 5
5 73 5
5 74 5
5 75 5
5 76 5
5 77 5
5 78 5
5 79 5
6 7 6
6 8 6
6 9 6
6 10 6
6 11 6
6 12 6
6 13 6
6 14 6
6 15 6
6 16 6
6 17 6
6 18 6
6 19 6
6 20 6
6 21 6
6 22 6
6 23 6
6 24 6
6 25 6
6 26 6
6 27 6
6 28 6
6 29 6
6 30 6
6 31 6
6 32 6
6 33 6
6 34 6
6 35 6
6 36 6
6 37 6
6 38 6
6 39 6
6 40 6
6 41 6
6 42 6
6 43 6
6 44 6
6 45 6
6 46 6
6 47 6
6 48 6
6 49 6
6 50 6
6 51 6
6 52 6
6 53 6
6 54 6
6 55 6
6 56 6
6 57 6
6 58 6
6 59 6
6 60 6
6 61 6
6 62 6
6 63 6
6 64 6
6 65 6
6 66 6
6 67 6
6 68 6
6 69 6
6 70 6
6 71 6
6 72 6
6 73 6
6 74 6
6 75 6
6 76 6
6 77 6
6 78 6
6 79 6
7 8 7
7 9 7
7 10 7
7 11 7
7 12 7
7 13 7
7 14 7
7 15 7
7 16 7
7 17 7
7 18 7
7 19 7
7 20 7
7 21 7
7 22 7
7 23 7
7 24 7
7 25 7
7 26 7
7 27 7
7 28 7
7 29 7
7 30 7
7 31 7
7 32 7
7 33 7
7 34 7
7 35 7
7 36 7
7 37 7
7 38 7
7 39 7
7 40 7
7 41 7
7 42 7
7 43 7
7 44 7
7 45 7
7 46 7
7 47 7
7 48 7
7 49 7
7 50 7
7 51 7
7 52 7
7 53 7
7 54 7
7 55 7
7 56 7
7 57 7
7 58 7
7 59 7
7 60 7
7 61 7
7 62 7
7 63 7
7 64 7
7 65 7
7 66 7
7 67 7
7 68 7
7 69 7
7 70 7
7 71 7
7 72 7
7 73 7
7 74 7
7 75 7
7 76 7
7 77 7
7 78 7
7 79 7
8 9 8
8 10 8
8 11 8
8 12 8
8 13 8
8 14 8
8 15 8
8 16 8
8 17 8
8 18 8
8 19 8
8 20 8
8 21 8
8 22 8
8 23 8
8 24 8
8 25 8
8 26 8
8 27 8
8 28 8
8 29 8
8 30 8
8 31 8
8 32 8
8 33 8
8 34 8
8 35 8
8 36 8
8 37 8
8 38 8
8 39 8
8 40 8
8 41 8
8 42 8
8 43 8
8 44 8
8 45 8
8 46 8
8 47 8
8 48 8
8 49 8
8 50 8
8 51 8
8 52 8
8 53 8
8 54 8
8 55 8
8 56 8
8 57 8
8 58 8
8 59 8
8 60 8
8 61 8
8 62 8
8 63 8
8 64 8
8 65 8
8 66 8
8 67 8
8 68 8
8 69 8
8 70 8
8 71 8
8 72 8
8 73 8
8 74 8
8 75 8
8 76 8
8 77 8
8 78 8
8 79 8
9 10 9
9 11 9
9 12 9
9 13 9
9 14 9
9 15 9
9 16 9
9 17 9
9 18 9
9 19 9
9 20 9
9 21 9
9 22 9
9 23 9
9 24 9
9 25 9
9 26 9
9 27 9
9 28 9
9 29 9
9 30 9
9 31 9
9 32 9
9 33 9
9 34 9
9 35 9
9 36 9
9 37 9
9 38 9
9 39 9
9 40 9
9 41 9
9 42 9
9 43 9
9 44 9
9 45 9
9 46 9
9 47 9
9 48 9
9 49 9
9 50 9
9 51 9
9 52 9
9 53 9
9 54 9
9 55 9
9 56 9
9 57 9
9 58 9
9 59 9
9 60 9
9 61 9
9 62 9
9 63 9
9 64 9
9 65 9
9 66 9
9 67 9
9 68 9
9 69 9
9 70 9
9 71 9
9 72 9
9 73 9
9 74 9
9 75 9
9 76 9
9 77 9
9 78 9
9 79 9
10 11 10
10 12 10
10 13 10
10 14 10
10 15 10
10 16 10
10 17 10
10 18 10
10 19 10
10 20 10
10 21 10
10 22 10
10 23 10
10 24 10
10 25 10
10 26 10
10 27 10
10 28 10
10 29 10
10 30 10
10 31 10
10 32 10
10 33 10
10 34 10
10 35 10
10 36 10
10 37 10
10 38 10
10 39 10
10 40 10
10 41 10
10 42 10
10 43 10
10 44 10
10 45 10
10 46 10
10 47 10
10 48 10
10 49 10
10 50 10
10 51 10
10 52 10
10 53 10
10 54 10
10 55 10
10 56 10
10 57 10
10 58 10
10 59 10
10 60 10
10 61 10
10 62 10
10 63 10
10 64 10
10 65 10