54 49 265
49 54 265
67 54 414
54 67 414
38 54 366
54 38 366
78 54 516
54 78 516
17 67 143
67 17 143
12 78 818
78 12 818
34 78 722
78 34 722
20 78 101
78 20 101
9 17 483
17 9 483
14 17 444
17 14 444
47 9 655
9 47 655
31 20 488
20 31 488
68 20 266
20 68 266
7 31 940
31 7 940
1 54 736
54 1 736
64 49 626
49 64 626
41 14 249
14 41 249
60 14 720
14 60 720
73 67 195
67 73 195
77 60 227
60 77 227
22 78 822
78 22 822
46 7 93
7 46 93
6 14 896
14 6 896
45 1 111
1 45 111
28 41 298
41 28 298
66 38 560
38 66 560
32 66 944
66 32 944
53 12 986
12 53 986
59 41 601
41 59 601
27 7 93
7 27 93
62 28 394
28 62 394
33 1 297
1 33 297
18 31 841
31 18 841
19 67 627
67 19 627
75 64 487
64 75 487
5 17 695
17 5 695
15 9 945
9 15 945
3 17 919
17 3 919
69 28 857
28 69 857
65 41 534
41 65 534
35 68 916
68 35 916
79 66 593
66 79 593
39 53 504
53 39 504
50 17 332
17 50 332
16 62 601
62 16 601
51 31 248
31 51 248
2 51 277
51 2 277
23 16 225
16 23 225
30 14 340
14 30 340
40 38 103
38 40 103
71 9 875
9 71 875
61 7 46
7 61 46
76 5 649
5 76 649
52 3 696
3 52 696
8 54 127
54 8 127
63 31 620
31 63 620
57 34 400
34 57 400
10 6 853
6 10 853
13 67 620
67 13 620
0 31 984
31 0 984
26 16 126
16 26 126
70 68 744
68 70 744
11 13 695
13 11 695
4 52 635
52 4 635
24 18 71
18 24 71
36 9 662
9 36 662
42 50 446
50 42 446
29 34 515
34 29 515
56 17 610
17 56 610
25 40 204
40 25 204
48 16 926
16 48 926
74 22 714
22 74 714
58 66 989
66 58 989
21 77 865
77 21 865
43 39 542
39 43 542
55 1 611
1 55 611
44 46 13
46 44 13
72 61 921
61 72 921
37 16 397
16 37 397
33 73 574
73 33 574
54 10 759
10 54 759
14 79 756
79 14 756
17 75 138
75 17 138
27 26 360
26 27 360
72 5 689
5 72 689
16 43 969
43 16 969
37 64 732
64 37 732
69 30 766
30 69 766
76 14 1
14 76 1
55 45 715
45 55 715
79 77 245
77 79 245
53 57 387
57 53 387
74 76 32
76 74 32
71 74 428
74 71 428
17 22 456
22 17 456
20 18 718
18 20 718
77 57 540
57 77 540
70 48 618
48 70 618
49 78 506
78 49 506
35 69 857
69 35 857
13 12 828
12 13 828
76 45 561
45 76 561
14 64 15
64 14 15
71 76 323
76 71 323
49 32 14
32 49 14
49 42 626
42 49 626
31 45 121
45 31 121
44 28 894
28 44 894
3 75 705
75 3 705
6 31 487
31 6 487
40 14 22
14 40 22
75 57 819
57 75 819
7 33 136
33 7 136
36 50 117
50 36 117
73 75 871
75 73 871
67 66 697
66 67 697
18 48 322
48 18 322
51 74 931
74 51 931
17 44 671
44 17 671
11 10 655
10 11 655
8 2 892
2 8 892
29 46 212
46 29 212
23 43 298
43 23 298
54 41 154
41 54 154
19 79 345
79 19 345
2 47 346
47 2 346
37 78 42
78 37 42
19 77 153
77 19 153
21 15 369
15 21 369
40 64 300
64 40 300
7 26 748
26 7 748
27 12 315
12 27 315
46 36 746
36 46 746
9 3 412
3 9 412
79 3 424
3 79 424
68 31 574
31 68 574
26 0 345
0 26 345
39 1 490
1 39 490
7 11 436
11 7 436
78 3 343
3 78 343
73 22 641
22 73 641
74 23 825
23 74 825
47 20 827
20 47 827
14 28 767
28 14 767
53 34 394
34 53 394
54 31 403
31 54 403
48 36 296
36 48 296
57 70 807
70 57 807
21 32 433
32 21 433
14 2 225
2 14 225
18 21 795
21 18 795
22 8 196
8 22 196
16 7 65
7 16 65
38 42 462
42 38 462
28 1 509
1 28 509
40 33 212
33 40 212
17 32 638
32 17 638
60 68 202
68 60 202
10 23 370
23 10 370
56 73 107
73 56 107
55 70 151
70 55 151
74 52 898
52 74 898
36 11 695
11 36 695
35 11 510
11 35 510
28 56 624
56 28 624
53 54 348
54 53 348
65 35 36
35 65 36
42 60 895
60 42 895
33 44 802
44 33 802
73 23 596
23 73 596
15 0 67
0 15 67
14 36 889
36 14 889
17 20 230
20 17 230
64 17 307
17 64 307
54 57 338
57 54 338
77 73 889
73 77 889
10 2 517
2 10 517
23 42 514
42 23 514
78 58 92
58 78 92
36 55 78
55 36 78
52 66 296
66 52 296
29 55 427
55 29 427
26 30 622
30 26 622
43 59 871
59 43 871
67 49 758
49 67 758
6 3 519
3 6 519
74 33 340
33 74 340
20 11 880
11 20 880
18 3 791
3 18 791
61 30 829
30 61 829
30 34 167
34 30 167
64 27 293
27 64 293
79 34 964
34 79 964
78 26 427
26 78 427
60 70 911
70 60 911
44 14 689
14 44 689
73 16 421
16 73 421
78 72 477
72 78 477
30 10 48
10 30 48
31 73 20
73 31 20
78 55 632
55 78 632
64 35 107
35 64 107
25 50 199
50 25 199
30 70 113
70 30 113
34 72 717
72 34 717
13 72 647
72 13 647
39 37 303
37 39 303
64 30 818
30 64 818
15 1 531
1 15 531
45 78 800
78 45 800
40 63 380
63 40 380
45 10 365
10 45 365
9 70 261
70 9 261
38 36 682
36 38 682
74 58 896
58 74 896
32 59 95
59 32 95
4 42 430
42 4 430
4 69 968
69 4 968
7 60 436
60 7 436
74 14 958
14 74 958
68 76 64
76 68 64
31 76 792
76 31 792
73 38 810
38 73 810
57 8 702
8 57 702
76 38 508
38 76 508
35 33 80
33 35 80
16 9 124
9 16 124
16 38 353
38 16 353
50 46 10
46 50 10
59 51 72
51 59 72
55 60 212
60 55 212
49 66 674
66 49 674
1 49 300
49 1 300
2 38 955
38 2 955
44 59 879
59 44 879
60 6 464
6 60 464
7 50 724
50 7 724
18 64 28
64 18 28
66 51 343
51 66 343
0 25 651
25 0 651
35 6 607
6 35 607
14 68 546
68 14 546
21 69 160
69 21 160
23 60 968
60 23 968
64 53 323
53 64 323
24 62 242
62 24 242
6 15 381
15 6 381
76 17 881
17 76 881
64 55 21
55 64 21
40 9 719
9 40 719
9 64 430
64 9 430
3 25 426
25 3 426
60 43 432
43 60 432
3 16 86
16 3 86
62 63 647
63 62 647
2 42 59
42 2 59
23 61 8
61 23 8
76 35 451
35 76 451
66 2 300
2 66 300
0 47 973
47 0 973
6 68 283
68 6 283
7 48 620
48 7 620
73 57 950
57 73 950
71 6 786
6 71 786
76 8 178
8 76 178
62 10 348
10 62 348
36 60 363
60 36 363
13 47 494
47 13 494
66 15 1
15 66 1
57 37 473
37 57 473
49 3 117
3 49 117
3 56 623
56 3 623
73 52 723
52 73 723
0 11 778
11 0 778
59 56 780
56 59 780
71 75 647
75 71 647
67 1 276
1 67 276
17 49 262
49 17 262
40 42 911
42 40 911
21 40 455
40 21 455
68 33 362
33 68 362
5 28 609
28 5 609
14 78 72
78 14 72
18 69 546
69 18 546
39 42 880
42 39 880
62 77 69
77 62 69
76 15 289
15 76 289
36 41 587
41 36 587
36 66 544
66 36 544
68 61 978
61 68 978
56 71 759
71 56 759
75 15 452
15 75 452
2 74 643
74 2 643
41 77 126
77 41 126
1 23 410
23 1 410
43 13 142
13 43 142
48 3 362
3 48 362
0 76 223
76 0 223
26 70 711
70 26 711
4 65 504
65 4 504
34 63 307
63 34 307
60 11 53
11 60 53
37 32 26
32 37 26
16 0 400
0 16 400
54 42 68
42 54 68
14 49 369
49 14 369
17 7 635
7 17 635
49 19 894
19 49 894
15 59 144
59 15 144
58 5 195
5 58 195
68 8 471
8 68 471
79 30 172
30 79 172
79 76 663
76 79 663
8 60 458
60 8 458
60 65 132
65 60 132
66 6 454
6 66 454
50 30 437
30 50 437
70 53 814
53 70 814
28 63 962
63 28 962
66 43 727
43 66 727
12 30 34
30 12 34
59 14 891
14 59 891
6 51 58
51 6 58
46 59 625
59 46 625
3 72 88
72 3 88
24 5 789
5 24 789
16 61 469
61 16 469
12 36 681
36 12 681
25 8 594
8 25 594
10 70 260
70 10 260
0 32 345
32 0 345
19 17 44
17 19 44
12 77 358
77 12 358
49 15 670
15 49 670
49 41 65
41 49 65
52 53 993
53 52 993
44 40 571
40 44 571
53 10 197
10 53 197
39 44 104
44 39 104
44 65 330
65 44 330
29 10 914
10 29 914
35 38 534
38 35 534
17 45 377
45 17 377
14 66 890
66 14 890
42 45 857
45 42 857
28 33 688
33 28 688
3 69 529
69 3 529
30 33 493
33 30 493
50 27 45
27 50 45
69 25 74
25 69 74
54 11 741
11 54 741
63 12 939
12 63 939
61 11 471
11 61 471
63 1 87
1 63 87
14 27 101
27 14 101
73 61 905
61 73 905
32 63 627
63 32 627
9 52 572
52 9 572
40 17 981
17 40 981
6 62 501
62 6 501
53 75 956
75 53 956
16 65 445
65 16 445
68 48 921
48 68 921
5 56 807
56 5 807
28 15 796
15 28 796
63 24 619
24 63 619
13 29 649
29 13 649
18 19 237
19 18 237
67 72 802
72 67 802
31 46 750
46 31 750
76 62 223
62 76 223
5 49 759
49 5 759
29 24 438
24 29 438
12 1 393
1 12 393
19 1 994
1 19 994
74 16 235
16 74 235
56 53 757
53 56 757
27 20 530
20 27 530
69 59 382
59 69 382
26 5 596
5 26 596
22 41 829
41 22 829
54 25 516
25 54 516
35 51 599
51 35 599
38 64 897
64 38 897
40 73 999
73 40 999
46 24 78
24 46 78
41 66 800
66 41 800
11 74 785
74 11 785
32 27 750
27 32 750
64 59 778
59 64 778
30 16 623
16 30 623
43 64 644
64 43 644
11 68 630
68 11 630
38 55 367
55 38 367
70 69 12
69 70 12
53 48 668
48 53 668
77 11 828
11 77 828
26 56 321
56 26 321
14 18 140
18 14 140
44 71 720
71 44 720
45 65 804
65 45 804
15 30 966
30 15 966
34 66 39
66 34 39
65 62 351
62 65 351
63 53 266
53 63 266
50 77 312
77 50 312
67 16 587
16 67 587
56 34 749
34 56 749
73 70 642
70 73 642
34 38 247
38 34 247
17 54 231
54 17 231
35 20 840
20 35 840
34 50 995
50 34 995
52 41 913
41 52 913
32 57 445
57 32 445
60 16 319
16 60 319
46 79 745
79 46 745
61 54 419
54 61 419
18 29 544
29 18 544
13 17 578
17 13 578
1 61 976
61 1 976
30 22 3
22 30 3
4 41 636
41 4 636
24 60 81
60 24 81
79 27 860
27 79 860
46 62 968
62 46 968
67 22 760
22 67 760
48 22 735
22 48 735
14 52 949
52 14 949
55 68 635
68 55 635
10 73 629
73 10 629
44 23 27
23 44 27
78 11 91
11 78 91
16 15 687
15 16 687
73 27 519
27 73 519
16 77 753
77 16 753
71 39 276
39 71 276
11 40 15
40 11 15
69 42 922
42 69 922
5 25 480
25 5 480
78 29 584
29 78 584
25 18 956
18 25 956
78 10 404
10 78 404
1 71 354
71 1 354
11 12 21
12 11 21
19 78 260
78 19 260
21 66 780
66 21 780
42 36 348
36 42 348
30 66 118
66 30 118
74 79 824
79 74 824
62 43 690
43 62 690
29 16 166
16 29 166
73 79 866
79 73 866
54 21 835
21 54 835
12 74 159
74 12 159
50 51 298
51 50 298
15 35 506
35 15 506
71 55 441
55 71 441
22 49 807
49 22 807
60 74 44
74 60 44
63 64 349
64 63 349
54 26 931
26 54 931
33 72 192
72 33 192
20 25 958
25 20 958
52 75 972
75 52 972
46 42 173
42 46 173
20 77 593
77 20 593
7 4 647
4 7 647
56 44 393
44 56 393
8 19 318
19 8 318
5 54 438
54 5 438
75 18 550
18 75 550
42 25 325
25 42 325
39 45 722
45 39 722
8 49 768
49 8 768
24 73 803
73 24 803
74 30 369
30 74 369
13 78 575
78 13 575
61 59 921
59 61 921
67 51 541
51 67 541
77 45 646
45 77 646
16 11 19
11 16 19
62 58 913
58 62 913
27 75 189
75 27 189
76 9 586
9 76 586
57 27 761
27 57 761
57 24 916
24 57 916
31 22 451
22 31 451
20 52 649
52 20 649
40 19 258
19 40 258
8 16 624
16 8 624
35 47 314
47 35 314
38 11 11
11 38 11
33 8 794
8 33 794
30 78 596
78 30 596
13 16 849
16 13 849
74 64 577
64 74 577
75 35 841
35 75 841
38 0 943
0 38 943
36 17 83
17 36 83
74 50 369
50 74 369
49 20 195
20 49 195
7 56 482
56 7 482
17 65 950
65 17 950
38 65 402
65 38 402
64 61 686
61 64 686
60 71 887
71 60 887
69 24 61
24 69 61
77 64 914
64 77 914
41 26 722
26 41 722
17 48 707
48 17 707
30 6 352
6 30 352
21 14 82
14 21 82
48 46 832
46 48 832
18 28 819
28 18 819
18 35 717
35 18 717
33 18 529
18 33 529
10 57 565
57 10 565
73 78 647
78 73 647
21 46 656
46 21 656
24 78 917
78 24 917
65 9 197
9 65 197
10 72 244
72 10 244
10 36 163
36 10 163
79 41 487
41 79 487
48 34 556
34 48 556
14 39 2
39 14 2
14 16 583
16 14 583
57 79 853
79 57 853
23 24 370
24 23 370
1 41 324
41 1 324
67 6 751
6 67 751
64 67 345
67 64 345
44 45 45
45 44 45
61 34 715
34 61 715
69 12 614
12 69 614
22 16 940
16 22 940
9 61 55
61 9 55
63 16 618
16 63 618
37 33 688
33 37 688
69 74 869
74 69 869
10 61 185
61 10 185
38 10 821
10 38 821
18 45 972
45 18 972
30 20 366
20 30 366
31 1 26
1 31 26
50 67 181
67 50 181
71 72 707
72 71 707
54 35 467
35 54 467
25 11 487
11 25 487
14 12 548
12 14 548
71 18 28
18 71 28
36 31 856
31 36 856
14 31 482
31 14 482
78 36 640
36 78 640
5 78 0
78 5 0
23 39 160
39 23 160
25 60 164
60 25 164
46 77 655
77 46 655
62 37 336
37 62 336
38 26 981
26 38 981
40 53 246
53 40 246
5 79 174
79 5 174
27 16 231
16 27 231
77 76 474
76 77 474
51 41 395
41 51 395
74 54 166
54 74 166
21 49 703
49 21 703
30 46 152
46 30 152
67 38 843
38 67 843
35 24 3
24 35 3
78 7 586
7 78 586
72 60 797
60 72 797
73 76 446
76 73 446
74 62 944
62 74 944
41 24 221
24 41 221
29 71 74
71 29 74
64 50 989
50 64 989
31 8 917
8 31 917
8 62 482
62 8 482
23 53 938
53 23 938
40 27 660
27 40 660
26 40 942
40 26 942
21 20 855
20 21 855
33 75 906
75 33 906
42 56 22
56 42 22
44 72 798
72 44 798
0 27 282
27 0 282
17 72 329
72 17 329
40 68 547
68 40 547
12 60 730
60 12 730
40 76 748
76 40 748
40 8 946
8 40 946
68 10 618
10 68 618
13 77 173
77 13 173
39 0 420
0 39 420
77 43 940
43 77 940
5 4 115
4 5 115
2 50 146
50 2 146
16 36 771
36 16 771
12 28 898
28 12 898
33 46 740
46 33 740
21 35 303
35 21 303
23 17 298
17 23 298
25 78 698
78 25 698
61 19 384
19 61 384
66 50 137
50 66 137
64 7 627
7 64 627
16 58 407
58 16 407
13 9 657
9 13 657
9 56 743
56 9 743
25 41 173
41 25 173
73 66 168
66 73 168
59 38 537
38 59 537
41 11 365
11 41 365
37 5 733
5 37 733
79 1 821
1 79 821
61 18 920
18 61 920
77 39 643
39 77 643
4 79 545
79 4 545
60 48 312
48 60 312
27 23 354
23 27 354
30 0 523
0 30 523
69 61 416
61 69 416
31 60 5
60 31 5
21 55 649
55 21 649
36 68 713
68 36 713
66 55 659
55 66 659
44 24 113
24 44 113
19 72 172
72 19 172
23 14 812
14 23 812
78 51 836
51 78 836
26 65 110
65 26 110
57 2 598
2 57 598
33 70 831
70 33 831
59 77 575
77 59 575
25 9 799
9 25 799
24 22 26
22 24 26
22 36 418
36 22 418
44 66 448
66 44 448
71 67 601
67 71 601
41 30 175
30 41 175
63 74 54
74 63 54
23 47 659
47 23 659
43 71 342
71 43 342
59 4 894
4 59 894
10 17 491
17 10 491
37 68 275
68 37 275
4 70 564
70 4 564
40 0 271
0 40 271
6 59 553
59 6 553
51 77 309
77 51 309
44 60 467
60 44 467
20 26 402
26 20 402
74 61 569
61 74 569
47 18 493
18 47 493
59 7 303
7 59 303
60 51 831
51 60 831
31 41 674
41 31 674
34 41 600
41 34 600
48 28 7
28 48 7
78 71 571
71 78 571
44 70 731
70 44 731
68 0 572
0 68 572
50 39 893
39 50 893
31 49 247
49 31 247
59 11 858
11 59 858
69 75 230
75 69 230
54 16 969
16 54 969
24 39 93
39 24 93
9 69 587
69 9 587
52 2 986
2 52 986
23 59 294
59 23 294
28 26 675
26 28 675
16 5 393
5 16 393
72 64 851
64 72 851
1 16 512
16 1 512
0 59 671
59 0 671
2 16 442
16 2 442
75 16 996
16 75 996
71 5 887
5 71 887
68 26 925
26 68 925
15 57 157
57 15 157
50 62 761
62 50 761
6 39 511
39 6 511
59 30 998
30 59 998
30 13 525
13 30 525
13 74 848
74 13 848
37 53 691
53 37 691
71 4 318
4 71 318
70 59 322
59 70 322
36 49 94
49 36 94
0 65 403
65 0 403
59 8 49
8 59 49
58 17 416
17 58 416
47 28 742
28 47 742
35 46 115
46 35 115
6 38 239
38 6 239
17 29 4
29 17 4
64 44 620
44 64 620
28 13 202
13 28 202
49 37 866
37 49 866
76 20 549
20 76 549
46 76 391
76 46 391
0 49 446
49 0 446
66 23 999
23 66 999
17 38 596
38 17 596
50 10 656
10 50 656
41 55 529
55 41 529
47 33 967
33 47 967
68 19 24
19 68 24
60 37 790
37 60 790
41 23 212
23 41 212
58 65 206
65 58 206
76 24 512
24 76 512
1 48 108
48 1 108
0 1 521
1 0 521
57 0 182
0 57 182
10 25 347
25 10 347
64 76 260
76 64 260
23 4 343
4 23 343
59 10 254
10 59 254
50 26 793
26 50 793
61 38 457
38 61 457
49 25 414
25 49 414
57 52 246
52 57 246
33 26 486
26 33 486
60 59 451
59 60 451
5 51 668
51 5 668
70 36 700
36 70 700
47 45 307
45 47 307
36 1 968
1 36 968
34 73 351
73 34 351
78 79 890
79 78 890
37 77 784
77 37 784
13 45 421
45 13 421
11 45 171
45 11 171
40 12 805
12 40 805
39 36 192
36 39 192
35 36 945
36 35 945
56 55 596
55 56 596
8 73 648
73 8 648
37 11 920
11 37 920
58 32 612
32 58 612
63 78 248
78 63 248
70 65 569
65 70 569
28 49 44
49 28 44
34 62 453
62 34 453
72 53 676
53 72 676
68 52 946
52 68 946
5 39 505
39 5 505
45 2 570
2 45 570
16 40 449
40 16 449
65 13 68
13 65 68
60 53 772
53 60 772
7 73 976
73 7 976
40 13 724
13 40 724
56 66 913
66 56 913
2 17 21
17 2 21
71 66 89
66 71 89
61 21 583
21 61 583
61 56 215
56 61 215
49 70 316
70 49 316
23 56 550
56 23 550
20 14 619
14 20 619
11 66 429
66 11 429
72 51 319
51 72 319
14 67 785
67 14 785
27 72 991
72 27 991
38 43 884
43 38 884
24 2 157
2 24 157
13 18 112
18 13 112
43 57 285
57 43 285
53 30 763
30 53 763
4 39 233
39 4 233
43 18 958
18 43 958
47 17 158
17 47 158
65 21 577
21 65 577
70 20 978
20 70 978
42 26 445
26 42 445
65 30 746
30 65 746
38 7 444
7 38 444
44 41 779
41 44 779
60 38 121
38 60 121
8 78 644
78 8 644
19 30 118
30 19 118
50 15 382
15 50 382
72 45 762
45 72 762
56 39 527
39 56 527
25 77 929
77 25 929
11 67 652
67 11 652
18 79 140
79 18 140
50 31 628
31 50 628
48 76 978
76 48 978
20 33 584
33 20 584
68 9 881
9 68 881
43 70 35
70 43 35
36 53 355
53 36 355
31 48 856
48 31 856
32 46 710
46 32 710
59 71 206
71 59 206
44 63 356
63 44 356
77 28 221
28 77 221
13 64 283
64 13 283
48 49 85
49 48 85
35 78 86
78 35 86
72 54 299
54 72 299
7 22 728
22 7 728
75 28 525
28 75 525
25 57 91
57 25 91
76 4 544
4 76 544
61 14 607
14 61 607
13 35 178
35 13 178
15 27 643
27 15 643
8 5 32
5 8 32
67 9 891
9 67 891
65 25 669
25 65 669
5 12 802
12 5 802
62 36 143
36 62 143
18 55 57
55 18 57
30 76 287
76 30 287
21 53 259
53 21 259
65 29 501
29 65 501
57 1 433
1 57 433
2 22 533
22 2 533
12 59 723
59 12 723
26 14 315
14 26 315
31 64 983
64 31 983
63 54 914
54 63 914
51 42 423
42 51 423
1 42 252
42 1 252
11 5 274
5 11 274
71 8 482
8 71 482
34 22 726
22 34 726
42 16 207
16 42 207
62 73 226
73 62 226
3 60 190
60 3 190
25 33 557
33 25 557
38 77 249
77 38 249
48 64 902
64 48 902
21 22 762
22 21 762
62 42 792
42 62 792
3 67 739
67 3 739
10 28 63
28 10 63
61 22 390
22 61 390
4 30 217
30 4 217
30 29 538
29 30 538
11 64 876
64 11 876
47 29 11
29 47 11
14 54 984
54 14 984
62 40 461
40 62 461
75 61 996
61 75 996
50 40 264
40 50 264
9 77 600
77 9 600
62 66 878
66 62 878
17 12 523
12 17 523
20 57 254
57 20 254
57 41 614
41 57 614
24 15 13
15 24 13
55 50 682
50 55 682
16 51 849
51 16 849
3 4 657
4 3 657
33 41 23
41 33 23
26 44 406
44 26 406
39 3 450
3 39 450
41 0 838
0 41 838
15 79 357
79 15 357
44 21 410
21 44 410
4 74 863
74 4 863
27 45 441
45 27 441
32 18 526
18 32 526
22 55 529
55 22 529
29 4 856
4 29 856
0 18 443
18 0 443
3 10 928
10 3 928
42 12 808
12 42 808
45 33 469
33 45 469
20 67 206
67 20 206
55 33 812
33 55 812
49 6 632
6 49 632
46 51 624
51 46 624
19 54 690
54 19 690
67 44 938
44 67 938
22 69 985
69 22 985
27 11 756
11 27 756
51 47 596
47 51 596
8 7 716
7 8 716
38 46 14
46 38 14
55 19 361
19 55 361
66 28 326
28 66 326
6 46 508
46 6 508
73 72 605
72 73 605
4 61 600
61 4 600
59 49 55
49 59 55
8 44 32
44 8 32
41 76 317
76 41 317
79 37 193
37 79 193
34 39 994
39 34 994
41 75 497
75 41 497
26 79 276
79 26 276
9 10 823
10 9 823
77 68 524
68 77 524
18 44 458
44 18 458
76 44 945
44 76 945
76 7 598
7 76 598
7 6 764
6 7 764
26 15 702
15 26 702
31 52 268
52 31 268
75 7 650
7 75 650
16 24 845
24 16 845
29 9 8
9 29 8
17 41 909
41 17 909
1 30 802
30 1 802
26 21 767
21 26 767
53 66 422
66 53 422
38 12 613
12 38 613
71 64 573
64 71 573
3 61 414
61 3 414
56 57 899
57 56 899
56 60 574
60 56 574
64 66 602
66 64 602
22 47 590
47 22 590
0 5 274
5 0 274
33 32 412
32 33 412
54 12 536
12 54 536
20 54 654
54 20 654
5 73 791
73 5 791
60 4 137
4 60 137
7 79 6
79 7 6
35 60 338
60 35 338
21 47 381
47 21 381
66 33 461
33 66 461
79 70 481
70 79 481
29 42 86
42 29 86
14 65 449
65 14 449
30 71 555
71 30 555
26 25 436
25 26 436
36 71 848
71 36 848
24 65 151
65 24 151
9 60 159
60 9 159
78 74 118
74 78 118
20 42 274
42 20 274
74 3 360
3 74 360
26 71 605
71 26 605
65 37 477
37 65 477
24 50 237
50 24 237
4 78 742
78 4 742
30 51 350
51 30 350
24 49 255
49 24 255
58 9 486
9 58 486
7 2 445
2 7 445
37 56 24
56 37 24
36 4 114
4 36 114
17 74 367
74 17 367
17 51 184
51 17 184
39 19 497
19 39 497
26 76 1
76 26 1
27 77 944
77 27 944
17 26 538
26 17 538
22 5 701
5 22 701
21 38 724
38 21 724
10 37 614
37 10 614
46 72 452
72 46 452
65 8 581
8 65 581
60 52 400
52 60 400
27 2 390
2 27 390
15 32 261
32 15 261
27 29 601
29 27 601
2 55 345
55 2 345
37 35 249
35 37 249
60 33 563
33 60 563
46 55 117
55 46 117
57 26 209
26 57 209
6 55 366
55 6 366
44 62 726
62 44 726
47 56 508
56 47 508
66 19 524
19 66 524
28 16 864
16 28 864
61 65 748
65 61 748
67 45 979
45 67 979
28 4 294
4 28 294
70 76 833
76 70 833
65 12 884
12 65 884
7 34 342
34 7 342
77 72 737
72 77 737
48 63 316
63 48 316
25 76 873
76 25 873
26 2 225
2 26 225
47 14 997
14 47 997
47 4 17
4 47 17
21 24 338
24 21 338
55 31 922
31 55 922
74 27 20
27 74 20
17 31 843
31 17 843
69 47 835
47 69 835
43 40 726
40 43 726
64 58 964
58 64 964
72 42 981
42 72 981
28 6 604
6 28 604
53 41 133
41 53 133
59 18 507
18 59 507
3 19 209
19 3 209
14 43 17
43 14 17
50 29 674
29 50 674
26 64 773
64 26 773
19 14 919
14 19 919
37 75 810
75 37 810
55 53 4
53 55 4
60 66 758
66 60 758
58 49 428
49 58 428
64 60 496
60 64 496
29 53 685
53 29 685
46 10 324
10 46 324
63 59 963
59 63 963
75 45 102
45 75 102
50 70 278
70 50 278
16 32 292
32 16 292
25 46 384
46 25 384
7 43 930
43 7 930
31 10 147
10 31 147
52 18 917
18 52 917
29 45 779
45 29 779
46 20 271
20 46 271
63 35 385
35 63 385
24 12 352
12 24 352
30 25 128
25 30 128
56 74 155
74 56 155
78 69 631
69 78 631
63 36 779
36 63 779
58 76 215
76 58 215
13 66 400
66 13 400
47 31 548
31 47 548
71 13 767
13 71 767
22 28 238
28 22 238
27 31 612
31 27 612
23 20 908
20 23 908
25 32 538
32 25 538
28 32 503
32 28 503
47 24 133
24 47 133
44 25 590
25 44 590
36 37 441
37 36 441
55 40 885
40 55 885
18 38 359
38 18 359
50 78 998
78 50 998
28 36 698
36 28 698
32 60 242
60 32 242
10 0 93
0 10 93
44 75 855
75 44 855
15 40 336
40 15 336
3 47 629
47 3 629
1 11 379
11 1 379
72 37 669
37 72 669
47 59 881
59 47 881
41 61 943
61 41 943
27 67 496
67 27 496
5 60 529
60 5 529
2 60 118
60 2 118
24 9 368
9 24 368
45 28 302
28 45 302
36 52 666
52 36 666
23 40 36
40 23 36
60 63 78
63 60 78
5 42 192
42 5 192
44 50 159
50 44 159
21 73 897
73 21 897
58 52 271
52 58 271
32 7 964
7 32 964
77 63 938
63 77 938
29 52 959
52 29 959
46 78 306
78 46 306
0 58 87
58 0 87
51 11 251
11 51 251
36 43 88
43 36 88
13 21 263
21 13 263
48 23 166
23 48 166
27 1 695
1 27 695
21 36 163
36 21 163
11 62 13
62 11 13
53 73 868
73 53 868
43 37 181
37 43 181
20 75 97
75 20 97
19 37 479
37 19 479
58 18 592
18 58 592
76 60 847
60 76 847
57 50 340
50 57 340
33 61 399
61 33 399
67 15 668
15 67 668
27 47 606
47 27 606
60 62 893
62 60 893
36 32 463
32 36 463
65 54 783
54 65 783
33 76 592
76 33 592
36 25 132
25 36 132
79 29 397
29 79 397
28 3 97
3 28 97
63 19 242
19 63 242
18 2 148
2 18 148
57 38 395
38 57 395
57 12 646
12 57 646
5 52 479
52 5 479
72 74 761
74 72 761
36 45 164
45 36 164
49 68 859
68 49 859
30 28 496
28 30 496
0 24 413
24 0 413
64 19 973
19 64 973
46 54 212
54 46 212
39 18 725
18 39 725
68 38 446
38 68 446
69 37 737
37 69 737
45 79 420
79 45 420
64 1 255
1 64 255
16 46 703
46 16 703
16 52 869
52 16 869
8 61 373
61 8 373
21 68 89
68 21 89
48 57 134
57 48 134
31 42 879
42 31 879
30 27 402
27 30 402
31 34 691
34 31 691
15 55 174
55 15 174
3 42 127
42 3 127
48 39 0
39 48 0
60 49 95
49 60 95
39 57 867
57 39 867
28 2 902
2 28 902
58 13 267
13 58 267
56 22 960
22 56 960
57 71 15
71 57 15
68 79 742
79 68 742
66 69 557
69 66 557
7 3 910
3 7 910
47 68 557
68 47 557
72 62 943
62 72 943
7 63 169
63 7 169
22 13 264
13 22 264
22 63 721
63 22 721
58 38 574
38 58 574
23 67 983
67 23 983
1 69 84
69 1 84
23 33 740
33 23 740
30 55 516
55 30 516
48 2 191
2 48 191
52 54 603
54 52 603
76 59 290
59 76 290
50 65 484
65 50 484
13 33 352
33 13 352
19 6 900
6 19 900
53 13 331
13 53 331
67 2 485
2 67 485
37 67 104
67 37 104
10 44 339
44 10 339
25 70 423
70 25 423
13 63 376
63 13 376
54 28 580
28 54 580
66 20 502
20 66 502
64 47 736
47 64 736
36 72 285
72 36 285
66 26 734
26 66 734
39 49 202
49 39 202
72 15 851
15 72 851
76 57 720
57 76 720
24 20 39
20 24 39
47 50 388
50 47 388
61 5 496
5 61 496
71 25 0
25 71 0
8 70 157
70 8 157
71 40 731
40 71 731
43 55 309
55 43 309
0 2 311
2 0 311
76 21 661
21 76 661
22 50 38
50 22 38
52 63 981
63 52 981
63 69 67
69 63 67
59 79 236
79 59 236
23 38 639
38 23 639
39 73 187
73 39 187
11 31 181
31 11 181
44 78 234
78 44 234
46 8 691
8 46 691
8 15 406
15 8 406
63 29 38
29 63 38
77 26 161
26 77 161
68 7 484
7 68 484
5 69 309
69 5 309
40 78 600
78 40 600
19 13 69
13 19 69
34 15 225
15 34 225
10 69 561
69 10 561
66 17 43
17 66 43
47 49 301
49 47 301
69 34 1
34 69 1
78 17 159
17 78 159
55 0 664
0 55 664
14 48 138
48 14 138
68 44 795
44 68 795
7 28 840
28 7 840
31 70 443
70 31 443
14 7 484
7 14 484
57 4 744
4 57 744
22 68 141
68 22 141
2 64 82
64 2 82
4 25 254
25 4 254
31 23 917
23 31 917
2 35 575
35 2 575
58 56 401
56 58 401
69 27 579
27 69 579
47 73 619
73 47 619
71 51 752
51 71 752
5 2 21
2 5 21
54 60 263
60 54 263
66 7 848
7 66 848
70 64 282
64 70 282
18 41 893
41 18 893
17 46 939
46 17 939
50 35 204
35 50 204
31 4 812
4 31 812
11 33 328
33 11 328
45 7 632
7 45 632
62 71 787
71 62 787
68 75 793
75 68 793
30 48 365
48 30 365
78 59 403
59 78 403
78 76 549
76 78 549
19 76 7
76 19 7
19 59 671
59 19 671
46 2 948
2 46 948
42 7 175
7 42 175
11 28 892
28 11 892
74 43 75
43 74 75
61 17 264
17 61 264
49 38 818
38 49 818
44 77 337
77 44 337
46 71 239
71 46 239
21 25 838
25 21 838
28 78 658
78 28 658
56 45 464
45 56 464
56 43 633
43 56 633
79 50 373
50 79 373
7 67 428
67 7 428
51 26 890
26 51 890
59 55 15
55 59 15
45 61 775
61 45 775
40 77 157
77 40 157
52 23 455
23 52 455
32 20 717
20 32 717
77 74 2
74 77 2
3 31 157
31 3 157
33 36 924
36 33 924
76 29 745
29 76 745
52 70 475
70 52 475
1 44 322
44 1 322
33 5 384
5 33 384
44 11 959
11 44 959
24 4 207
4 24 207
52 19 748
19 52 748
61 78 988
78 61 988
67 76 568
76 67 568
14 75 729
75 14 729
38 30 971
30 38 971
29 25 483
25 29 483
42 63 569
63 42 569
0 21 189
21 0 189
43 44 364
44 43 364
66 8 68
8 66 68
53 31 169
31 53 169
44 73 500
73 44 500
33 39 726
39 33 726
42 53 793
53 42 793
17 24 270
24 17 270
40 29 665
29 40 665
55 69 915
69 55 915
64 4 143
4 64 143
60 20 956
20 60 956
39 17 27
17 39 27
70 0 79
0 70 79
58 42 51
42 58 51
41 13 576
13 41 576
41 74 264
74 41 264
14 3 365
3 14 365
64 79 105
79 64 105
31 37 693
37 31 693
7 69 673
69 7 673
69 51 184
51 69 184
49 71 414
71 49 414
32 47 427
47 32 427
19 70 442
70 19 442
11 23 148
23 11 148
52 45 274
45 52 274
9 41 476
41 9 476
35 57 351
57 35 351
62 13 999
13 62 999
64 39 822
39 64 822
53 11 158
11 53 158
31 29 600
29 31 600
44 47 676
47 44 676
65 77 278
77 65 278
16 35 777
35 16 777
35 79 876
79 35 876
49 45 674
45 49 674
3 22 868
22 3 868
48 77 486
77 48 486
27 42 916
42 27 916
18 68 52
68 18 52
23 13 496
13 23 496
60 34 943
34 60 943
7 1 854
1 7 854
71 31 288
31 71 288
14 58 594
58 14 594
31 32 873
32 31 873
3 71 923
71 3 923
46 57 719
57 46 719
19 46 662
46 19 662
71 77 844
77 71 844
14 32 652
32 14 652
36 47 339
47 36 339
36 3 469
3 36 469
34 46 511
46 34 511
53 59 66
59 53 66
64 8 101
8 64 101
51 53 123
53 51 123
35 41 204
41 35 204
27 25 322
25 27 322
11 39 603
39 11 603
26 4 678
4 26 678
19 15 18
15 19 18
37 6 278
6 37 278
28 25 726
25 28 726
7 12 466
12 7 466
42 48 627
48 42 627
74 65 622
65 74 622
39 59 338
59 39 338
11 26 825
26 11 825
41 48 870
48 41 870
67 41 783
41 67 783
7 35 929
35 7 929
69 45 784
45 69 784
20 12 776
12 20 776
59 42 634
42 59 634
2 76 214
76 2 214
40 74 7
74 40 7
57 28 64
28 57 64
21 64 953
64 21 953
65 75 904
75 65 904
15 39 536
39 15 536
61 70 337
70 61 337
19 36 890
36 19 890
3 63 810
63 3 810
29 75 950
75 29 950
54 32 860
32 54 860
13 3 412
3 13 412
52 64 941
64 52 941
46 26 194
26 46 194
22 37 963
37 22 963
45 9 890
9 45 890
19 4 861
4 19 861
4 77 601
77 4 601
6 70 124
70 6 124
26 62 444
62 26 444
6 12 528
12 6 528
78 47 808
47 78 808
31 43 140
43 31 140
60 79 587
79 60 587
36 44 229
44 36 229
55 74 454
74 55 454
44 5 97
5 44 97
41 45 963
45 41 963
64 46 946
46 64 946
19 75 811
75 19 811
35 22 456
22 35 456
39 31 772
31 39 772
47 40 11
40 47 11
34 45 351
45 34 351
8 79 948
79 8 948
52 43 126
43 52 126
79 20 493
20 79 493
44 3 250
3 44 250
30 47 573
47 30 573
75 10 6
10 75 6
37 48 580
48 37 580
39 10 864
10 39 864
20 19 479
19 20 479
5 38 414
38 5 414
38 3 337
3 38 337
3 73 500
73 3 500
63 49 623
49 63 623
35 73 424
73 35 424
38 14 431
14 38 431
24 64 708
64 24 708
48 51 605
51 48 605
22 14 95
14 22 95
62 7 207
7 62 207
26 45 28
45 26 28
23 79 270
79 23 270
16 33 453
33 16 453
36 69 894
69 36 894
57 36 839
36 57 839
55 39 219
39 55 219
74 15 820
15 74 820
77 75 204
75 77 204
1 73 309
73 1 309
33 22 885
22 33 885
71 38 683
38 71 683
9 6 948
6 9 948
30 9 692
9 30 692
74 29 69
29 74 69
32 35 760
35 32 760
57 44 813
44 57 813
31 77 784
77 31 784
44 12 895
12 44 895
63 18 218
18 63 218
29 11 75
11 29 75
67 12 608
12 67 608
45 22 504
22 45 504
28 58 758
58 28 758
74 47 153
47 74 153
2 56 827
56 2 827
49 79 671
79 49 671
69 56 810
56 69 810
53 3 12
3 53 12
58 61 362
61 58 362
9 79 986
79 9 986
75 50 840
50 75 840
31 74 152
74 31 152
16 78 740
78 16 740
54 55 930
55 54 930
71 54 442
54 71 442
59 74 476
74 59 476
15 46 706
46 15 706
58 10 550
10 58 550
20 64 402
64 20 402
30 68 30
68 30 30
17 71 835
71 17 835
5 23 26
23 5 26
65 76 531
76 65 531
28 24 831
24 28 831
16 55 251
55 16 251
78 39 468
39 78 468
6 74 201
74 6 201
32 78 204
78 32 204
1 35 337
35 1 337
69 60 184
60 69 184
58 75 56
75 58 56
23 7 774
7 23 774
74 53 419
53 74 419
30 63 904
63 30 904
37 51 941
51 37 941
17 42 233
42 17 233
32 24 409
24 32 409
70 58 746
58 70 746
14 56 113
56 14 113
73 65 116
65 73 116
64 42 633
42 64 633
6 56 426
56 6 426
33 54 783
54 33 783
51 24 221
24 51 221
63 72 276
72 63 276
76 34 769
34 76 769
62 19 197
19 62 197
39 68 711
68 39 711
19 2 851
2 19 851
15 18 713
18 15 713
68 16 291
16 68 291
45 59 246
59 45 246
28 23 124
23 28 124
29 33 680
33 29 680
22 40 27
40 22 27
29 8 701
8 29 701
7 24 307
24 7 307
14 4 998
4 14 998
52 25 361
25 52 361
46 60 816
60 46 816
1 5 749
5 1 749
15 70 921
70 15 921
15 62 962
62 15 962
29 21 706
21 29 706
27 9 489
9 27 489
45 16 436
16 45 436
19 35 950
35 19 950
68 41 474
41 68 474
50 4 132
4 50 132
20 10 410
10 20 410
26 72 319
72 26 319
26 60 290
60 26 290
17 43 181
43 17 181
20 7 889
7 20 889
40 59 298
59 40 298
68 15 554
15 68 554
38 74 50
74 38 50
71 61 536
61 71 536
2 59 908
59 2 908
62 68 972
68 62 972
7 29 619
29 7 619
60 15 366
15 60 366
70 24 252
24 70 252
8 55 613
55 8 613
6 79 153
79 6 153
68 24 322
24 68 322
44 48 993
48 44 993
68 72 714
72 68 714
11 79 902
79 11 902
72 47 213
47 72 213
17 18 524
18 17 524
39 20 822
20 39 822
57 64 39
64 57 39
31 75 781
75 31 781
79 33 454
33 79 454
67 39 750
39 67 750
35 62 835
62 35 835
16 21 551
21 16 551
69 71 812
71 69 812
44 38 444
38 44 444
60 47 855
47 60 855
64 12 672
12 64 672
48 15 986
15 48 986
28 51 248
51 28 248
74 8 325
8 74 325
5 67 66
67 5 66
10 32 164
32 10 164
57 49 170
49 57 170
58 12 94
12 58 94
2 12 683
12 2 683
53 33 319
33 53 319
74 32 986
32 74 986
59 31 143
31 59 143
68 17 614
17 68 614
48 47 604
47 48 604
72 8 464
8 72 464
57 40 14
40 57 14
72 65 720
65 72 720
36 64 625
64 36 625
3 15 688
15 3 688
71 12 469
12 71 469
58 40 270
40 58 270
48 69 755
69 48 755
1 65 587
65 1 587
33 24 273
24 33 273
57 68 938
68 57 938
43 69 330
69 43 330
9 8 886
8 9 886
39 79 852
79 39 852
43 68 570
68 43 570
28 67 18
67 28 18
69 13 112
13 69 112
36 67 511
67 36 511
27 24 308
24 27 308
18 57 929
57 18 929
26 69 338
69 26 338
54 58 794
58 54 794
44 55 793
55 44 793
15 47 157
47 15 157
30 18 833
18 30 833
50 37 938
37 50 938
53 6 564
6 53 564
10 13 265
13 10 265
0 14 951
14 0 951
46 12 794
12 46 794
33 51 989
51 33 989
79 51 58
51 79 58
30 39 178
39 30 178
5 3 326
3 5 326
19 65 76
65 19 76
50 16 920
16 50 920
72 18 502
18 72 502
49 77 249
77 49 249
50 59 116
59 50 116
12 23 455
23 12 455
23 55 855
55 23 855
78 38 694
38 78 694
54 13 105
13 54 105
71 48 57
48 71 57
18 34 10
34 18 10
33 52 537
52 33 537
21 5 821
5 21 821
20 59 48
59 20 48
36 27 452
27 36 452
36 23 326
23 36 326
17 28 732
28 17 732
7 65 153
65 7 153
27 58 504
58 27 504
56 11 443
11 56 443
6 57 268
57 6 268
46 39 641
39 46 641
75 59 400
59 75 400
49 34 878
34 49 878
31 79 916
79 31 916
74 67 42
67 74 42
29 77 968
77 29 968
21 41 154
41 21 154
25 6 417
6 25 417
30 67 378
67 30 378
5 50 797
50 5 797
74 39 88
39 74 88
58 2 374
2 58 374
20 61 192
61 20 192
51 58 258
58 51 258
73 32 856
32 73 856
42 6 614
6 42 614
41 7 326
7 41 326
21 48 640
48 21 640
37 13 268
13 37 268
57 51 99
51 57 99
65 18 876
18 65 876
46 14 383
14 46 383
2 73 423
73 2 423
66 77 596
77 66 596
10 55 437
55 10 437
43 49 374
49 43 374
41 38 451
38 41 451
61 31 861
31 61 861
12 15 639
15 12 639
28 8 3
8 28 3
72 59 413
59 72 413
72 70 861
70 72 861
11 55 435
55 11 435
71 34 317
34 71 317
46 22 883
22 46 883
35 4 637
4 35 637
57 58 888
58 57 888
30 24 773
24 30 773
53 69 581
69 53 581
38 70 712
70 38 712
41 19 211
19 41 211
2 54 883
54 2 883
5 59 932
59 5 932
49 53 872
53 49 872
44 30 136
30 44 136
33 58 821
58 33 821
25 64 922
64 25 922
30 72 735
72 30 735
41 40 673
40 41 673
52 50 317
50 52 317
60 18 406
18 60 406
55 27 814
27 55 814
13 6 508
6 13 508
10 42 299
42 10 299
52 69 276
69 52 276
77 69 133
69 77 133
77 58 607
58 77 607
77 34 107
34 77 107
64 33 588
33 64 588
5 6 62
6 5 62
75 2 110
2 75 110
61 79 730
79 61 730
55 48 537
48 55 537
18 26 813
26 18 813
65 43 820
43 65 820
59 1 435
1 59 435
76 43 893
43 76 893
33 56 352
56 33 352
73 17 9
17 73 9
64 51 830
51 64 830
38 79 528
79 38 528
43 25 197
25 43 197
32 48 412
48 32 412
60 17 898
17 60 898
14 8 203
8 14 203
66 54 983
54 66 983
36 75 428
75 36 428
32 68 831
68 32 831
72 79 257
79 72 257
24 59 510
59 24 510
21 74 52
74 21 52
74 68 271
68 74 271
8 35 338
35 8 338
7 37 289
37 7 289
31 58 66
58 31 66
31 40 491
40 31 491
73 64 243
64 73 243
41 12 478
12 41 478
26 52 889
52 26 889
62 32 638
32 62 638
31 15 104
15 31 104
57 45 824
45 57 824
57 74 413
74 57 413
50 8 268
8 50 268
30 56 501
56 30 501
7 44 925
44 7 925
50 49 312
49 50 312
57 21 322
21 57 322
38 51 834
51 38 834
78 52 949
52 78 949
38 25 809
25 38 809
67 61 978
61 67 978
37 3 463
3 37 463
79 48 391
48 79 391
68 34 357
34 68 357
1 37 706
37 1 706
54 56 35
56 54 35
32 43 594
43 32 594
61 6 124
6 61 124
73 25 244
25 73 244
59 26 940
26 59 940
44 42 499
42 44 499
9 59 133
59 9 133
40 10 67
10 40 67
62 59 894
59 62 894
1 8 893
8 1 893
70 45 562
45 70 562
78 41 49
41 78 49
69 76 340
76 69 340
29 59 862
59 29 862
20 3 881
3 20 881
29 39 946
39 29 946
3 27 883
27 3 883
24 8 278
8 24 278
15 23 330
23 15 330
65 66 863
66 65 863
31 62 418
62 31 418
29 32 428
32 29 428
13 75 535
75 13 535
51 40 883
40 51 883
20 0 450
0 20 450
31 19 271
19 31 271
54 30 402
30 54 402
28 38 618
38 28 618
77 52 341
52 77 341
52 17 273
17 52 273
0 43 14
43 0 14
47 79 435
79 47 435
41 15 956
15 41 956
70 62 653
62 70 653
9 19 150
19 9 150
37 45 252
45 37 252
41 63 282
63 41 282
3 23 477
23 3 477
72 22 39
22 72 39
22 54 534
54 22 534
71 16 93
16 71 93
65 59 265
59 65 265
23 34 443
34 23 443
57 22 854
22 57 854
32 56 528
56 32 528
31 35 283
35 31 283
59 34 326
34 59 326
75 47 908
47 75 908
55 67 489
67 55 489
16 44 973
44 16 973
29 12 55
12 29 55
59 58 787
58 59 787
2 33 465
33 2 465
72 75 537
75 72 537
79 2 133
2 79 133
20 63 549
63 20 549
7 39 424
39 7 424
32 4 895
4 32 895
54 36 823
36 54 823
20 58 845
58 20 845
76 10 809
10 76 809
9 31 739
31 9 739
10 60 391
60 10 391
6 48 981
48 6 981
78 75 289
75 78 289
60 45 573
45 60 573
17 53 455
53 17 455
4 56 34
56 4 34
28 34 525
34 28 525
51 45 639
45 51 639
3 66 458
66 3 458
15 17 438
17 15 438
8 51 429
51 8 429
59 16 578
16 59 578
73 45 516
45 73 516
27 43 581
43 27 581
78 70 803
70 78 803
62 75 164
75 62 164
6 17 80
17 6 80
59 52 645
52 59 645
38 72 295
72 38 295
69 17 580
17 69 580
66 70 391
70 66 391
7 72 689
72 7 689
50 53 633
53 50 633
21 17 813
17 21 813
31 16 674
16 31 674
13 15 758
15 13 758
31 44 445
44 31 445
28 70 841
70 28 841
48 0 964
0 48 964
77 42 465
42 77 465
9 46 82
46 9 82
74 10 634
10 74 634
45 12 161
12 45 161
33 15 551
15 33 551
15 43 1
43 15 1
11 15 738
15 11 738
13 25 375
25 13 375
26 37 71
37 26 71
69 16 453
16 69 453
60 41 681
41 60 681
42 14 181
14 42 181
49 29 973
29 49 973
10 48 494
48 10 494
75 6 5
6 75 5
8 3 447
3 8 447
12 62 433
62 12 433
47 55 214
55 47 214
7 19 963
19 7 963
67 46 485
46 67 485
44 20 19
20 44 19
33 63 780
63 33 780
77 32 244
32 77 244
53 67 62
67 53 62
57 9 63
9 57 63
55 12 918
12 55 918
34 54 506
54 34 506
18 73 81
73 18 81
2 65 644
65 2 644
36 29 694
29 36 694
72 32 574
32 72 574
24 3 536
3 24 536
62 20 103
20 62 103
5 7 380
7 5 380
40 1 839
1 40 839
6 58 1000
58 6 1000
65 27 770
27 65 770
67 34 959
34 67 959
78 67 239
67 78 239
35 5 262
5 35 262
13 34 998
34 13 998
68 59 271
59 68 271
19 43 614
43 19 614
7 51 942
51 7 942
19 51 55
51 19 55
20 15 964
15 20 964
51 75 888
75 51 888
49 9 434
9 49 434
50 9 165
9 50 165
46 37 238
37 46 238
25 47 293
47 25 293
4 34 641
34 4 641
16 4 104
4 16 104
63 50 998
50 63 998
44 37 921
37 44 921
38 52 770
52 38 770
68 65 398
65 68 398
52 27 135
27 52 135
2 23 976
23 2 976
30 5 727
5 30 727
45 66 70
66 45 70
23 6 197
6 23 197
12 39 827
39 12 827
23 68 805
68 23 805
44 51 156
51 44 156
22 76 347
76 22 347
3 35 437
35 3 437
22 65 124
65 22 124
38 1 729
1 38 729
15 51 629
51 15 629
12 31 715
31 12 715
63 25 895
25 63 895
72 0 67
0 72 67
27 66 212
66 27 212
55 28 364
28 55 364
2 49 304
49 2 304
75 54 347
54 75 347
37 34 352
34 37 352
22 25 916
25 22 916
60 0 549
0 60 549
65 67 84
67 65 84
13 70 724
70 13 724
49 62 539
62 49 539
34 64 870
64 34 870
26 58 580
58 26 580
3 58 395
58 3 395
49 55 181
55 49 181
13 46 463
46 13 463
45 54 517
54 45 517
17 0 901
0 17 901
70 39 629
39 70 629
72 56 668
56 72 668
31 57 496
57 31 496
26 19 434
19 26 434
53 78 750
78 53 750
35 23 497
23 35 497
27 44 601
44 27 601
67 29 642
29 67 642
28 74 797
74 28 797
79 32 64
32 79 64
72 2 840
2 72 840
40 61 827
61 40 827
29 70 906
70 29 906
68 51 919
51 68 919
71 10 375
10 71 375
32 65 12
65 32 12
23 76 208
76 23 208
43 67 212
67 43 212
3 32 309
32 3 309
14 77 241
77 14 241
58 8 652
8 58 652
35 77 246
77 35 246
36 20 3
20 36 3
69 19 202
19 69 202
24 56 143
56 24 143
39 69 139
69 39 139
6 50 461
50 6 461
26 55 464
55 26 464
66 18 782
18 66 782
76 39 914
39 76 914
70 12 331
12 70 331
11 63 924
63 11 924
20 29 290
29 20 290
15 37 446
37 15 446
39 61 559
61 39 559
78 56 359
56 78 359
49 16 792
16 49 792
67 0 967
0 67 967
4 72 435
72 4 435
53 24 819
24 53 819
29 44 551
44 29 551
32 71 120
71 32 120
25 12 268
12 25 268
65 39 52
39 65 52
57 67 612
67 57 612
44 61 256
61 44 256
26 29 937
29 26 937
53 15 166
15 53 166
62 45 943
45 62 943
58 35 152
35 58 152
20 45 779
45 20 779
66 72 618
72 66 618
66 31 785
31 66 785
69 32 29
32 69 29
12 50 89
50 12 89
57 69 504
69 57 504
23 75 227
75 23 227
48 35 402
35 48 402
2 1 547
1 2 547
60 30 539
30 60 539
50 19 546
19 50 546
73 41 829
41 73 829
9 73 95
73 9 95
33 17 708
17 33 708
53 4 946
4 53 946
16 56 823
56 16 823
61 52 603
52 61 603
25 48 249
48 25 249
68 29 313
29 68 313
32 11 472
11 32 472
46 43 293
43 46 293
36 56 480
56 36 480
51 49 348
49 51 348
50 73 544
73 50 544
75 12 64
12 75 64
57 11 670
11 57 670
3 77 606
77 3 606
9 4 702
4 9 702
77 10 38
10 77 38
1 52 358
52 1 358
59 21 525
21 59 525
47 58 616
58 47 616
43 3 31
3 43 31
39 26 121
26 39 121
48 72 807
72 48 807
2 21 781
21 2 781
6 69 678
69 6 678
6 26 229
26 6 229
23 29 839
29 23 839
54 39 580
39 54 580
57 66 468
66 57 468
76 52 489
52 76 489
45 68 167
68 45 167
36 7 702
7 36 702
1 77 386
77 1 386
77 24 778
24 77 778
53 7 112
7 53 112
28 42 107
42 28 107
68 54 965
54 68 965
6 33 959
33 6 959
10 21 537
21 10 537
60 58 578
58 60 578
72 35 284
35 72 284
64 22 337
22 64 337
28 27 129
27 28 129
37 40 485
40 37 485
23 78 153
78 23 153
32 9 681
9 32 681
45 58 460
58 45 460
23 8 681
8 23 681
0 66 280
66 0 280
9 72 868
72 9 868
67 63 200
63 67 200
57 33 251
33 57 251
17 59 852
59 17 852
65 78 969
78 65 969
40 66 249
66 40 249
45 53 820
53 45 820
16 19 643
19 16 643
28 53 896
53 28 896
43 47 789
47 43 789
4 6 708
6 4 708
1 21 188
21 1 188
9 18 730
18 9 730
8 41 963
41 8 963
68 66 317
66 68 317
33 12 886
12 33 886
68 56 511
56 68 511
18 7 777
7 18 777
28 37 517
37 28 517
62 53 134
53 62 134
57 61 660
61 57 660
58 72 130
72 58 130
43 30 945
30 43 945
2 53 632
53 2 632
11 17 553
17 11 553
35 28 322
28 35 322
77 70 780
70 77 780
9 48 804
48 9 804
72 69 586
69 72 586
29 0 118
0 29 118
66 47 15
47 66 15
55 13 905
13 55 905
12 73 87
73 12 87
34 33 318
33 34 318
9 20 841
20 9 841
14 53 827
53 14 827
43 72 35
72 43 35
65 79 618
79 65 618
44 13 24
13 44 24
29 15 875
15 29 875
72 16 358
16 72 358
35 45 404
45 35 404
12 19 908
19 12 908
44 32 865
32 44 865
3 55 12
55 3 12
71 33 253
33 71 253
67 79 304
79 67 304
40 4 713
4 40 713
9 0 225
0 9 225
19 58 304
58 19 304
74 42 832
42 74 832
15 7 716
7 15 716
9 28 999
28 9 999
46 66 280
66 46 280
2 63 661
63 2 661
63 37 944
37 63 944
61 66 793
66 61 793
56 63 869
63 56 869
39 32 628
32 39 628
26 43 771
43 26 771
68 67 32
67 68 32
9 35 514
35 9 514
31 26 302
26 31 302
11 34 316
34 11 316
56 25 976
25 56 976
0 37 485
37 0 485
64 56 231
56 64 231
12 43 232
43 12 232
78 60 605
60 78 605
30 77 236
77 30 236
78 2 472
2 78 472
10 7 700
7 10 700
79 55 133
55 79 133
3 29 498
29 3 498
35 49 208
49 35 208
53 46 381
46 53 381
79 69 198
69 79 198
24 34 690
34 24 690
23 30 275
30 23 275
14 34 0
34 14 0
21 56 740
56 21 740
64 5 943
5 64 943
46 70 962
70 46 962
78 27 694
27 78 694
16 66 855
66 16 855
53 26 313
26 53 313
57 13 489
13 57 489
77 53 781
53 77 781
8 30 283
30 8 283
32 50 664
50 32 664
69 64 716
64 69 716
8 32 914
32 8 914
72 12 261
12 72 261
74 36 762
36 74 762
12 26 590
26 12 590
12 61 636
61 12 636
55 20 837
20 55 837
78 68 388
68 78 388
61 62 168
62 61 168
44 74 99
74 44 99
5 57 634
57 5 634
7 58 343
58 7 343
20 51 504
51 20 504
54 7 150
7 54 150
41 64 822
64 41 822
27 39 699
39 27 699
4 27 604
27 4 604
17 70 856
70 17 856
2 40 480
40 2 480
11 30 719
30 11 719
3 59 123
59 3 123
36 13 810
13 36 810
76 37 876
37 76 876
19 47 99
47 19 99
73 11 546
11 73 546
6 34 470
34 6 470
6 64 26
64 6 26
27 6 201
6 27 201
55 35 87
35 55 87
3 70 940
70 3 940
37 8 96
8 37 96
1 29 578
29 1 578
51 27 25
27 51 25
14 69 436
69 14 436
30 35 488
35 30 488
34 27 279
27 34 279
79 17 320
17 79 320
74 18 904
18 74 904
55 25 219
25 55 219
66 35 695
35 66 695
79 52 148
52 79 148
65 64 236
64 65 236
42 21 47
21 42 47
63 4 876
4 63 876
30 17 845
17 30 845
67 75 626
75 67 626
71 53 235
53 71 235
37 55 894
55 37 894
4 46 975
46 4 975
60 27 947
27 60 947
31 21 117
21 31 117
20 73 222
73 20 222
39 2 603
2 39 603
47 65 659
65 47 659
30 3 727
3 30 727
78 62 95
62 78 95
1 76 162
76 1 162
11 43 991
43 11 991
36 26 157
26 36 157
66 12 87
12 66 87
4 33 823
33 4 823
64 3 425
3 64 425
44 69 998
69 44 998
12 4 302
4 12 302
8 13 915
13 8 915
26 32 208
32 26 208
49 69 805
69 49 805
32 61 553
61 32 553
39 47 132
47 39 132
34 12 132
12 34 132
20 1 150
1 20 150
23 72 312
72 23 312
38 63 104
63 38 104
45 24 575
24 45 575
54 59 168
59 54 168
54 18 892
18 54 892
15 44 859
44 15 859
6 24 612
24 6 612
40 65 107
65 40 107
22 1 563
1 22 563
60 73 10
73 60 10
44 53 276
53 44 276
44 4 695
4 44 695
20 16 205
16 20 205
66 75 392
75 66 392
21 67 70
67 21 70
46 65 889
65 46 889
44 34 365
34 44 365
4 10 581
10 4 581
55 7 651
7 55 651
46 5 175
5 46 175
25 58 82
58 25 82
69 8 310
8 69 310
8 11 209
11 8 209
42 24 314
24 42 314
31 65 964
65 31 964
54 37 515
37 54 515
76 53 348
53 76 348
79 75 652
75 79 652
5 40 226
40 5 226
44 19 458
19 44 458
64 54 244
54 64 244
51 34 280
34 51 280
73 59 341
59 73 341
47 70 479
70 47 479
69 15 877
15 69 877
36 0 424
0 36 424
62 2 280
2 62 280
19 32 100
32 19 100
15 71 346
71 15 346
13 31 686
31 13 686
20 48 249
48 20 249
22 10 193
10 22 193
21 51 774
51 21 774
19 5 677
5 19 677
74 46 672
46 74 672
54 15 167
15 54 167
38 8 686
8 38 686
0 78 476
78 0 476
8 53 282
53 8 282
64 16 714
16 64 714
76 56 317
56 76 317
11 65 581
65 11 581
69 68 986
68 69 986
9 62 704
62 9 704
52 13 858
13 52 858
67 56 182
56 67 182
60 61 863
61 60 863
48 62 492
62 48 492
40 79 795
79 40 795
78 21 683
21 78 683
66 48 20
48 66 20
19 71 583
71 19 583
7 25 391
25 7 391
5 15 81
15 5 81
57 7 22
7 57 22
79 13 842
13 79 842
69 41 438
41 69 438
33 21 831
21 33 831
36 58 823
58 36 823
26 8 243
8 26 243
46 41 99
41 46 99
74 5 283
5 74 283
68 28 67
28 68 67
58 44 667
44 58 667
70 1 174
1 70 174
33 59 612
59 33 612
65 6 847
6 65 847
78 31 742
31 78 742
12 47 313
47 12 313
28 52 163
52 28 163
27 48 595
48 27 595
22 12 542
12 22 542
37 52 582
52 37 582
11 72 852
72 11 852
24 58 840
58 24 840
22 77 627
77 22 627
61 51 656
51 61 656
72 52 679
52 72 679
76 66 414
66 76 414
61 76 512
76 61 512
53 43 487
43 53 487
42 78 332
78 42 332
39 35 495
35 39 495
58 34 847
34 58 847
20 6 909
6 20 909
19 45 34
45 19 34
3 33 86
33 3 86
24 67 754
67 24 754
64 0 798
0 64 798
74 24 474
24 74 474
77 2 255
2 77 255
41 70 907
70 41 907
4 8 844
8 4 844
10 43 128
43 10 128
30 49 515
49 30 515
62 29 593
29 62 593
51 22 397
22 51 397
2 9 418
9 2 418
28 60 730
60 28 730
59 27 957
27 59 957
62 41 414
41 62 414
5 66 172
66 5 172
17 55 40
55 17 40
71 28 692
28 71 692
74 26 3
26 74 3
71 42 553
42 71 553
1 18 474
18 1 474
12 16 467
16 12 467
35 34 85
34 35 85
28 43 685
43 28 685
49 61 791
61 49 791
19 27 342
27 19 342
26 48 401
48 26 401
25 45 236
45 25 236
40 70 496
70 40 496
67 59 316
59 67 316
44 22 93
22 44 93
70 34 79
34 70 79
31 56 760
56 31 760
35 67 276
67 35 276
34 0 579
0 34 579
50 72 168
72 50 168
75 63 851
63 75 851
10 41 221
41 10 221
19 53 142
53 19 142
14 57 481
57 14 481
50 54 147
54 50 147
28 50 719
50 28 719
62 17 937
17 62 937
67 33 877
33 67 877
6 78 448
78 6 448
18 16 911
16 18 911
21 23 276
23 21 276
35 71 349
71 35 349
23 65 197
65 23 197
42 70 868
70 42 868
28 21 485
21 28 485
3 62 865
62 3 865
38 19 177
19 38 177
71 50 111
50 71 111
74 35 720
35 74 720
55 4 243
4 55 243
33 65 727
65 33 727
36 18 352
18 36 352
62 56 387
56 62 387
35 59 662
59 35 662
29 14 349
14 29 349
10 56 865
56 10 865
14 33 217
33 14 217
77 67 348
67 77 348
4 49 157
49 4 157
51 55 249
55 51 249
30 58 397
58 30 397
27 10 703
10 27 703
26 47 693
47 26 693
69 46 801
46 69 801
45 14 538
14 45 538
62 4 197
4 62 197
75 32 922
32 75 922
72 49 601
49 72 601
69 67 546
67 69 546
13 42 353
42 13 353
72 41 609
41 72 609
51 9 213
9 51 213
11 76 260
76 11 260
46 49 955
49 46 955
70 18 41
18 70 41
9 55 670
55 9 670
78 48 943
48 78 943
26 1 206
1 26 206
12 18 352
18 12 352
42 55 347
55 42 347
41 16 93
16 41 93
19 21 144
21 19 144
30 7 198
7 30 198
0 53 260
53 0 260
63 66 566
66 63 566
36 6 496
6 36 496
64 78 215
78 64 215
22 20 721
20 22 721
65 42 412
42 65 412
78 43 957
43 78 957
65 55 754
55 65 754
50 41 594
41 50 594
36 40 859
40 36 859
23 63 576
63 23 576
65 10 108
10 65 108
64 32 759
32 64 759
46 58 528
58 46 528
6 21 662
21 6 662
48 61 481
61 48 481
6 52 40
52 6 40
33 0 773
0 33 773
26 75 636
75 26 636
78 9 89
9 78 89
59 22 255
22 59 255
50 58 416
58 50 416
23 69 10
69 23 10
54 27 527
27 54 527
79 24 790
24 79 790
21 75 22
75 21 22
41 20 976
20 41 976
25 79 897
79 25 897
9 43 750
43 9 750
19 60 352
60 19 352
21 62 608
62 21 608
49 56 348
56 49 348
52 40 703
40 52 703
30 42 5
42 30 5
63 9 502
9 63 502
79 42 404
42 79 404
23 37 0
37 23 0
46 61 945
61 46 945
71 65 795
65 71 795
3 51 968
51 3 968
46 11 37
11 46 37
10 8 274
8 10 274
2 30 868
30 2 868
69 38 429
38 69 429
72 21 926
21 72 926
61 15 199
15 61 199
48 19 352
19 48 352
44 2 645
2 44 645
69 20 980
20 69 980
76 3 254
3 76 254
67 58 606
58 67 606
26 10 146
10 26 146
36 51 961
51 36 961
24 26 949
26 24 949
21 43 358
43 21 358
49 65 880
65 49 880
79 56 391
56 79 391
17 77 447
77 17 447
67 60 88
60 67 88
28 40 927
40 28 927
61 27 323
27 61 323
14 70 537
70 14 537
72 24 237
24 72 237
24 19 527
19 24 527
23 49 667
49 23 667
61 50 814
50 61 814
15 56 757
56 15 757
34 2 186
2 34 186
31 25 962
25 31 962
27 53 324
53 27 324
47 34 101
34 47 101
35 17 790
17 35 790
64 62 902
62 64 902
47 46 426
46 47 426
63 27 905
27 63 905
3 68 4
68 3 4
11 22 573
22 11 573
67 25 826
25 67 826
26 13 535
13 26 535
71 63 721
63 71 721
46 28 75
28 46 75
45 38 332
38 45 332
30 40 186
40 30 186
30 52 319
52 30 319
46 1 959
1 46 959
76 47 358
47 76 358
54 4 517
4 54 517
62 38 926
38 62 926
51 62 315
62 51 315
33 38 247
38 33 247
41 37 103
37 41 103
59 25 728
25 59 728
76 75 603
75 76 603
51 18 937
18 51 937
53 9 504
9 53 504
19 56 222
56 19 222
38 48 383
48 38 383
52 56 297
56 52 297
39 58 297
58 39 297
49 11 801
11 49 801
26 73 161
73 26 161
67 40 604
40 67 604
62 55 739
55 62 739
18 53 309
53 18 309
34 36 147
36 34 147
59 28 494
28 59 494
7 40 419
40 7 419
17 8 62
8 17 62
23 9 474
9 23 474
66 4 996
4 66 996
10 64 153
64 10 153
53 20 550
20 53 550
38 56 332
56 38 332
20 28 808
28 20 808
69 50 994
50 69 994
12 9 247
9 12 247
70 27 60
27 70 60
53 22 463
22 53 463
27 8 663
8 27 663
58 63 777
63 58 777
74 20 273
20 74 273
23 26 401
26 23 401
6 44 268
44 6 268
49 13 7
13 49 7
47 11 10
11 47 10
51 12 281
12 51 281
74 19 207
19 74 207
46 68 417
68 46 417
23 50 658
50 23 658
37 18 872
18 37 872
18 76 259
76 18 259
68 73 937
73 68 937
56 48 627
48 56 627
21 71 884
71 21 884
42 35 695
35 42 695
54 62 375
62 54 375
28 76 817
76 28 817
68 42 588
42 68 588
25 74 869
74 25 869
70 2 494
2 70 494
43 51 930
51 43 930
56 8 533
8 56 533
15 36 665
36 15 665
40 45 671
45 40 671
34 42 672
42 34 672
67 62 371
62 67 371
29 43 634
43 29 634
34 75 289
75 34 289
55 58 331
58 55 331
59 36 777
36 59 777
50 14 737
14 50 737
18 8 693
8 18 693
50 38 249
38 50 249
9 7 579
7 9 579
33 10 71
10 33 71
56 1 515
1 56 515
6 77 613
77 6 613
49 76 863
76 49 863
17 1 959
1 17 959
71 7 371
7 71 371
42 41 106
41 42 106
41 2 221
2 41 221
37 14 875
14 37 875
76 27 194
27 76 194
71 27 228
27 71 228
15 38 818
38 15 818
71 68 6
68 71 6
7 74 20
74 7 20
5 48 782
48 5 782
60 29 347
29 60 347
50 43 495
43 50 495
76 32 820
32 76 820
66 24 344
24 66 344
43 61 994
61 43 994
63 6 357
6 63 357
14 62 374
62 14 374
51 14 969
14 51 969
75 9 548
9 75 548
9 1 67
1 9 67
29 64 575
64 29 575
39 9 805
9 39 805
41 58 847
58 41 847
46 18 540
18 46 540
0 75 250
75 0 250
29 28 391
28 29 391
11 18 235
18 11 235
3 41 253
41 3 253
35 14 824
14 35 824
59 57 366
57 59 366
3 0 104
0 3 104
63 8 107
8 63 107
69 40 617
40 69 617
64 45 141
45 64 141
77 36 950
36 77 950
47 10 503
10 47 503
4 17 350
17 4 350
75 8 721
8 75 721
48 11 601
11 48 601
67 52 19
52 67 19
45 5 661
5 45 661
4 67 425
67 4 425
14 1 457
1 14 457
47 54 275
54 47 275
77 15 360
15 77 360
45 32 505
32 45 505
6 73 334
73 6 334
75 24 547
24 75 547
27 68 436
68 27 436
75 74 592
74 75 592
20 50 193
50 20 193
47 6 70
6 47 70
38 39 606
39 38 606
35 56 138
56 35 138
39 60 43
60 39 43
39 28 255
28 39 255
5 63 5
63 5 5
36 61 25
61 36 25
64 28 798
28 64 798
14 11 43
11 14 43
65 69 301
69 65 301
58 22 564
22 58 564
75 46 31
46 75 31
19 10 451
10 19 451
61 47 857
47 61 857
54 69 5
69 54 5
59 37 867
37 59 867
42 67 916
67 42 916
78 57 495
57 78 495
26 63 577
63 26 577
58 21 826
21 58 826
68 25 49
25 68 49
55 34 435
34 55 435
44 35 4
35 44 4
8 43 212
43 8 212
11 21 843
21 11 843
47 37 417
37 47 417
64 23 591
23 64 591
46 27 75
27 46 75
2 31 728
31 2 728
56 51 480
51 56 480
67 70 73
70 67 73
64 68 229
68 64 229
61 42 124
42 61 124
9 14 827
14 9 827
60 21 755
21 60 755
58 71 325
71 58 325
43 2 482
2 43 482
34 5 254
5 34 254
46 3 993
3 46 993
53 25 846
25 53 846
25 72 799
72 25 799
34 52 281
52 34 281
15 42 574
42 15 574
19 25 632
25 19 632
0 23 681
23 0 681
9 21 857
21 9 857
34 8 648
8 34 648
17 57 765
57 17 765
77 54 79
54 77 79
60 50 667
50 60 667
55 57 135
57 55 135
57 23 493
23 57 493
48 52 323
52 48 323
38 32 113
32 38 113
28 61 40
61 28 40
70 75 431
75 70 431
21 30 225
30 21 225
58 43 100
43 58 100
19 23 617
23 19 617
21 52 340
52 21 340
18 27 194
27 18 194
31 69 241
69 31 241
77 7 104
7 77 104
76 50 282
50 76 282
44 49 760
49 44 760
36 2 476
2 36 476
77 78 127
78 77 127
17 34 197
34 17 197
1 10 10
10 1 10
11 71 112
71 11 112
1 4 547
4 1 547
59 48 245
48 59 245
30 45 671
45 30 671
30 31 180
31 30 180
33 31 289
31 33 289
22 52 327
52 22 327
69 11 425
11 69 425
61 0 407
0 61 407
62 5 328
5 62 328
42 9 629
9 42 629
58 68 403
68 58 403
62 69 102
69 62 102
30 75 65
75 30 65
54 48 23
48 54 23
9 66 243
66 9 243
5 20 85
20 5 85
53 16 893
16 53 893
52 44 7
44 52 7
28 65 343
65 28 343
69 58 427
58 69 427
79 0 610
0 79 610
9 44 49
44 9 49
68 2 929
2 68 929
74 37 107
37 74 107
67 48 90
48 67 90
66 78 821
78 66 821
62 47 620
47 62 620
20 37 312
37 20 312
78 1 277
1 78 277
19 11 193
11 19 193
37 27 261
27 37 261
58 37 630
37 58 630
41 71 187
71 41 187
13 56 863
56 13 863
59 13 130
13 59 130
3 21 747
21 3 747
56 75 140
75 56 140
43 20 522
20 43 522
65 5 74
5 65 74
68 12 453
12 68 453
35 52 175
52 35 175
45 50 865
50 45 865
6 0 21
0 6 21
59 66 835
66 59 835
39 41 962
41 39 962
77 47 157
47 77 157
30 36 922
36 30 922
5 18 801
18 5 801
39 62 768
62 39 768
40 18 578
18 40 578
42 0 756
0 42 756
45 4 370
4 45 370
27 17 751
17 27 751
72 55 503
55 72 503
29 19 743
19 29 743
8 47 469
47 8 469
5 13 407
13 5 407
11 58 227
58 11 227
44 54 225
54 44 225
0 8 344
8 0 344
36 5 86
5 36 86
61 29 88
29 61 88
4 48 102
48 4 102
61 35 798
35 61 798
68 53 188
53 68 188
52 55 816
55 52 816
30 57 450
57 30 450
5 10 825
10 5 825
43 35 565
35 43 565
27 33 174
33 27 174
0 54 837
54 0 837
8 67 508
67 8 508
0 50 516
50 0 516
21 79 95
79 21 95
77 8 464
8 77 464
14 13 50
13 14 50
56 41 875
41 56 875
33 62 420
62 33 420
78 15 145
15 78 145
60 1 98
1 60 98
48 13 133
13 48 133
73 19 573
19 73 573
34 16 355
16 34 355
56 0 213
0 56 213
10 34 439
34 10 439
25 39 858
39 25 858
17 37 215
37 17 215
45 8 237
8 45 237
13 27 30
27 13 30
25 2 463
2 25 463
38 31 887
31 38 887
4 2 511
2 4 511
30 73 868
73 30 868
11 42 74
42 11 74
40 34 567
34 40 567
21 50 975
50 21 975
34 9 734
9 34 734
36 65 938
65 36 938
4 51 677
51 4 677
76 16 556
16 76 556
46 52 790
52 46 790
4 20 986
20 4 986
24 40 787
40 24 787
66 42 84
42 66 84
35 40 685
40 35 685
10 18 788
18 10 788
77 55 995
55 77 995
62 18 92
18 62 92
39 22 921
22 39 921
21 63 866
63 21 866
55 5 117
5 55 117
9 22 256
22 9 256
18 56 311
56 18 311
58 73 798
73 58 798
77 0 577
0 77 577
39 66 271
66 39 271
66 22 253
22 66 253
67 18 219
18 67 219
20 13 443
13 20 443
35 29 391
29 35 391
79 44 637
44 79 637
54 3 575
3 54 575
2 11 857
11 2 857
40 54 761
54 40 761
38 9 619
9 38 619
19 57 419
57 19 419
71 37 900
37 71 900
18 6 338
6 18 338
79 16 457
16 79 457
25 15 190
15 25 190
45 74 494
74 45 494
46 0 162
0 46 162
62 27 460
27 62 460
0 44 406
44 0 406
20 71 921
71 20 921
23 70 447
70 23 447
30 37 310
37 30 310
41 29 411
29 41 411
30 62 627
62 30 627
36 79 339
79 36 339
13 2 131
2 13 131
71 73 826
73 71 826
71 2 25
2 71 25
68 4 720
4 68 720
29 51 769
51 29 769
4 22 812
22 4 812
42 73 422
73 42 422
2 3 977
3 2 977
2 32 560
32 2 560
24 61 402
61 24 402
73 55 860
55 73 860
45 71 637
71 45 637
29 54 849
54 29 849
68 5 244
5 68 244
77 33 857
33 77 857
20 65 114
65 20 114
78 33 473
33 78 473
27 35 620
35 27 620
51 1 127
1 51 127
40 6 285
6 40 285
0 52 215
52 0 215
11 75 872
75 11 872
31 67 257
67 31 257
6 16 959
16 6 959
5 14 858
14 5 858
10 16 674
16 10 674
22 42 565
42 22 565
79 28 530
28 79 530
32 67 596
67 32 596
73 28 877
28 73 877
33 69 226
69 33 226
0 35 289
35 0 289
73 54 541
54 73 541
70 37 938
37 70 938
11 4 344
4 11 344
58 79 785
79 58 785
65 52 773
52 65 773
51 54 40
54 51 40
23 25 167
25 23 167
27 56 555
56 27 555
15 14 948
14 15 948
69 73 239
73 69 239
7 49 71
49 7 71
37 61 251
61 37 251
66 74 108
74 66 108
13 76 848
76 13 848
47 42 717
42 47 717
20 40 24
40 20 24
77 23 906
23 77 906
11 3 371
3 11 371
67 10 28
10 67 28
41 6 544
6 41 544
7 13 822
13 7 822
36 8 445
8 36 445
18 23 667
23 18 667
72 76 943
76 72 943
48 43 584
43 48 584
8 6 180
6 8 180
14 25 195
25 14 195
34 43 806
43 34 806
19 22 656
22 19 656
13 0 308
0 13 308
48 45 817
45 48 817
64 15 405
15 64 405
62 1 670
1 62 670
61 13 940
13 61 940
55 75 52
75 55 52
5 9 597
9 5 597
14 73 632
73 14 632
1 58 453
58 1 453
16 25 587
25 16 587
3 34 743
34 3 743
38 4 659
4 38 659
40 49 579
49 40 579
75 48 10
48 75 10
40 56 619
56 40 619
27 5 409
5 27 409
7 52 923
52 7 923
51 13 267
13 51 267
50 48 19
48 50 19
45 3 590
3 45 590
65 56 133
56 65 133
67 26 329
26 67 329
74 70 361
70 74 361
33 42 762
42 33 762
68 13 739
13 68 739
53 35 489
35 53 489
9 74 978
74 9 978
9 11 6
11 9 6
76 36 252
36 76 252
72 29 664
29 72 664
35 10 773
10 35 773
79 22 947
22 79 947
70 56 551
56 70 551
20 34 359
34 20 359
56 29 679
29 56 679
54 23 839
23 54 839
22 70 30
70 22 30
57 47 946
47 57 946
7 47 971
47 7 971
2 29 207
29 2 207
4 13 228
13 4 228
11 24 100
24 11 100
48 12 397
12 48 397
12 10 789
10 12 789
61 25 853
25 61 853
10 14 949
14 10 949
68 63 154
63 68 154
25 37 142
37 25 142
79 62 265
62 79 265
50 33 163
33 50 163
22 60 901
60 22 901
15 73 52
73 15 52
2 37 777
37 2 777
38 37 993
37 38 993
50 18 851
18 50 851
57 16 296
16 57 296
41 5 840
5 41 840
34 65 426
65 34 426
12 49 232
49 12 232
61 77 337
77 61 337
66 10 316
10 66 316
15 58 912
58 15 912
54 76 299
76 54 299
40 3 72
3 40 72
53 58 781
58 53 781
74 73 666
73 74 666
32 1 61
1 32 61
61 55 791
55 61 791
55 32 176
32 55 176
72 31 714
31 72 714
56 50 551
50 56 551
14 72 759
72 14 759
1 74 447
74 1 447
78 18 941
18 78 941
54 24 459
24 54 459
68 50 299
50 68 299
74 34 133
34 74 133
55 76 856
76 55 856
74 48 875
48 74 875
48 29 107
29 48 107
38 20 574
20 38 574
0 71 467
71 0 467
6 54 5
54 6 5
48 24 742
24 48 742
79 43 101
43 79 101
67 47 553
47 67 553
21 4 699
4 21 699
19 0 49
0 19 49
48 33 747
33 48 747
41 43 628
43 41 628
65 51 293
51 65 293
54 70 121
70 54 121
48 65 63
65 48 63
38 29 749
29 38 749
25 1 838
1 25 838
76 12 727
12 76 727
3 57 803
57 3 803
76 42 687
42 76 687
32 52 724
52 32 724
49 18 643
18 49 643
26 35 296
35 26 296
8 42 95
42 8 95
38 22 448
22 38 448
2 61 782
61 2 782
70 7 156
7 70 156
68 1 330
1 68 330
57 60 685
60 57 685
15 4 556
4 15 556
0 28 946
28 0 946
55 24 102
24 55 102
16 47 92
47 16 92
1 47 824
47 1 824
57 72 217
72 57 217
20 8 71
8 20 71
51 52 972
52 51 972
54 79 737
79 54 737
52 8 711
8 52 711
39 72 742
72 39 742
56 12 25
12 56 25
3 65 912
65 3 912
65 57 251
57 65 251
50 11 64
11 50 64
24 13 118
13 24 118
15 10 195
10 15 195
2 20 955
20 2 955
23 71 933
71 23 933
70 21 275
21 70 275
33 19 956
19 33 956
18 4 892
4 18 892
13 32 743
32 13 743
40 39 122
39 40 122
50 13 882
13 50 882
11 6 130
6 11 130
60 75 273
75 60 273
30 32 786
32 30 786
17 16 431
16 17 431
2 69 727
69 2 727
46 23 437
23 46 437
58 23 851
23 58 851
49 75 696
75 49 696
28 19 535
19 28 535
75 39 508
39 75 508
33 9 388
9 33 388
46 40 633
40 46 633
5 77 227
77 5 227
69 0 771
0 69 771
63 45 319
45 63 319
48 8 361
8 48 361
21 8 777
8 21 777
43 75 630
75 43 630
46 73 726
73 46 726
62 0 507
0 62 507
54 9 376
9 54 376
71 22 582
22 71 582
77 56 523
56 77 523
73 48 997
48 73 997
28 72 933
72 28 933
61 63 384
63 61 384
16 39 362
39 16 362
24 36 810
36 24 810
17 63 995
63 17 995
54 43 527
43 54 527
31 28 738
28 31 738
11 70 163
70 11 163
75 22 632
22 75 632
23 51 910
51 23 910
18 77 308
77 18 308
35 70 336
70 35 336
49 10 566
10 49 566
18 22 15
22 18 15
79 10 489
10 79 489
25 24 319
24 25 319
6 43 642
43 6 642
73 29 638
29 73 638
75 40 609
40 75 609
43 4 351
4 43 351
6 32 583
32 6 583
46 45 190
45 46 190
5 29 463
29 5 463
46 63 346
63 46 346
48 40 714
40 48 714
6 72 193
72 6 193
36 73 272
73 36 272
65 15 972
15 65 972
49 27 68
27 49 68
6 76 297
76 6 297
18 42 1
42 18 1
12 0 809
0 12 809
39 63 449
63 39 449
45 21 352
21 45 352
61 26 330
26 61 330
76 63 559
63 76 559
65 63 291
63 65 291
51 25 244
25 51 244
38 53 128
53 38 128
55 14 841
14 55 841
38 24 890
24 38 890
13 1 26
1 13 26
12 52 681
52 12 681
17 25 828
25 17 828
71 70 492
70 71 492
53 79 390
79 53 390
41 27 491
27 41 491
60 13 271
13 60 271
26 3 762
3 26 762
40 60 402
60 40 402
57 42 369
42 57 369
29 22 231
22 29 231
27 21 499
21 27 499
25 75 523
75 25 523
14 71 912
71 14 912
13 73 553
73 13 553
10 24 16
24 10 16
49 33 113
33 49 113
14 63 501
63 14 501
31 5 733
5 31 733
3 50 244
50 3 244
37 66 608
66 37 608
40 32 502
32 40 502
73 4 936
4 73 936
32 53 889
53 32 889
63 15 896
15 63 896
58 4 542
4 58 542
47 63 316
63 47 316
6 2 167
2 6 167
73 43 689
43 73 689
75 1 860
1 75 860
46 56 260
56 46 260
56 20 696
20 56 696
25 62 578
62 25 578
15 45 464
45 15 464
13 38 86
38 13 86
49 74 88
74 49 88
43 24 706
24 43 706
27 38 82
38 27 82
40 72 382
72 40 382
32 23 37
23 32 37
69 29 34
29 69 34
47 38 574
38 47 574
61 53 894
53 61 894
58 48 82
48 58 82
57 62 776
62 57 776
0 22 88
22 0 88
63 0 212
0 63 212
57 29 928
29 57 928
23 62 443
62 23 443
4 75 126
75 4 126
13 39 339
39 13 339
4 0 167
0 4 167
45 23 434
23 45 434
20 72 932
72 20 932
79 71 780
71 79 780
79 12 78
12 79 78
16 70 200
70 16 200
52 62 413
62 52 413
27 22 144
22 27 144
38 75 306
75 38 306
37 21 309
21 37 309
22 62 97
62 22 97
22 32 987
32 22 987
1 6 25
6 1 25
21 34 35
34 21 35
31 24 994
24 31 994
32 5 20
5 32 20
45 43 749
43 45 749
47 71 136
71 47 136
3 1 589
1 3 589
21 39 81
39 21 81
74 0 9
0 74 9
34 19 746
19 34 746
34 25 777
25 34 777
32 42 508
42 32 508
11 52 599
52 11 599
32 12 261
12 32 261
51 63 895
63 51 895
24 14 134
14 24 134
26 22 515
22 26 515
23 22 721
22 23 721
3 12 383
12 3 383
5 43 16
43 5 16
0 51 935
51 0 935
32 51 612
51 32 612
34 32 265
32 34 265
43 33 726
33 43 726
75 42 993
42 75 993
2 15 683
15 2 683
43 42 956
42 43 956
57 63 975
63 57 975
6 29 754
29 6 754
1 50 75
50 1 75
73 37 133
37 73 133
71 52 890
52 71 890
73 63 149
63 73 149
21 12 603
12 21 603
45 0 857
0 45 857
51 76 963
76 51 963
43 1 938
1 43 938
29 58 870
58 29 870
35 25 718
25 35 718
75 5 462
5 75 462
8 12 613
12 8 613
41 32 317
32 41 317
71 24 106
24 71 106
29 66 615
66 29 615
63 70 177
70 63 177
41 47 162
47 41 162
51 39 232
39 51 232
6 45 549
45 6 549
8 39 29
39 8 29
49 26 443
26 49 443
42 19 713
19 42 713
24 37 597
37 24 597
1 66 153
66 1 153
55 63 823
63 55 823
10 63 603
63 10 603
5 70 72
70 5 72
26 9 213
9 26 213
10 51 164
51 10 164
22 15 30
15 22 30
22 43 6
43 22 6
15 52 595
52 15 595
66 25 793
25 66 793
22 6 917
6 22 917
29 37 934
37 29 934
52 49 680
49 52 680
63 43 795
43 63 795
37 12 918
12 37 918
9 37 597
37 9 597
42 52 911
52 42 911
47 53 854
53 47 854
1 24 140
24 1 140
12 35 966
35 12 966
72 1 42
1 72 42
49 73 126
73 49 126
1 34 68
34 1 68
34 26 94
26 34 94
65 53 811
53 65 811
47 5 438
5 47 438
42 37 152
37 42 152
79 63 316
63 79 316
53 1 993
1 53 993
51 70 995
70 51 995
37 4 434
4 37 434
51 73 484
73 51 484
47 52 485
52 47 485
21 7 827
7 21 827
52 24 716
24 52 716
0 73 555
73 0 555
32 70 663
70 32 663
39 52 111
52 39 111
52 10 733
10 52 733
7 0 621
0 7 621
53 5 963
5 53 963