777 394 41
394 777 41
265 777 414
777 265 414
805 777 991
777 805 991
490 265 597
265 490 597
223 490 142
490 223 142
290 777 773
777 290 773
97 490 818
490 97 818
258 265 317
265 258 317
102 777 920
777 102 920
708 223 483
223 708 483
581 777 362
777 581 362
451 223 625
223 451 625
665 805 989
805 665 989
574 97 453
97 574 453
542 490 63
490 542 63
571 394 95
394 571 95
751 451 727
451 751 727
821 394 626
394 821 626
514 708 249
708 514 249
764 708 720
708 764 720
64 290 939
290 64 939
596 97 244
97 596 244
148 751 458
751 148 458
94 265 327
265 94 327
533 542 111
542 533 111
317 751 298
751 317 298
745 805 560
805 745 560
350 317 944
317 350 944
570 290 986
290 570 986
639 751 601
751 639 601
303 574 93
574 303 93
633 94 324
94 633 324
612 542 297
542 612 297
193 451 841
451 193 841
197 265 627
265 197 627
701 571 487
571 701 487
71 223 695
223 71 695
812 258 897
258 812 897
159 265 862
265 159 862
84 193 699
193 84 699
418 612 282
612 418 282
558 542 869
542 558 869
231 71 845
71 231 845
449 71 281
71 449 281
483 303 676
303 483 676
693 449 938
449 693 938
383 223 332
223 383 332
664 97 498
97 664 498
637 84 343
84 637 343
204 542 16
542 204 16
797 751 119
751 797 119
769 574 380
574 769 380
182 64 436
64 182 436
63 290 801
290 63 801
157 63 714
63 157 714
240 265 836
265 240 836
627 84 931
84 627 931
585 812 696
812 585 696
78 777 127
777 78 127
699 451 620
451 699 620
632 97 400
97 632 400
100 148 853
148 100 853
127 265 620
265 127 620
22 94 984
94 22 984
207 542 490
542 207 490
236 97 959
97 236 959
755 265 557
265 755 557
469 451 855
451 469 855
292 258 226
258 292 226
77 812 358
812 77 358
484 148 62
148 484 62
559 78 40
78 559 40
669 451 716
451 669 716
434 533 266
533 434 266
400 699 858
699 400 858
642 64 714
64 642 714
758 317 989
317 758 989
60 764 865
764 60 865
181 231 542
231 181 542
284 542 611
542 284 611
497 596 13
596 497 13
529 769 921
769 529 921
647 207 939
207 647 939
352 647 365
647 352 365
437 352 256
352 437 256
173 484 707
484 173 707
12 585 759
585 12 759
89 558 756
558 89 756
48 292 287
292 48 287
155 639 780
639 155 780
550 483 624
483 550 624
332 173 367
173 332 367
682 497 874
497 682 874
718 571 732
571 718 732
358 637 766
637 358 766
475 647 82
647 475 82
1 642 196
642 1 196
811 558 163
558 811 163
279 350 652
350 279 652
517 664 727
664 517 727
785 559 895
559 785 895
478 490 411
490 478 411
820 559 428
559 820 428
774 155 47
155 774 47
194 627 65
627 194 65
305 48 161
48 305 161
520 755 906
755 520 906
568 484 618
484 568 618
0 490 506
490 0 506
380 159 857
159 380 857
547 290 828
290 547 828
486 94 561
94 486 561
747 708 857
708 747 857
152 777 411
777 152 411
804 182 323
182 804 323
5 745 14
745 5 14
4 194 691
194 4 691
626 60 100
60 626 100
229 542 622
542 229 622
775 533 894
533 775 894
360 197 705
197 360 705
219 451 487
451 219 487
468 284 83
284 468 83
28 197 935
197 28 935
540 478 811
478 540 811
139 380 262
380 139 262
163 647 533
647 163 533
787 89 117
89 787 117
189 484 871
484 189 871
25 708 41
708 25 41
254 236 571
236 254 571
382 682 960
682 382 960
690 708 866
708 690 866
737 139 729
139 737 729
786 4 655
4 786 655
526 358 892
358 526 892
656 483 212
483 656 212
453 434 9
434 453 9
170 812 277
812 170 277
406 173 808
173 406 808
445 148 346
148 445 346
762 102 42
102 762 42
331 418 153
418 331 153
719 434 369
434 719 369
482 406 132
406 482 132
361 570 489
570 361 489
297 451 315
451 297 315
224 690 746
690 224 746
88 758 412
758 88 412
407 642 424
642 407 424
134 533 574
533 134 574
601 360 345
360 601 345
425 303 490
303 425 490
143 163 436
163 143 436
46 758 343
758 46 343
200 558 641
558 200 641
711 475 825
475 711 825
808 596 67
596 808 67
109 204 767
204 109 767
282 542 394
542 282 394
13 533 403
533 13 403
704 382 296
382 704 296
569 540 807
540 569 807
740 157 433
157 740 433
110 718 225
718 110 225
335 88 795
88 335 795
217 380 196
380 217 196
457 570 65
570 457 65
37 737 462
737 37 462
264 639 509
639 264 509
510 207 212
207 510 212
828 708 970
708 828 970
283 109 149
109 283 149
136 204 469
204 136 469
491 332 559
332 491 559
201 317 610
317 201 610
631 71 577
71 631 577
527 569 696
569 527 696
552 690 507
690 552 507
417 163 510
163 417 510
268 453 624
453 268 624
293 265 348
265 293 348
414 529 36
529 414 36
687 71 895
71 687 895
340 143 802
143 340 802
209 1 596
1 209 596
388 414 723
414 388 723
620 571 819
571 620 819
113 382 889
382 113 889
52 571 230
571 52 230
175 708 307
708 175 307
21 152 338
152 21 338
221 812 889
812 221 889
615 358 517
358 615 517
511 786 514
786 511 514
45 361 92
361 45 92
695 615 614
615 695 614
106 175 436
175 106 436
286 434 548
434 286 548
806 305 845
305 806 845
652 279 622
279 652 622
792 78 871
78 792 871
30 457 906
457 30 906
2 113 186
113 2 186
411 189 583
189 411 583
349 437 67
437 349 67
673 755 965
755 673 965
415 695 417
695 415 417
525 673 392
673 525 392
87 418 656
418 87 656
179 632 293
632 179 293
460 574 964
574 460 964
53 468 427
468 53 427
203 540 911
540 203 911
119 828 715
828 119 715
222 673 361
673 222 361
577 102 626
102 577 626
650 811 469
811 650 469
69 533 482
533 69 482
226 223 33
223 226 33
191 13 331
13 191 331
151 552 562
552 151 562
489 637 392
637 489 392
689 350 902
350 689 902
90 200 717
200 90 717
660 711 647
711 660 647
476 335 127
335 476 127
422 652 869
652 422 869
187 279 818
279 187 818
420 52 893
52 420 893
178 382 881
382 178 881
280 102 800
102 280 800
564 747 380
747 564 380
287 5 365
5 287 365
115 581 923
581 115 923
58 28 261
28 58 261
40 690 682
690 40 682
817 361 896
361 817 896
324 585 95
585 324 95
726 527 536
527 726 536
609 189 312
189 609 312
171 71 436
71 171 436
819 568 945
568 819 945
129 324 107
324 129 107
606 571 101
571 606 101
607 106 159
106 607 159
47 792 457
792 47 457
634 491 427
491 634 427
44 163 941
163 44 941
479 687 258
687 479 258
124 155 72
155 124 72
195 550 708
550 195 708
49 89 356
89 49 356
278 265 850
265 278 850
355 525 374
525 355 374
116 669 212
669 116 212
8 774 674
774 8 674
206 805 300
805 206 300
556 451 955
451 556 955
364 559 191
559 364 191
683 627 488
627 683 488
522 382 133
382 522 133
43 305 370
305 43 370
509 171 983
171 509 983
446 134 959
134 446 959
501 718 607
718 501 607
133 769 546
769 133 546
471 284 385
284 471 385
246 22 823
22 246 823
353 13 520
13 353 520
379 360 772
360 379 772
302 88 381
88 302 381
651 148 881
148 651 881
227 708 403
708 227 403
130 71 135
71 130 135
657 425 563
425 657 563
649 559 605
559 649 605
662 601 652
601 662 652
557 231 254
231 557 254
698 113 652
113 698 652
818 570 385
570 818 385
640 490 427
490 640 427
504 90 208
90 504 208
587 407 975
407 587 975
738 693 973
693 738 973
308 157 283
157 308 283
186 738 620
738 186 620
259 422 950
422 259 950
629 718 786
718 629 786
674 191 178
191 674 178
396 280 348
280 396 348
826 559 363
559 826 363
734 449 494
449 734 494
334 407 1
407 334 1
720 58 7
58 720 7
357 601 117
601 357 117
481 557 623
557 481 623
262 577 723
577 262 723
756 383 694
383 756 694
795 626 556
626 795 556
655 331 647
331 655 647
35 632 276
632 35 276
72 394 262
394 72 262
644 246 911
246 644 911
641 476 104
476 641 104
410 268 290
268 410 290
327 644 87
644 327 87
65 701 811
701 65 811
431 200 546
200 431 546
560 699 542
699 560 542
409 647 69
647 409 69
686 224 289
224 686 289
238 734 535
734 238 535
354 302 107
302 354 107
684 662 413
662 684 413
461 88 452
88 461 452
613 674 643
674 613 643
244 284 126
284 244 126
582 632 390
632 582 390
341 35 479
35 341 479
122 308 684
308 122 684
263 268 647
268 263 647
399 460 223
460 399 223
403 479 711
479 403 711
428 704 504
704 428 504
551 639 454
639 551 454
266 669 763
669 266 763
426 317 908
317 426 908
534 380 26
380 534 26
312 609 400
609 312 400
760 223 866
223 760 866
452 193 703
193 452 703
744 418 702
418 744 702
813 792 6
792 813 6
316 64 118
64 316 118
537 777 276
777 537 276
754 266 716
266 754 716
256 5 144
5 256 144
658 734 294
734 658 294
165 182 444
182 165 444
397 37 393
37 397 393
147 37 431
37 147 431
572 151 151
151 572 151
390 400 536
400 390 536
285 236 213
236 285 213
798 358 454
358 798 454
314 286 437
286 314 437
717 124 398
124 717 398
646 486 814
486 646 814
172 689 962
689 172 962
183 795 727
795 183 727
41 106 34
106 41 34
215 403 86
403 215 86
778 358 372
358 778 372
55 551 693
551 55 693
156 229 625
229 156 625
276 238 88
238 276 88
630 522 769
522 630 769
269 417 421
417 269 421
423 745 647
745 423 647
625 509 681
509 625 681
592 698 952
698 592 952
678 226 594
226 678 594
419 479 260
479 419 260
648 819 220
819 648 220
319 526 43
526 319 43
36 317 166
317 36 166
330 777 296
777 330 296
602 805 143
805 602 143
62 69 696
69 62 696
213 409 406
409 213 406
519 747 464
747 519 464
180 283 622
283 180 622
98 560 904
560 98 904
82 569 330
569 82 330
506 564 914
564 506 914
320 25 29
25 320 29
498 596 194
596 498 194
362 418 214
418 362 214
823 471 354
471 823 354
184 820 257
820 184 257
645 180 753
180 645 753
300 109 529
109 300 529
816 45 260
45 816 260
464 201 892
201 464 892
696 219 45
219 696 45
306 640 74
640 306 74
10 115 507
115 10 507
710 689 48
689 710 48
781 179 505
179 781 505
448 90 120
90 448 120
85 418 246
418 85 246
101 448 157
448 101 157
405 0 451
0 405 451
598 159 837
159 598 837
429 308 772
308 429 772
809 652 40
652 809 40
177 163 501
163 177 501
232 207 860
207 232 860
289 417 327
417 289 327
440 63 570
63 440 570
298 686 554
686 298 554
782 820 728
820 782 728
310 177 452
177 310 452
523 431 473
431 523 473
544 403 267
403 544 267
277 626 16
626 277 16
120 354 802
354 120 802
727 204 176
204 727 176
743 460 254
460 743 254
233 482 900
482 233 900
749 754 6
754 749 6
757 227 527
227 757 527
443 533 124
533 443 124
392 312 279
312 392 279
121 320 578
320 121 578
374 4 691
4 374 691
736 423 559
423 736 559
691 719 226
719 691 226
767 219 66
219 767 66
541 711 690
711 541 690
346 229 382
229 346 382
663 606 293
606 663 293
604 12 140
12 604 140
16 504 516
504 16 516
348 388 599
388 348 599
676 451 831
451 676 831
137 792 158
792 137 158
190 683 78
683 190 78
142 448 211
448 142 211
825 278 583
278 825 583
814 156 992
156 814 992
239 775 750
775 239 750
140 374 239
374 140 239
810 45 361
45 810 361
659 35 135
35 659 135
681 355 922
355 681 922
112 684 853
684 112 853
26 246 610
246 26 610
391 479 466
479 391 466
345 290 981
290 345 981
249 587 668
587 249 668
176 256 900
256 176 900
546 443 976
443 546 976
802 607 559
607 802 559
363 423 868
423 363 868
83 382 140
382 83 140
675 411 720
411 675 720
220 767 324
767 220 324
338 45 966
45 338 966
67 305 39
305 67 39
370 213 765
213 370 765
295 491 883
491 295 883
503 147 743
147 503 743
742 537 231
537 742 231
311 201 687
201 311 687
192 200 17
200 192 17
424 734 552
734 424 552
66 98 645
98 66 645
168 417 22
417 168 22
573 122 62
122 573 62
24 468 46
468 24 46
15 804 968
804 15 968
759 217 68
217 759 68
75 201 995
201 75 995
771 222 139
222 771 139
267 187 445
187 267 445
166 414 319
414 166 319
228 452 336
452 228 336
495 511 9
511 495 9
496 311 270
311 496 270
623 302 823
302 623 823
807 423 473
423 807 473
51 629 943
629 51 943
149 525 976
525 149 976
477 12 3
12 477 3
599 77 636
77 599 636
790 43 860
43 790 860
196 84 337
84 196 337
313 142 848
142 313 848
237 139 968
139 237 968
27 749 917
749 27 917
230 823 806
823 230 806
700 173 735
173 700 735
103 650 949
650 103 949
732 182 635
182 732 635
772 287 727
287 772 727
205 354 616
354 205 616
54 189 348
189 54 348
485 665 640
665 485 640
42 278 91
278 42 91
465 88 687
88 465 687
212 287 241
287 212 241
635 293 166
293 635 166
528 828 276
828 528 276
618 230 402
230 618 402
18 109 543
109 18 543
386 818 480
818 386 480
50 598 544
598 50 544
730 640 268
640 730 268
59 564 404
564 59 404
162 349 354
349 162 354
638 317 21
317 638 21
377 498 35
498 377 35
366 717 696
717 366 696
761 269 794
269 761 794
402 183 780
183 402 780
304 781 541
781 304 541
692 136 395
136 692 395
365 305 118
305 365 118
748 162 337
162 748 337
347 625 166
625 347 166
235 256 866
256 235 866
11 769 578
769 11 578
243 41 371
41 243 371
430 795 330
795 430 330
677 757 615
757 677 615
588 136 1
136 588 1
214 449 452
449 214 452
185 646 951
646 185 951
14 42 931
42 14 931
384 21 71
21 384 71
763 140 285
140 763 285
272 283 64
283 272 64
251 486 964
486 251 964
712 101 772
101 712 772
603 302 318
302 603 318
435 665 438
665 435 438
432 509 550
509 432 550
739 428 350
428 739 350
301 249 810
249 301 810
225 290 768
290 225 768
725 109 803
109 725 803
800 101 369
101 800 369
668 71 575
71 668 575
589 564 921
564 589 921
29 62 541
62 29 541
257 286 646
286 257 646
531 304 19
304 531 19
389 47 281
47 389 281
307 142 79
142 307 79
666 171 761
171 666 761
670 14 916
14 670 916
146 21 168
21 146 168
653 236 950
236 653 950
619 310 962
310 619 962
439 206 447
206 439 447
543 316 92
316 543 92
480 639 504
639 480 504
19 116 207
116 19 207
594 598 446
598 594 446
586 159 596
159 586 596
716 678 849
678 716 849
208 738 335
738 208 335
39 277 485
277 39 485
801 453 42
453 801 42
128 55 369
55 128 369
7 484 195
484 7 195
174 716 482
716 174 482
86 263 950
263 86 950
57 263 402
263 57 402
242 818 416
818 242 416
261 134 413
134 261 413
507 763 61
763 507 61
309 787 914
787 309 914
252 465 722
465 252 722
93 225 44
225 93 44
617 687 352
687 617 352
144 529 573
529 144 573
333 379 206
379 333 206
459 316 717
316 459 717
454 446 529
446 454 529
753 808 774
808 753 774
741 309 156
309 741 156
34 268 656
268 34 656
462 193 917
193 462 917
622 399 837
399 622 837
793 669 197
669 793 197
554 267 625
267 554 625
245 228 534
228 245 534
141 397 934
397 141 934
565 453 487
453 565 487
672 144 58
144 672 58
493 352 840
352 493 840
470 183 2
183 470 2
714 497 106
497 714 106
398 423 583
423 398 583
421 572 853
572 421 853
368 272 370
272 368 370
746 360 139
360 746 139
323 148 186
148 323 186
654 787 19
787 654 19
337 695 45
695 337 45
395 127 715
127 395 715
321 177 933
177 321 933
70 828 366
828 70 366
768 181 418
181 768 418
73 67 363
67 73 363
562 683 688
683 562 688
326 462 869
462 326 869
735 759 422
759 735 422
167 303 464
303 167 464
752 353 195
353 752 195
393 207 366
207 393 366
105 139 26
139 105 26
371 64 181
64 371 181
427 665 330
665 427 330
467 93 763
93 467 763
679 402 487
402 679 487
95 769 548
769 95 548
433 471 28
471 433 28
614 435 98
435 614 98
824 529 341
529 824 341
376 517 482
517 376 482
33 711 930
711 33 930
532 734 982
734 532 982
56 394 385
394 56 385
372 282 967
282 372 967
563 407 164
407 563 164
198 704 655
704 198 655
705 634 965
634 705 965
621 537 968
537 621 968
31 635 981
635 31 981
636 277 45
277 636 45
270 607 650
607 270 650
329 537 174
537 329 174
275 423 231
423 275 231
169 142 474
142 169 474
438 793 141
793 438 141
455 793 789
793 455 789
17 335 952
335 17 952
611 223 703
223 611 703
463 201 152
201 463 152
23 533 843
533 23 843
385 384 3
384 385 3
76 664 795
664 76 795
135 714 626
714 135 626
188 200 689
200 188 689
474 745 428
745 474 428
521 141 935
141 521 935
780 165 728
165 780 728
325 445 372
445 325 372
584 191 546
191 584 546
502 434 132
434 502 132
512 554 674
554 512 674
447 811 441
811 447 441
538 124 482
124 538 482
492 420 938
420 492 938
508 606 660
606 508 660
583 544 942
544 583 942
709 77 855
77 709 855
336 640 906
640 336 906
643 823 555
823 643 555
38 372 626
372 38 626
590 171 282
171 590 282
81 270 329
270 81 329
516 780 109
780 516 109
694 637 147
637 694 147
518 745 786
745 518 786
549 298 443
298 549 443
138 496 618
496 138 618
595 110 173
110 595 173
458 103 420
103 458 420
234 393 940
393 234 940
381 243 115
243 381 115
513 215 146
215 513 146
822 319 784
319 822 784
628 512 531
512 628 531
99 806 898
806 99 898
359 268 740
268 359 740
788 452 303
452 788 303
539 508 42
508 539 42
412 507 441
507 412 441
79 767 275
767 79 275
548 53 355
53 548 355
210 786 112
786 210 112
530 37 31
37 530 31
610 746 407
746 610 407
697 758 657
758 697 657
123 810 557
810 123 557
791 445 173
445 791 173
250 460 168
460 250 168
344 639 537
639 344 537
216 377 365
377 216 365
444 572 700
572 444 700
164 736 791
736 164 791
413 704 350
704 413 350
770 658 545
658 770 545
253 464 757
464 253 757
499 726 901
726 499 901
593 778 399
778 593 399
731 763 313
763 731 313
671 121 832
121 671 832
153 711 151
711 153 151
6 768 609
768 6 609
827 0 713
0 827 713
343 95 659
95 343 659
829 747 273
747 829 273
294 816 87
816 294 87
92 708 118
708 92 118
600 465 325
465 600 325
199 731 463
731 199 463
339 73 713
73 339 713
248 250 498
250 248 498
715 287 944
287 715 944
132 34 564
34 132 564
724 181 799
181 724 799
765 185 942
185 765 942
783 828 26
828 783 26
728 694 869
694 728 869
150 432 418
432 150 418
561 210 213
210 561 213
416 92 414
92 416 414
273 64 601
64 273 601
125 809 175
809 125 175
815 67 578
67 815 578
74 816 951
816 74 951
766 89 659
89 766 659
575 443 342
443 575 342
260 588 894
588 260 894
472 84 491
84 472 491
605 774 275
774 605 275
803 214 502
214 803 502
555 549 403
549 555 403
488 379 185
379 488 185
271 716 373
716 271 373
158 431 872
431 158 872
624 297 467
297 624 467
96 77 489
77 96 489
441 554 975
554 441 975
456 144 94
144 456 94
315 212 235
212 315 235
118 72 144
72 118 144
408 475 141
475 408 141
729 585 842
585 729 842
750 406 600
406 750 600
661 30 7
30 661 7
61 443 571
443 61 571
796 532 502
532 796 502
794 0 953
0 794 953
566 454 355
454 566 355
401 279 702
279 401 702
3 47 232
47 3 232
591 244 281
244 591 281
296 102 507
102 296 507
466 14 948
14 466 948
442 682 79
682 442 79
378 398 432
398 378 432
299 506 986
506 299 986
524 224 237
224 524 237
373 2 760
2 373 760
685 548 901
548 685 901
505 629 393
629 505 393
160 219 410
219 160 410
535 347 889
347 535 889
703 287 671
287 703 671
553 538 937
538 553 937
536 249 284
249 536 284
545 743 785
743 545 785
387 520 491
520 387 491
436 468 456
468 436 456
218 41 955
41 218 955
356 436 191
436 356 191
578 748 234
748 578 234
145 343 393
343 145 393
688 149 525
149 688 525
351 554 848
554 351 848
567 90 691
90 567 691
318 11 318
11 318 318
404 817 322
817 404 322
487 92 1
92 487 1
91 230 324
230 91 324
328 280 840
280 328 840
369 637 589
637 369 589
773 418 416
418 773 416
104 246 205
246 104 205
723 813 182
813 723 182
111 340 816
340 111 816
722 519 28
519 722 28
211 449 8
449 211 8
375 439 4
439 375 4
117 229 841
229 117 841
707 198 957
198 707 957
202 647 758
647 202 758
580 792 868
792 580 868
9 225 918
225 9 918
779 16 68
16 779 68
706 268 948
268 706 948
274 280 950
280 274 950
579 448 486
448 579 486
20 363 215
363 20 215
576 707 42
707 576 42
342 570 596
570 342 596
515 260 376
260 515 376
500 671 464
671 500 464
154 95 529
95 154 529
114 8 967
8 114 967
131 456 105
456 131 105
247 94 708
94 247 708
108 385 790
385 108 790
702 170 388
170 702 388
241 714 999
714 241 999
721 266 206
266 721 206
473 185 512
185 473 512
107 753 108
753 107 108
789 732 127
732 789 127
667 424 481
424 667 481
255 75 560
75 255 560
450 254 426
254 450 426
322 696 80
696 322 80
799 677 343
677 799 343
291 759 254
759 291 254
616 465 793
465 616 793
733 94 457
94 733 457
680 290 565
290 680 565
288 117 793
117 288 793
494 187 439
187 494 439
126 556 488
556 126 488
608 719 233
719 608 233
713 674 368
674 713 368
776 824 954
824 776 954
80 800 700
800 80 700
32 21 307
21 32 307
597 447 689
447 597 689
68 699 158
699 68 158
367 71 342
71 367 342
784 597 164
597 784 164
281 232 694
232 281 694
161 541 508
541 161 508
45 510 400
510 45 400
664 107 970
107 664 970
776 579 984
579 776 984
314 111 698
111 314 698
725 21 741
21 725 741
316 388 531
388 316 531
39 96 871
96 39 871
467 70 444
70 467 444
46 492 705
492 46 705
611 366 920
366 611 920
697 493 951
493 697 951
650 614 451
614 650 451
612 634 499
634 612 499
372 428 569
428 372 569
378 652 0
652 378 0
449 127 137
127 449 137
634 295 895
295 634 895
499 636 229
636 499 229
210 92 111
92 210 111
773 435 435
435 773 435
138 508 293
508 138 293
294 798 505
798 294 505
600 45 167
45 600 167
184 333 863
333 184 863
648 408 448
408 648 448
289 220 679
220 289 679
428 196 68
196 428 68
407 90 772
90 407 772
5 318 159
318 5 159
782 149 724
149 782 724
716 119 913
119 716 913
506 472 47
472 506 47
64 392 212
392 64 212
48 346 599
346 48 599
672 450 421
450 672 421
716 492 4
492 716 4
216 170 543
170 216 543
694 59 316
59 694 316
710 801 550
801 710 550
755 284 619
284 755 619
378 377 770
377 378 770
542 415 429
415 542 429
17 773 368
773 17 368
582 437 762
437 582 762
148 580 827
580 148 827
129 169 991
169 129 991
350 167 884
167 350 884
272 506 157
506 272 157
477 509 112
509 477 112
427 192 285
192 427 285
689 448 393
448 689 393
356 588 949
588 356 949
314 564 843
564 314 843
393 353 958
353 393 958
550 808 323
808 550 323
780 73 577
73 780 577
618 22 978
22 618 978
531 485 445
485 531 445
266 405 746
405 266 746
94 229 444
229 94 444
705 123 958
123 705 958
526 722 145
722 526 145
303 360 722
360 303 722
391 49 32
49 391 32
502 662 270
662 502 270
101 626 352
626 101 352
262 645 630
645 262 630
80 336 194
336 80 194
218 208 554
208 218 554
632 798 527
798 632 527
309 574 165
574 309 165
402 596 652
596 402 652
509 658 140
658 509 140
41 785 628
785 41 628
741 676 978
676 741 978
450 104 69
104 450 69
8 493 106
493 8 106
725 642 881
642 725 881
326 254 496
254 326 496
197 225 860
225 197 860
108 422 355
422 108 355
279 459 856
459 279 856
555 151 181
151 555 181
728 697 984
697 728 984
115 120 206
120 115 206
31 125 763
125 31 763
220 156 161
156 220 161
130 61 996
61 130 996
156 86 872
86 156 872
411 191 476
191 411 476
122 254 283
254 122 283
741 123 794
123 741 794
706 394 85
394 706 85
210 316 315
316 210 315
803 108 972
108 803 972
760 197 86
197 760 86
329 574 299
574 329 299
80 4 170
4 80 170
624 818 206
818 624 206
251 93 354
93 251 354
66 550 424
550 66 424
11 146 851
146 11 851
736 540 82
540 736 82
427 51 331
51 427 331
527 72 246
72 527 246
584 83 689
83 584 689
125 734 32
734 125 32
148 258 653
258 148 653
130 60 891
60 130 891
530 341 324
341 530 324
86 99 294
99 86 294
637 241 725
241 637 725
278 765 529
765 278 529
331 446 611
446 331 611
627 473 397
473 627 397
137 186 596
186 137 596
420 556 973
556 420 973
341 784 545
784 341 545
59 66 725
66 59 725
540 239 383
239 540 383
283 725 52
725 283 52
58 803 827
803 58 827
205 85 31
85 205 31
129 647 315
647 129 315
517 388 925
388 517 925
254 675 15
675 254 15
487 62 538
62 487 538
663 163 539
163 663 539
195 748 288
748 195 288
227 345 482
345 227 482
273 78 168
78 273 168
271 589 365
589 271 365
673 355 154
355 673 154
660 126 308
126 660 308
667 224 190
224 667 190
507 116 557
116 507 557
745 340 238
340 745 238
796 676 947
676 796 947
605 282 249
282 605 249
104 753 131
753 104 131
321 343 172
343 321 172
218 49 536
49 218 536
576 410 817
410 576 817
733 488 759
488 733 759
64 796 471
796 64 471
255 2 63
2 255 63
541 510 390
510 541 390
677 809 217
809 677 217
405 619 538
619 405 538
366 194 129
194 366 129
89 653 11
653 89 11
647 708 984
708 647 984
578 634 763
634 578 763
523 573 690
573 523 690
640 346 996
346 640 996
215 530 405
530 215 405
509 3 78
3 509 78
211 13 600
13 211 600
634 536 214
536 634 214
693 722 874
722 693 874
63 763 828
763 63 828
469 783 456
783 469 456
278 573 727
573 278 727
154 722 677
722 154 677
656 376 641
376 656 641
14 357 13
357 14 13
614 134 359
134 614 359
250 319 375
319 250 375
644 235 657
235 644 657
248 556 136
556 248 136
148 485 826
485 148 826
373 31 406
31 373 406
314 700 308
700 314 308
338 762 486
762 338 486
72 281 717
281 72 717
658 276 873
276 658 873
643 56 389
56 643 389
523 654 410
654 523 410
561 235 305
235 561 305
499 773 578
773 499 578
726 221 441
221 726 441
191 379 526
379 191 526
510 14 143
14 510 143
784 433 529
433 784 529
369 146 796
146 369 796
588 458 487
458 588 487
646 446 443
446 646 443
65 267 928
267 65 928
513 531 53
531 513 53
255 442 198
442 255 198
43 228 707
228 43 707
77 821 206
821 77 206
433 194 876
194 433 876
522 291 965
291 522 965
777 191 962
191 777 962
113 611 177
611 113 177
530 602 624
602 530 624
227 102 690
102 227 690
539 571 21
571 539 21
621 510 851
510 621 851
613 609 402
609 613 402
748 703 371
703 748 371
678 48 596
48 678 596
249 108 118
108 249 118
815 533 786
533 815 786
201 574 608
574 201 608
146 557 361
557 146 361
703 53 891
53 703 891
101 652 326
652 101 326
620 733 183
733 620 183
304 412 154
412 304 154
329 105 517
105 329 517
374 326 642
326 374 642
280 265 55
265 280 55
363 372 32
372 363 32
138 458 663
458 138 663
453 11 87
11 453 87
190 613 339
613 190 339
492 780 948
780 492 948
463 221 731
221 463 731
100 314 994
314 100 994
445 399 672
399 445 672
578 698 497
698 578 497
465 31 934
31 465 934
256 657 917
657 256 917
138 181 469
181 138 469
32 91 163
91 32 163
380 272 265
272 380 265
454 456 414
456 454 414
621 424 431
424 621 431
413 621 945
621 413 945
190 202 129
202 190 129
199 539 832
539 199 832
576 789 115
789 576 115
73 20 114
20 73 114
52 578 986
578 52 986
212 655 702
655 212 702
466 478 701
478 466 701
117 810 268
810 117 268
640 721 113
721 640 113
583 419 521
419 583 521
543 776 76
776 543 76
258 418 622
418 258 622
542 515 976
515 542 976
445 540 417
540 445 417
405 241 492
241 405 492
745 341 647
341 745 647
331 12 719
12 331 719
440 518 593
518 440 593
351 420 49
420 351 49
203 346 936
346 203 936
350 664 613
664 350 613
108 120 135
120 108 135
753 378 720
378 753 720
644 121 414
121 644 414
174 240 760
240 174 760
311 39 148
39 311 148
741 25 659
25 741 659
460 167 978
167 460 978
828 550 590
550 828 590
313 334 274
334 313 274
206 222 412
222 206 412
600 102 885
102 600 885
709 769 536
769 709 536
576 154 71
154 576 71
708 38 291
38 708 291
808 20 144
20 808 144
722 214 137
214 722 137
4 165 6
165 4 6
536 760 857
760 536 857
224 256 592
256 224 592
318 22 88
22 318 88
184 460 259
460 184 259
573 658 698
658 573 698
618 237 548
237 618 548
531 173 82
173 531 82
399 220 392
220 399 392
500 749 555
749 500 555
42 507 436
507 42 436
301 400 928
400 301 928
689 297 659
297 689 659
727 763 320
763 727 320
134 559 146
559 134 146
109 197 393
197 109 393
549 793 118
793 549 118
123 292 536
292 123 536
227 793 309
793 227 309
423 791 890
791 423 890
591 205 411
205 591 411
105 551 761
551 105 761
444 135 477
135 444 477
272 215 237
215 272 237
500 11 38
11 500 38
401 101 800
101 401 800
98 172 811
172 98 811
272 97 255
97 272 255
421 60 486
60 421 486
747 506 445
506 747 445
202 463 249
463 202 249
7 94 531
94 7 531
214 152 997
152 214 997
418 672 367
672 418 367
84 98 184
98 84 184
646 130 497
130 646 497
635 369 936
369 635 936
190 777 830
777 190 830
458 706 241
706 458 241
359 205 760
205 359 760
401 41 699
41 401 699
80 721 743
721 80 743
740 449 779
449 740 779
703 42 538
42 703 538
79 457 853
457 79 853
405 561 294
561 405 294
600 395 495
395 600 495
650 745 724
745 650 724
75 188 614
188 75 614
164 631 626
631 164 626
370 263 592
263 370 592
316 391 581
391 316 581
779 584 147
584 779 147
272 26 400
26 272 400
171 320 390
320 171 390
35 607 216
607 35 216
683 47 549
47 683 549
735 823 964
823 735 964
771 819 613
819 771 613
285 188 648
188 285 648
88 534 249
534 88 249
297 111 262
111 297 262
261 631 549
631 261 549
472 158 610
158 472 610
4 192 491
192 4 491
525 765 185
765 525 185
376 319 619
319 376 619
355 271 821
271 355 821
155 716 508
716 155 508
119 795 399
795 119 399
557 272 206
272 557 206
592 121 322
121 592 322
378 64 44
64 378 44
45 652 618
652 45 618
217 333 469
333 217 469
529 116 513
116 529 513
334 715 498
715 334 498
190 122 868
122 190 868
253 387 957
387 253 957
815 416 394
416 815 394
157 4 913
4 157 913
699 147 163
147 699 163
375 302 629
302 375 629
661 454 448
454 661 448
461 57 920
57 461 920
604 212 383
212 604 383
90 731 91
731 90 91
3 529 997
529 3 997
450 584 93
584 450 93
588 751 875
751 588 875
548 70 525
70 548 525
256 524 836
524 256 836
95 811 922
811 95 922
622 726 20
726 622 20
558 667 97
667 558 97
442 582 93
582 442 93
167 289 726
289 167 726
254 579 913
579 254 913
368 270 543
270 368 543
792 587 302
587 792 302
704 620 604
620 704 604
178 406 133
406 178 133
564 509 507
509 564 507
667 560 148
560 667 148
685 455 277
455 685 277
525 284 139
284 525 139
697 121 997
121 697 997
209 30 891
30 209 891
167 751 359
751 167 359
19 79 491
79 19 491
153 189 773
189 153 773
545 649 83
649 545 83
661 815 632
815 661 632
724 738 810
738 724 810
824 160 225
160 824 225
490 361 843
361 490 843
460 536 591
536 460 591
593 805 428
805 593 428
25 224 496
224 25 496
594 558 515
558 594 515
551 90 685
90 551 685
527 267 324
267 527 324
123 295 236
295 123 236
234 336 751
336 234 751
818 593 724
593 818 724
221 478 358
478 221 358
59 662 361
662 59 361
594 167 992
167 594 992
629 489 292
489 629 292
309 440 67
440 309 67
552 816 116
816 552 116
393 822 97
822 393 97
432 445 732
445 432 732
496 297 432
297 496 432
133 373 549
373 133 549
286 722 810
722 286 810
268 703 70
703 268 70
379 67 997
67 379 997
813 464 524
464 813 524
769 41 853
41 769 853
232 505 739
505 232 739
101 242 128
242 101 128
579 271 729
271 579 729
208 565 155
565 208 155
788 197 312
197 788 312
17 503 528
503 17 528
722 368 425
368 722 425
119 196 208
196 119 208
289 48 99
48 289 99
543 233 124
233 543 124
588 253 477
253 588 477
351 99 171
99 351 171
612 349 238
349 612 238
607 1 612
1 607 612
306 121 71
121 306 71
57 577 538
577 57 538
30 489 503
489 30 503
682 45 946
45 682 946
478 251 133
251 478 133
372 286 563
286 372 563
746 225 654
225 746 654
385 345 615
345 385 615
310 81 934
81 310 934
471 770 819
770 471 819
27 590 645
590 27 645
56 667 29
667 56 29
269 215 787
215 269 787
667 87 718
87 667 718
518 197 998
197 518 998
792 67 220
67 792 220
739 829 217
829 739 217
97 361 242
361 97 242
759 230 93
230 759 93
372 640 855
640 372 855
234 357 401
357 234 401
537 535 737
535 537 737
123 456 304
456 123 304
164 155 629
155 164 629
163 304 379
304 163 379
275 76 669
76 275 669
155 115 881
115 155 881
170 691 943
691 170 943
606 821 496
821 606 496
629 297 529
297 629 529
492 362 756
362 492 756
671 88 118
88 671 118
185 534 327
534 185 327
294 401 77
401 294 77
330 45 205
45 330 205
35 725 714
725 35 714
140 513 743
513 140 743
535 306 404
306 535 404
701 361 451
361 701 451
60 334 644
334 60 644
530 808 539
808 530 539
21 532 501
532 21 501
630 109 599
109 630 599
601 714 439
714 601 439
379 536 216
536 379 216
229 13 142
13 229 142
370 480 433
480 370 433
414 159 306
159 414 306
567 237 586
237 567 586
12 829 375
829 12 375
595 517 103
517 595 103
761 124 532
124 761 532
231 639 881
639 231 881
158 294 823
294 158 823
752 89 476
89 752 476
501 160 599
160 501 599
43 575 575
575 43 575
291 464 166
464 291 166
819 521 124
521 819 124
6 321 970
321 6 970
296 131 530
131 296 530
569 304 665
304 569 665
584 44 13
44 584 13
178 361 723
361 178 723
33 593 785
593 33 785
297 336 994
336 297 994
808 375 830
375 808 830
371 385 181
385 371 181
292 568 286
568 292 286
1 657 637
657 1 637
196 323 798
323 196 798
509 654 429
654 509 429
558 488 76
488 558 76
719 24 60
24 719 60
55 165 260
165 55 260
336 374 399
374 336 399
596 72 668
72 596 668
47 577 794
577 47 794
550 371 738
371 550 738
297 49 893
49 297 893
668 650 463
650 668 463
266 708 783
708 266 783
116 142 592
142 116 592
301 86 132
86 301 132
158 658 732
658 158 732
672 788 546
788 672 546
809 411 305
411 809 305
1 742 664
742 1 664
583 657 242
657 583 242
713 595 268
595 713 268
342 238 86
238 342 86
506 224 460
224 506 460
317 598 989
598 317 989
694 424 53
424 694 53
447 500 789
500 447 789
826 384 636
384 826 636
579 140 479
140 579 479
270 565 761
565 270 761
432 286 164
286 432 164
97 651 109
651 97 109
405 555 263
555 405 263
792 618 901
618 792 901
27 379 527
379 27 527
757 786 623
786 757 623
692 227 973
227 692 973
201 728 15
728 201 15
460 314 267
314 460 267
488 803 881
803 488 881
547 412 31
412 547 31
363 613 330
613 363 330
76 661 942
661 76 942
695 256 420
256 695 420
131 25 985
25 131 985
81 139 255
139 81 255
319 722 738
722 319 738
230 370 177
370 230 177
339 592 437
592 339 437
363 691 373
691 363 373
73 568 89
568 73 89
459 713 463
713 459 463
737 811 15
811 737 15
80 29 879
29 80 879
74 598 670
598 74 670
42 819 402
819 42 402
336 61 98
61 336 98
825 585 691
585 825 691
72 33 174
33 72 174
65 738 539
738 65 539
163 459 684
459 163 684
153 285 0
285 153 0
297 777 95
777 297 95
314 487 345
487 314 345
15 30 248
30 15 248
300 444 585
444 300 585
623 133 558
133 623 558
491 168 409
168 491 409
542 194 4
194 542 4
0 754 742
754 0 742
460 582 557
582 460 557
4 235 796
235 4 796
65 718 104
718 65 104
128 17 295
17 128 295
536 100 251
100 536 251
747 92 168
92 747 168
742 37 169
37 742 169
477 728 171
728 477 171
338 472 851
472 338 851
493 745 574
745 493 574
306 571 983
571 306 983
540 613 84
613 540 84
512 9 390
9 512 390
53 522 740
522 53 740
101 115 474
115 101 474
549 467 516
467 549 516
753 506 191
506 753 191
810 590 825
590 810 825
258 752 431
752 258 431
532 324 290
324 532 290
55 251 321
251 55 321
700 584 873
584 700 873
375 535 478
535 375 478
218 729 925
729 218 925
556 41 279
41 556 279
515 217 190
217 515 190
476 807 331
807 476 331
694 148 381
148 694 381
103 76 807
76 103 807
575 734 691
734 575 691
49 64 104
64 49 104
495 466 529
466 495 529
209 792 835
792 209 835
177 815 616
815 177 616
658 507 136
507 658 136
612 638 423
638 612 423
790 799 976
799 790 976
67 506 12
506 67 12
792 245 208
245 792 208
292 162 134
162 292 134
548 48 736
48 548 736
301 728 687
728 301 687
93 443 628
443 93 628
738 460 80
460 738 80
112 148 557
148 112 557
205 408 761
408 205 761
172 703 936
703 172 936
265 792 631
792 265 631
35 117 887
117 35 887
706 776 428
776 706 428
66 260 526
260 66 526
766 674 65
674 766 65
159 89 354
89 159 354
10 694 422
694 10 422
781 108 660
108 781 660
561 722 655
722 561 655
274 40 289
40 274 289
618 743 567
743 618 567
394 325 445
325 394 445
583 720 689
720 583 689
618 711 408
711 618 408
499 345 939
345 499 939
310 456 941
456 310 941
580 326 739
326 580 739
33 431 480
431 33 480
86 498 311
498 86 311
137 562 661
562 137 661
579 136 354
136 579 354
812 140 449
140 812 449
67 613 67
613 67 67
829 280 339
280 829 339
58 464 24
464 58 24
474 798 159
798 474 159
388 692 898
692 388 898
77 515 101
515 77 101
268 372 32
372 268 32
287 234 183
234 287 183
708 99 532
99 708 532
6 83 691
83 6 691
345 414 296
414 345 296
544 338 318
338 544 318
146 812 163
812 146 163
485 13 917
13 485 917
0 210 119
210 0 119
700 524 289
524 700 289
373 494 312
494 373 312
431 289 33
289 431 33
326 651 339
651 326 339
111 623 69
623 111 69
632 707 666
707 632 666
624 795 225
795 624 225
75 492 316
492 75 316
57 87 386
87 57 386
292 140 41
140 292 41
231 616 947
616 231 947
682 320 7
320 682 7
655 461 59
461 655 59
777 612 639
612 777 639
449 109 895
109 449 895
467 283 481
283 467 481
234 647 599
647 234 599
762 764 970
764 762 970
387 741 138
741 387 138
733 774 78
774 733 78
271 236 622
236 271 622
500 210 118
210 500 118
349 478 956
478 349 956
386 176 82
176 386 82
4 700 734
700 4 734
311 235 744
235 311 744
828 586 104
586 828 104
445 184 747
184 445 747
814 763 133
763 814 133
529 780 518
780 529 518
197 442 900
442 197 900
252 278 96
278 252 96
466 322 387
322 466 387
823 307 936
307 823 936
760 34 715
34 760 715
470 174 401
174 470 401
354 47 579
47 354 579
728 682 156
682 728 156
563 443 870
443 563 870
154 180 752
180 154 752
674 625 517
625 674 517
645 64 8
64 645 8
777 361 263
361 777 263
536 343 709
343 536 709
203 628 924
628 203 924
406 52 118
52 406 118
59 685 495
685 59 495
250 787 282
787 250 282
133 762 893
762 133 893
418 201 939
201 418 939
539 269 832
269 539 832
578 760 204
760 578 204
538 1 513
1 538 513
291 761 148
761 291 148
538 8 328
8 538 328
615 583 118
583 615 118
611 164 706
164 611 706
634 625 818
625 634 818
120 779 105
779 120 105
818 342 950
342 818 950
809 333 365
333 809 365
633 643 339
643 633 339
40 782 34
782 40 34
773 825 549
825 773 549
657 114 818
114 657 818
569 471 47
471 569 47
218 227 740
227 218 740
497 147 664
147 497 664
348 97 792
97 348 792
153 651 232
651 153 232
788 114 725
114 788 725
414 556 378
556 414 378
589 508 116
508 589 116
491 692 204
692 491 204
245 636 607
636 245 607
400 374 292
374 400 292
728 153 43
153 728 43
509 223 30
223 509 30
126 705 162
705 126 162
754 201 911
201 754 911
443 324 597
324 443 597
57 792 936
792 57 936
633 694 556
694 633 556
487 615 464
615 487 464
174 79 460
79 174 460
427 463 984
463 427 984
147 778 373
778 147 373
229 274 810
274 229 810
751 137 372
137 751 372
52 42 890
42 52 890
564 796 697
796 564 697
373 709 824
709 373 824
688 401 910
401 688 910
447 405 782
405 447 782
376 542 682
542 376 682
21 438 766
438 21 766
761 663 775
663 761 775
440 110 157
110 440 157
6 26 390
26 6 390
742 160 737
160 742 737
694 688 219
688 694 219
206 22 717
22 206 717
704 565 2
565 704 2
65 688 189
688 65 189
785 711 256
711 785 256
417 277 262
277 417 262
800 549 431
549 800 431
426 594 745
594 426 745
140 162 475
162 140 475
219 116 619
116 219 619
263 43 258
43 263 258
796 396 384
396 796 384
621 712 23
712 621 23
748 138 526
138 748 526
11 673 432
673 11 432
662 378 671
378 662 671
722 121 739
121 722 739
71 596 424
596 71 424
617 12 974
12 617 974
494 587 729
587 494 729
317 639 504
639 317 504
6 161 399
161 6 399
619 630 562
630 619 562
230 589 455
589 230 455
144 436 750
436 144 750
260 732 592
732 260 592
113 68 601
68 113 601
91 533 621
533 91 621
419 119 315
119 419 315
391 469 224
469 391 224
279 37 807
37 279 807
198 759 643
759 198 643
254 692 323
692 254 323
338 150 158
150 338 158
730 702 978
702 730 978
206 638 349
638 206 349
271 29 740
29 271 740
608 187 793
187 608 793
483 602 944
602 483 944
384 353 403
353 384 403
439 381 917
381 439 917
679 811 314
811 679 314
382 430 143
430 382 143
224 207 956
207 224 956
717 286 45
286 717 45
745 59 482
59 745 482
181 398 536
398 181 536
797 762 643
762 797 643
599 462 138
462 599 138
462 509 82
509 462 82
431 648 942
648 431 942
690 196 934
196 690 934
362 231 337
231 362 337
194 820 639
820 194 639
671 486 313
486 671 313
412 684 594
684 412 594
98 687 789
687 98 789
97 539 772
539 97 772
732 443 414
443 732 414
492 69 93
69 492 93
676 651 966
651 676 966
18 249 685
249 18 685
377 464 148
464 377 148
26 161 210
161 26 210
211 140 643
140 211 643
274 45 274
45 274 274
669 281 140
281 669 140
477 534 371
534 477 371
262 608 829
608 262 829
168 183 251
183 168 251
335 623 999
623 335 999
25 472 348
472 25 348
80 689 509
689 80 509
808 279 549
279 808 549
326 563 455
563 326 455
466 428 178
428 466 178
48 210 323
210 48 323
217 662 957
662 217 957
419 610 730
610 419 730
229 804 387
804 229 387
534 723 335
723 534 335
613 397 876
397 613 876
211 777 193
777 211 193
79 381 309
381 79 309
38 175 173
175 38 173
459 704 486
704 459 486
607 497 730
497 607 730
589 446 918
446 589 918
605 568 52
568 605 52
306 218 91
218 306 91
289 51 496
51 289 496
697 719 723
719 697 723
719 78 943
78 719 943
804 143 647
143 804 647
219 757 622
757 219 622
475 259 83
259 475 83
746 395 102
395 746 102
151 145 921
145 151 921
431 749 923
749 431 923
201 670 463
670 201 463
575 651 782
651 575 782
285 780 178
780 285 178
595 784 413
784 595 413
133 268 938
268 133 938
110 566 87
566 110 87
222 336 532
336 222 532
202 319 691
319 202 691
505 771 889
771 505 889
79 332 339
332 79 339
435 140 816
140 435 816
667 431 469
431 667 469
281 627 143
627 281 143
276 552 511
552 276 511
178 58 66
58 178 66
787 707 450
707 787 450
546 785 369
785 546 369
318 420 123
420 318 123
312 656 204
656 312 204
171 17 560
17 171 560
263 210 508
210 263 508
183 752 997
752 183 997
336 465 923
465 336 923
430 610 899
610 430 899
657 576 303
576 657 303
821 135 700
135 821 700
76 687 278
687 76 278
806 347 561
347 806 561
271 486 319
486 271 319
338 527 112
527 338 112
637 771 542
771 637 542
307 741 627
741 307 627
462 174 755
174 462 755
79 816 891
816 79 891
190 428 622
428 190 622
680 285 232
285 680 232
256 761 148
761 256 148
225 796 755
796 225 755
317 703 493
703 317 493
68 331 1
331 68 1
173 34 870
34 173 870
514 445 783
445 514 783
486 240 328
240 486 328
582 344 198
344 582 198
202 22 691
22 202 691
637 104 235
104 637 235
299 268 916
268 299 916
721 330 978
330 721 978
85 381 974
381 85 974
666 23 694
23 666 694
506 137 214
137 506 214
440 750 40
750 440 40
95 160 228
160 95 228
565 97 907
97 565 907
311 535 11
535 311 11
604 711 794
711 604 794
411 22 592
22 411 592
709 382 953
382 709 953
789 403 768
403 789 768
186 655 795
655 186 795
15 172 536
172 15 536
663 162 337
162 663 337
281 302 528
302 281 528
409 503 810
503 409 810
439 165 410
165 439 410
164 572 952
572 164 952
757 328 287
328 757 287
416 574 219
574 416 219
441 790 770
790 441 770
641 749 438
749 641 438
553 829 132
829 553 132
414 205 194
205 414 194
136 474 963
474 136 963
695 181 890
181 695 890
649 11 861
11 649 861
588 217 601
217 588 601
113 530 496
530 113 496
28 465 959
465 28 959
278 546 991
546 278 991
620 229 863
229 620 863
157 435 39
435 157 39
575 160 92
160 575 92
255 578 740
578 255 740
475 105 140
105 475 140
407 462 214
462 407 214
138 36 374
36 138 374
478 811 385
811 478 385
730 787 343
787 730 343
398 800 208
800 398 208
705 187 781
187 705 781
433 672 454
672 433 454
56 734 97
734 56 97
331 137 859
137 331 859
1 351 925
351 1 925
221 408 133
408 221 133
293 248 272
248 293 272
640 799 692
799 640 692
452 283 456
283 452 456
158 390 559
390 158 559
478 91 92
91 478 92
523 581 63
581 523 63
221 183 445
183 221 445
278 776 338
776 278 338
681 752 126
752 681 126
537 755 493
755 537 493
621 366 304
366 621 304
479 85 892
85 479 892
456 699 353
699 456 353
658 283 91
283 658 91
753 640 966
640 753 966
228 290 810
290 228 810
385 521 163
521 385 163
719 685 571
685 719 571
245 285 696
285 245 696
436 75 864
75 436 864
783 292 810
292 783 810
177 662 479
662 177 479
674 570 414
570 674 414
94 281 926
281 94 926
771 747 134
747 771 134
367 327 337
327 367 337
644 705 159
705 644 159
730 608 455
608 730 455
97 31 332
31 97 332
808 604 826
604 808 826
745 641 871
641 745 871
293 323 826
323 293 826
282 284 431
284 282 431
773 272 884
272 773 884
15 439 657
439 15 657
114 445 929
445 114 929
142 314 135
314 142 135
765 34 368
34 765 368
105 828 832
828 105 832
352 358 248
358 352 248
804 673 489
673 804 489
408 359 965
359 408 965
45 350 812
350 45 812
464 754 270
754 464 270
678 393 258
393 678 258
295 301 767
301 295 767
159 582 894
582 159 894
311 176 933
176 311 933
422 773 754
773 422 754
218 103 15
103 218 15
800 95 747
95 800 747
523 441 819
441 523 819
285 69 977
69 285 977
462 276 300
276 462 300
713 335 181
335 713 181
3 118 287
118 3 287
2 281 993
281 2 993
360 423 753
423 360 753
306 808 309
808 306 309
683 158 637
158 683 637
510 392 28
392 510 28
344 181 843
181 344 843
52 232 421
232 52 421
284 60 692
60 284 692
672 355 548
355 672 548
292 191 331
191 292 331
387 15 571
15 387 571
118 621 813
621 118 813
517 20 173
20 517 173
161 569 784
569 161 784
198 167 622
167 198 622
637 675 794
675 637 794
501 650 549
650 501 549
100 366 75
366 100 75
751 234 49
234 751 49
467 21 175
21 467 175
377 91 674
91 377 674
2 725 297
725 2 297
421 536 581
536 421 581
48 425 381
425 48 381
7 784 809
784 7 809
394 385 342
385 394 342
788 613 915
613 788 915
174 322 231
322 174 231
395 409 12
409 395 12
398 346 362
346 398 362
559 537 986
537 559 986
308 202 354
202 308 354
478 327 577
327 478 577
601 423 39
423 601 39
794 574 857
574 794 857
516 433 930
433 516 930
743 258 442
258 743 442
324 391 583
391 324 583
477 795 832
795 477 832
490 552 706
552 490 706
714 75 550
75 714 550
292 458 795
458 292 795
574 216 44
216 574 44
288 682 130
682 288 130
298 85 612
85 298 612
552 373 225
373 552 225
513 57 110
57 513 110
639 418 403
418 639 403
392 629 175
629 392 175
710 317 686
317 710 686
551 512 430
512 551 430
301 411 945
411 301 945
712 419 610
419 712 610
124 671 33
671 124 33
16 377 525
377 16 525
512 664 857
664 512 857
2 798 468
798 2 468
296 620 581
620 296 581
652 577 36
577 652 36
2 219 300
219 2 300
773 760 337
760 773 337
524 686 813
686 524 813
297 687 590
687 297 590
661 16 282
16 661 282
240 448 816
448 240 816
367 747 774
747 367 774
565 799 878
799 565 878
692 335 811
335 692 811
710 473 227
473 710 227
691 211 396
211 691 396
254 753 646
753 254 646
295 135 705
135 295 705
213 383 658
383 213 658
17 29 233
29 17 233
191 251 409
251 191 409
18 187 585
187 18 585
466 284 553
284 466 553
747 200 900
200 747 900
37 560 28
560 37 28
551 5 134
5 551 134
23 336 540
336 23 540
463 255 184
255 463 184
174 348 262
348 174 262
665 707 807
707 665 807
82 445 45
445 82 45
603 191 732
191 603 732
742 344 627
344 742 627
657 131 426
131 657 426
576 632 769
632 576 769
355 752 272
752 355 272
695 285 682
285 695 682
520 150 859
150 520 859
227 638 380
638 227 380
795 78 271
78 795 271
416 380 367
380 416 367
396 286 938
286 396 938
717 817 246
817 717 246
2 21 701
21 2 701
306 28 547
28 306 547
8 123 172
123 8 172
778 289 27
289 778 27
619 444 44
444 619 44
439 546 701
546 439 701
486 364 823
364 486 823
271 411 523
411 271 523
327 160 87
160 327 87
520 347 998
347 520 998
814 499 566
499 814 566
625 414 150
414 625 150
288 28 294
28 288 294
299 494 756
494 299 756
723 655 178
655 723 178
18 655 253
655 18 253
594 395 706
395 594 706
607 181 489
181 607 489
608 695 366
695 608 366
659 130 953
130 659 953
316 194 810
194 316 810
331 51 836
51 331 836
325 269 518
269 325 518
382 22 956
22 382 956
202 496 410
496 202 410
9 212 326
212 9 326
636 582 495
582 636 495
719 674 46
674 719 46
767 132 819
132 767 819
755 51 607
51 755 607
268 292 781
292 268 781
804 782 236
782 804 236
262 521 109
521 262 109
810 780 969
780 810 969
768 35 554
35 768 554
303 554 50
554 303 50
757 545 422
545 757 422
589 506 232
506 589 232
515 124 166
124 515 166
99 822 110
822 99 110
229 543 619
543 229 619
224 72 366
72 224 366
18 763 252
763 18 252
249 154 152
154 249 152
614 824 901
824 614 901
175 646 185
646 175 185
722 79 888
79 722 888
596 147 153
147 596 153
194 251 322
251 194 322
198 49 104
49 198 104
685 218 913
218 685 913
34 305 753
305 34 753
294 205 535
205 294 535
438 273 944
273 438 944
366 734 343
734 366 343
17 332 213
332 17 213
558 508 947
508 558 947
757 446 524
446 757 524
158 717 225
717 158 225
167 717 266
717 167 266
794 702 762
702 794 762
74 755 822
755 74 822
168 126 130
126 168 130
159 413 99
413 159 99
220 488 287
488 220 287
375 147 260
147 375 260
503 821 351
821 503 351
524 534 653
534 524 653
634 378 370
378 634 370
36 729 384
729 36 384
349 751 403
751 349 403
584 395 551
395 584 551
684 743 812
743 684 812
56 596 558
596 56 558
360 122 24
122 360 24
546 361 94
361 546 94
787 797 672
797 787 672
144 262 986
262 144 986
652 487 670
487 652 670
62 634 578
634 62 578
352 117 228
117 352 228
344 176 325
176 344 325
518 492 712
492 518 712
584 734 21
734 584 21
236 496 281
496 236 281
538 781 218
781 538 218
740 401 934
401 740 934
15 581 161
581 15 161
265 264 585
264 265 585
827 204 94
204 827 94
498 9 55
9 498 55
344 187 885
187 344 885
178 304 261
304 178 261
582 554 809
554 582 809
300 160 670
160 300 670
480 122 670
122 480 670
779 125 509
125 779 509
17 677 847
677 17 847
515 797 249
797 515 249
690 536 218
536 690 218
40 517 143
517 40 143
568 558 614
558 568 614
753 682 604
682 753 604
3 80 629
80 3 629
546 759 666
759 546 666
168 310 14
310 168 14
505 17 780
17 505 780
709 589 640
589 709 640
551 260 534
260 551 534
119 189 625
189 119 625
410 93 300
93 410 300
770 233 609
233 770 609
800 773 51
773 800 51
228 493 580
493 228 580
49 298 270
298 49 270
333 610 314
610 333 314
535 468 840
468 535 840
122 398 721
398 122 721
683 561 526
561 683 526
651 15 457
15 651 457
194 735 835
735 194 835
244 312 704
312 244 704
60 118 446
118 60 446
646 387 6
387 646 6
281 547 861
547 281 861
315 537 852
537 315 852
167 520 570
520 167 570
652 493 689
493 652 689
344 223 959
223 344 959
821 613 766
613 821 766
807 486 529
486 807 529
791 764 511
764 791 511
536 171 280
171 536 280
603 65 803
65 603 803
353 411 967
411 353 967
218 233 617
233 218 617
192 205 314
205 192 314
256 542 776
542 256 776
746 515 617
515 746 617
33 342 301
342 33 301
0 646 710
646 0 710
682 711 394
711 682 394
267 471 833
471 267 833
276 738 639
738 276 639
600 688 784
688 600 784
660 271 187
271 660 187
507 75 477
75 507 477
446 772 96
772 446 96
437 339 176
339 437 176
252 182 794
182 252 794
8 330 989
330 8 989
165 330 58
330 165 58
101 164 349
164 101 349
527 396 904
396 527 904
772 483 553
483 772 553
430 560 326
560 430 326
657 104 635
104 657 635
780 266 76
266 780 76
276 764 827
764 276 827
66 135 177
135 66 177
36 455 301
455 36 301
150 353 502
353 150 502
777 311 161
311 777 161
44 55 989
55 44 989
817 5 895
5 817 895
81 664 389
664 81 389
742 799 387
799 742 387
595 824 855
824 595 855
71 452 26
452 71 26
153 451 470
451 153 470
116 577 713
577 116 713
417 477 105
477 417 105
561 9 755
9 561 755
727 34 57
34 727 57
353 520 140
520 353 140
78 708 263
708 78 263
239 29 676
29 239 676
342 395 291
395 342 291
776 292 341
292 776 341
212 73 346
73 212 346
379 147 236
147 379 236
664 553 532
553 664 532
819 370 535
370 819 535
555 821 694
821 555 694
448 551 43
551 448 43
589 673 732
673 589 732
703 5 574
5 703 574
44 639 839
639 44 839
524 594 995
594 524 995
341 425 817
425 341 817
315 607 585
607 315 585
377 716 505
716 377 505
176 687 457
687 176 457
471 201 39
201 471 39
602 593 302
593 602 302
505 646 641
646 505 641
698 287 400
287 698 400
223 699 878
699 223 878
202 827 969
827 202 969
478 170 997
170 478 997
614 256 916
256 614 916
622 457 19
457 622 19
558 616 546
616 558 546
335 337 158
337 335 158
284 762 154
762 284 154
86 175 417
175 86 417
177 514 378
514 177 378
720 41 797
41 720 797
622 117 16
117 622 16
171 167 941
167 171 941
708 506 793
506 708 793
706 506 350
506 706 350
89 421 692
421 89 692
600 362 374
362 600 374
236 691 192
691 236 192
602 421 258
421 602 258
608 425 217
425 608 217
589 113 614
113 589 614
453 677 802
677 453 802
152 551 595
551 152 595
70 753 640
753 70 640
385 811 631
811 385 631
37 319 261
319 37 261
196 471 457
471 196 457
113 310 428
310 113 428
602 279 324
279 602 324
425 446 876
446 425 876
322 414 344
414 322 344
424 274 82
274 424 82
300 680 382
680 300 382
227 610 360
610 227 360
601 663 990
663 601 990
179 2 161
2 179 161
70 495 608
495 70 608
681 79 814
79 681 814
326 260 250
260 326 250
707 777 374
777 707 374
170 303 451
303 170 451
736 141 828
141 736 828
475 182 397
182 475 397
357 474 706
474 357 706
2 345 3
345 2 3
158 169 234
169 158 234
757 438 965
438 757 965
618 366 614
366 618 614
810 749 951
749 810 951
443 100 317
100 443 317
417 510 883
510 417 883
426 28 516
28 426 516
135 168 162
168 135 162
368 232 233
232 368 233
729 787 261
787 729 261
821 166 807
166 821 807
274 122 491
122 274 491
156 185 773
185 156 773
689 582 581
582 689 581
570 162 712
162 570 712
406 649 211
649 406 211
645 542 883
542 645 883
734 188 441
188 734 441
524 280 932
280 524 932
290 90 872
90 290 872
680 31 396
31 680 396
526 556 739
556 526 739
583 323 821
323 583 821
93 2 789
2 93 789
787 232 578
232 787 578
530 703 491
703 530 491
602 253 480
253 602 480
275 729 818
729 275 818
453 303 762
303 453 762
824 523 673
523 824 673
239 215 317
215 239 317
288 482 297
482 288 297
365 501 406
501 365 406
271 614 246
614 271 246
733 807 827
807 733 827
349 783 187
783 349 187
304 211 964
211 304 964
771 812 754
812 771 754
545 691 207
691 545 207
531 756 706
756 531 706
810 305 316
305 810 316
657 335 154
335 657 154
91 203 314
203 91 314
690 217 355
217 690 355
203 746 607
746 203 607
126 569 61
569 126 61
520 189 957
189 520 957
206 421 293
421 206 293
674 52 62
52 674 62
738 714 967
714 738 967
823 380 423
380 823 423
501 147 730
147 501 730
95 741 537
741 95 537
521 501 871
501 521 871
380 617 960
617 380 960
333 281 57
281 333 57
639 646 746
646 639 746
140 705 495
705 140 495
616 428 911
428 616 911
444 735 820
735 444 820
287 219 435
219 287 435
825 344 85
344 825 85
371 116 891
116 371 891
9 7 352
7 9 352
566 68 153
68 566 153
418 102 129
102 418 129
598 180 830
180 598 830
350 184 829
184 350 829
147 435 606
435 147 606
784 371 408
371 784 408
586 441 113
441 586 113
520 611 567
611 520 567
695 222 330
222 695 330
516 617 412
617 516 412
297 558 898
558 297 898
437 612 652
612 437 652
592 460 901
460 592 901
541 672 711
672 541 711
138 626 421
626 138 421
460 798 92
798 460 92
194 3 773
3 194 773
241 406 279
406 241 279
609 412 752
412 609 752
491 226 934
226 491 934
101 802 203
802 101 203
415 581 983
581 415 983
800 186 428
186 800 428
456 789 220
789 456 220
14 774 831
774 14 831
487 455 371
455 487 371
508 165 257
165 508 257
14 324 510
324 14 510
337 577 579
577 337 579
769 554 927
554 769 927
210 380 271
380 210 271
249 81 103
81 249 103
108 812 102
812 108 102
316 256 117
256 316 117
76 629 990
629 76 990
517 607 895
607 517 895
789 560 807
560 789 807
493 236 99
236 493 99
289 42 152
42 289 152
452 420 133
420 452 133
819 445 40
445 819 40
456 672 55
672 456 55
790 205 560
205 790 560
309 726 434
726 309 434
49 151 638
151 49 638
279 165 178
165 279 178
118 35 104
35 118 104
66 573 206
573 66 206
234 772 268
772 234 268
473 485 195
485 473 195
597 15 685
15 597 685
569 56 219
56 569 219
672 757 359
757 672 359
391 471 399
471 391 399
510 737 742
737 510 742
95 208 501
208 95 501
486 494 240
494 486 240
31 215 698
215 31 698
554 504 7
504 554 7
686 311 890
311 686 890
222 310 230
310 222 230
357 337 322
337 357 322
533 330 834
330 533 834
197 659 949
659 197 949
378 318 25
318 378 25
470 616 640
616 470 640
57 450 22
450 57 22
351 637 54
637 351 54
121 188 307
188 121 307
15 658 659
658 15 659
317 144 391
144 317 391
568 142 280
142 568 280
733 160 44
160 733 44
608 314 45
314 608 45
127 276 669
276 127 669
32 499 783
499 32 783
697 360 635
360 697 635
132 356 892
356 132 892
574 512 538
512 574 538
512 517 854
517 512 854
714 91 553
91 714 553
197 577 606
577 197 606
395 541 847
541 395 847
308 820 110
820 308 110
340 28 883
28 340 883
109 93 244
93 109 244
58 635 940
635 58 940
563 501 409
501 563 409
525 769 534
769 525 534
666 50 871
50 666 871
642 564 133
564 642 133
782 724 956
724 782 956
548 228 67
228 548 67
195 564 894
564 195 894
707 360 159
360 707 159
546 770 502
770 546 502
142 522 623
522 142 623
45 242 37
242 45 37
309 273 680
273 309 680
232 808 717
808 232 717
366 545 586
545 366 586
281 762 49
762 281 49
354 598 596
598 354 596
42 250 467
250 42 467
95 387 822
387 95 822
142 165 791
165 142 791
590 653 236
653 590 236
207 410 881
410 207 881
439 235 243
235 439 243
717 794 311
794 717 311
606 763 444
763 606 444
662 756 806
756 662 806
710 312 761
312 710 761
266 460 863
460 266 863
1 560 306
560 1 306
286 774 248
774 286 248
736 619 167
619 736 167
399 577 428
577 399 428
291 149 887
149 291 887
479 818 535
818 479 535
180 440 883
440 180 883
755 562 974
562 755 974
772 338 695
338 772 695
279 264 654
264 279 654
468 784 536
784 468 536
651 379 8
379 651 8
232 298 203
298 232 203
533 372 166
372 533 166
107 632 425
632 107 425
810 397 916
397 810 916
681 32 738
32 681 738
10 418 273
418 10 273
700 530 975
530 700 975
714 393 14
393 714 14
89 701 154
701 89 154
17 454 242
454 17 242
457 401 340
401 457 340
810 331 517
331 810 517
262 567 944
567 262 944
386 195 653
195 386 653
642 130 150
130 642 150
385 106 252
106 385 252
656 665 916
665 656 916
408 350 452
350 408 452
640 65 745
65 640 745
257 764 390
764 257 390
599 367 630
367 599 630
274 822 171
822 274 171
159 510 669
510 159 669
102 800 409
800 102 409
592 682 884
682 592 884
341 317 975
317 341 975
153 807 737
807 153 737
14 40 265
40 14 265
696 699 443
699 696 443
573 730 169
730 573 169
191 447 112
447 191 112
39 435 96
435 39 96
589 151 643
151 589 643
706 96 869
96 706 869
685 454 945
454 685 945
727 534 283
534 727 283
58 535 611
535 58 611
699 551 980
551 699 980
499 738 918
738 499 918
89 803 980
803 89 980
608 33 599
33 608 599
776 113 110
113 776 110
495 500 23
500 495 23
54 592 256
592 54 256
802 631 38
631 802 38
441 531 180
531 441 180
740 391 767
391 740 767
441 472 947
472 441 947
274 299 203
299 274 203
327 563 973
563 327 973
146 654 52
654 146 52
157 115 24
115 157 24
714 779 879
779 714 879
216 328 378
328 216 378
43 75 831
75 43 831
401 329 288
329 401 288
738 29 338
29 738 338
300 690 68
690 300 68
694 67 549
67 694 549
5 524 99
524 5 99
711 457 346
457 711 346
604 151 551
151 604 551
8 566 360
566 8 360
780 592 260
592 780 260
214 553 11
553 214 11
225 32 912
32 225 912
22 539 430
539 22 430
530 747 589
747 530 589
158 142 470
142 158 470
450 400 765
400 450 765
478 796 466
796 478 466
325 407 391
407 325 391
685 113 418
113 685 418
741 193 352
193 741 352
810 738 289
738 810 289
719 437 997
437 719 997
508 245 454
245 508 454
174 122 935
122 174 935
608 679 193
679 608 193
753 791 815
791 753 815
164 79 958
79 164 958
483 90 455
90 483 455
535 794 644
794 535 644
214 736 139
736 214 139
93 586 34
586 93 34
750 652 949
652 750 949
674 144 210
144 674 210
379 240 525
240 379 525
82 150 748
150 82 748
396 101 134
101 396 134
71 695 639
695 71 639
327 179 458
179 327 458
655 805 43
805 655 43
112 363 563
363 112 563
724 708 709
708 724 709
264 731 105
731 264 105
82 190 236
190 82 236
707 130 787
130 707 787
233 347 362
347 233 362
793 808 741
808 793 741
682 316 220
316 682 220
123 558 995
558 123 995
298 723 384
723 298 384
738 754 199
754 738 199
430 315 774
315 430 774
171 141 600
141 171 600
141 71 800
71 141 800
638 721 252
721 638 252
87 186 164
186 87 164
620 24 237
24 620 237
449 284 237
284 449 237
523 544 432
544 523 432
512 567 28
567 512 28
88 438 295
438 88 295
158 784 912
784 158 912
684 788 45
788 684 45
245 415 305
415 245 305
18 448 115
448 18 115
275 253 822
253 275 822
715 276 91
276 715 91
791 166 372
166 791 372
187 463 595
463 187 595
483 616 103
616 483 103
319 79 472
79 319 472
511 613 296
613 511 296
536 785 790
785 536 790
805 292 878
292 805 878
164 56 445
56 164 445
411 402 209
402 411 209
730 459 693
459 730 693
466 392 531
392 466 531
700 740 158
740 700 158
490 29 465
29 490 465
400 346 641
346 400 641
561 266 976
266 561 976
524 414 82
414 524 82
245 9 987
9 245 987
275 717 466
717 275 466
23 695 730
695 23 730
59 671 814
671 59 814
190 769 161
769 190 161
116 262 551
262 116 551
655 216 446
216 655 446
114 393 1
393 114 1
788 377 70
377 788 70
230 262 738
262 230 738
790 92 567
92 790 567
82 42 634
42 82 634
484 822 315
822 484 315
119 404 943
404 119 943
137 51 360
51 137 360
295 138 148
138 295 148
154 132 493
132 154 493
602 207 263
207 602 263
458 793 214
793 458 214
735 453 681
453 735 681
257 826 671
826 257 671
647 268 747
268 647 747
490 454 598
454 490 598
442 580 689
580 442 689
724 19 973
19 724 973
771 68 568
68 771 568
635 587 185
587 635 185
223 516 913
516 223 913
802 423 309
423 802 309
83 664 718
664 83 718
612 383 254
383 612 254
239 706 991
706 239 991
822 682 47
682 822 47
816 237 611
237 816 611
203 229 273
229 203 273
821 631 485
631 821 485
198 664 68
664 198 68
514 8 973
8 514 973
88 675 780
675 88 780
704 151 244
151 704 244
81 689 929
689 81 929
586 412 18
412 586 18
100 713 459
713 100 459
730 658 155
658 730 155
138 669 63
669 138 63
79 95 49
95 79 49
627 336 233
336 627 233
233 9 788
9 233 788
353 721 9
721 353 9
761 133 819
133 761 819
478 617 153
617 478 153
497 362 742
362 497 742
551 502 534
502 551 534
788 411 867
411 788 867
619 153 627
153 619 627
776 385 803
385 776 803
222 741 527
741 222 527
410 589 253
589 410 253
13 113 362
113 13 362
469 820 292
820 469 292
604 239 520
239 604 520
364 666 156
666 364 156
747 823 980
823 747 980
277 468 839
468 277 839
52 204 418
204 52 418
454 303 579
303 454 579
662 548 764
548 662 764
714 524 960
524 714 960
263 609 770
609 263 770
751 240 959
240 751 959
612 596 239
596 612 239
616 316 114
316 616 114
512 685 834
685 512 834
381 815 93
815 381 93
396 522 477
522 396 477
78 211 109
211 78 109
239 324 271
324 239 271
649 274 605
274 649 605
376 442 697
442 376 697
545 747 914
747 545 914
453 128 120
128 453 120
362 62 942
62 362 942
667 651 939
651 667 939
98 157 64
157 98 64
736 262 964
262 736 964
126 213 286
213 126 286
97 445 501
445 97 501
572 90 209
90 572 209
758 140 355
140 758 355
619 530 74
530 619 74
110 417 652
417 110 652
463 817 860
817 463 860
252 155 293
155 252 293
605 347 779
347 605 779
342 10 59
10 342 59
780 648 220
648 780 220
623 371 578
371 623 578
349 790 517
790 349 517
774 295 990
295 774 990
652 269 998
269 652 998
621 341 349
341 621 349
729 416 850
416 729 850
532 463 921
463 532 921
616 533 832
533 616 832
140 404 907
404 140 907
595 466 109
466 595 109
399 177 432
177 399 432
645 129 135
129 645 135
645 816 976
816 645 976
809 555 572
555 809 572
259 158 839
158 259 839
728 444 193
444 728 193
799 460 70
460 799 70
608 464 858
464 608 858
460 388 197
388 460 197
637 285 827
285 637 827
696 513 64
513 696 64
305 107 619
107 305 619
57 463 47
463 57 47
180 200 168
200 180 168
319 623 425
623 319 425
314 327 956
327 314 956
580 357 990
357 580 990
534 681 756
681 534 756
491 24 693
24 491 693
445 610 475
610 445 475
762 691 553
691 762 553
502 423 324
423 502 324
28 639 953
639 28 953
260 224 712
224 260 712
648 744 680
744 648 680
415 540 729
540 415 729
357 213 629
213 357 629
637 475 715
475 637 715
675 583 998
583 675 998
261 38 626
38 261 626
115 571 465
571 115 465
772 755 243
755 772 243
758 525 212
525 758 212
458 733 932
733 458 932
614 792 364
792 614 364
823 97 304
97 823 304
150 308 870
308 150 870
153 102 347
102 153 347
611 699 352
699 611 352
457 767 80
767 457 80
524 250 443
250 524 443
242 783 148
783 242 148
548 771 487
771 548 487
480 164 660
164 480 660
122 665 383
665 122 383
148 352 476
352 148 476
18 555 7
555 18 7
49 531 59
531 49 59
499 547 943
547 499 943
306 785 419
785 306 419
25 205 588
205 25 588
245 409 586
409 245 586
598 223 890
223 598 890
146 633 586
633 146 586
151 264 609
264 151 609
268 807 182
807 268 182
15 511 11
511 15 11
677 580 46
580 677 46
14 237 901
237 14 901
618 809 274
809 618 274
99 318 934
318 99 934
759 798 629
798 759 629
636 128 668
128 636 668
492 785 778
785 492 778
136 368 688
368 136 688
822 61 671
61 822 671
418 424 496
424 418 496
42 651 434
651 42 434
420 375 813
375 420 813
383 633 750
633 383 750
160 316 391
316 160 391
18 609 620
609 18 620
735 148 547
148 735 547
325 2 997
2 325 997
245 114 342
114 245 342
106 765 159
765 106 159
473 655 546
655 473 546
480 74 186
74 480 186
83 135 937
135 83 937
568 74 262
74 568 262
85 151 64
151 85 64
17 498 840
498 17 840
544 601 790
601 544 790
367 731 970
731 367 970
541 784 548
784 541 548
59 305 270
305 59 270
814 648 808
648 814 808
82 9 408
9 82 408
419 723 421
723 419 421
413 133 7
133 413 7
53 166 375
166 53 375
69 718 324
718 69 324
451 816 881
816 451 881
137 415 600
415 137 600
810 278 957
278 810 957
513 502 914
502 513 914
299 561 658
561 299 658
250 190 325
190 250 325
626 751 212
751 626 212
583 641 76
641 583 76
69 431 954
431 69 954
12 525 163
525 12 163
609 368 712
368 609 712
576 546 652
546 576 652
744 795 921
795 744 921
282 607 664
607 282 664
725 366 7
366 725 7
318 737 497
737 318 497
81 76 67
76 81 67
805 684 863
684 805 863
295 401 274
401 295 274
792 603 969
603 792 969
801 331 643
331 801 643
199 717 312
717 199 312
170 113 792
113 170 792
760 757 990
757 760 990
488 35 358
35 488 358
573 212 871
212 573 871
604 268 608
268 604 608
759 203 270
203 759 270
117 190 667
190 117 667
83 162 63
162 83 63
172 322 877
322 172 877
638 183 640
183 638 640
204 760 506
760 204 506
180 81 647
81 180 647
220 469 95
469 220 95
688 439 290
439 688 290
381 35 638
35 381 638
363 646 906
646 363 906
359 595 466
595 359 466
152 778 695
778 152 695
192 138 422
138 192 422
174 612 407
612 174 407
208 269 652
269 208 652
290 592 792
592 290 792
148 371 481
371 148 481
430 275 435
275 430 435
90 92 734
92 90 734
699 686 527
686 699 527
608 480 199
480 608 199
563 594 896
594 563 896
151 600 117
600 151 117
677 443 120
443 677 120
242 63 268
63 242 268
551 314 52
314 551 52
24 600 746
600 24 746
20 601 520
601 20 520
167 821 612
821 167 612
822 608 620
608 822 620
636 121 256
121 636 256
212 662 628
662 212 628
685 653 937
653 685 937
499 422 300
422 499 300
335 195 947
195 335 947
411 162 757
162 411 757
634 44 784
44 634 784
649 215 192
215 649 192
470 118 333
118 470 333
601 22 807
22 601 807
101 106 779
106 101 779
87 169 618
169 87 618
53 781 887
781 53 887
217 18 706
18 217 706
65 438 81
438 65 81
436 1 785
1 436 785
456 684 223
684 456 223
570 157 357
157 570 357
48 168 297
168 48 297
582 377 385
377 582 385
640 476 692
476 640 692
454 823 543
823 454 543
31 547 927
547 31 927
780 452 402
452 780 402
498 360 547
360 498 547
576 88 635
88 576 635
732 636 875
636 732 875
326 101 539
101 326 539
630 494 273
494 630 273
619 601 697
601 619 697
170 161 981
161 170 981
758 711 95
711 758 95
43 483 708
483 43 708
138 90 670
90 138 670
677 419 745
419 677 745
177 454 356
454 177 356
536 568 715
568 536 715
545 450 515
450 545 515
803 562 744
562 803 744
237 533 792
533 237 792
673 801 823
801 673 823
767 64 422
64 767 422
791 810 603
810 791 603
309 454 249
454 309 249
520 529 880
529 520 880
285 16 544
16 285 544
238 234 219
234 238 219
366 623 176
623 366 176
447 518 917
518 447 917
344 768 601
768 344 601
734 725 553
725 734 553
313 667 372
667 313 372
517 794 1
794 517 1
717 104 355
104 717 355
495 143 544
143 495 544
698 769 64
769 698 64
24 340 815
340 24 815
366 359 908
359 366 908
65 709 522
709 65 522
46 569 606
569 46 606
559 731 246
731 559 246
235 199 727
199 235 727
110 496 38
496 110 38
468 367 529
367 468 529
423 318 343
318 423 343
681 630 232
630 681 232
804 767 809
767 804 809
387 18 736
18 387 736
372 654 525
654 372 525
550 714 616
714 550 616
96 427 478
427 96 478
560 303 349
303 560 349
594 485 121
485 594 121
79 413 958
413 79 958
713 741 736
741 713 736
410 194 628
194 410 628
667 823 42
823 667 42
500 562 781
562 500 781
340 322 318
322 340 318
610 209 348
209 610 348
54 187 388
187 54 388
285 555 550
555 285 550
665 184 945
184 665 945
798 245 902
245 798 902
192 525 468
525 192 468
348 554 758
554 348 758
108 368 323
368 108 323
391 112 489
112 391 489
511 569 491
569 511 491
769 500 196
500 769 196
231 402 867
402 231 867
777 569 106
569 777 106
217 301 216
301 217 216
343 152 702
152 343 702
28 112 193
112 28 193
307 64 165
64 307 165
696 740 121
740 696 121
825 572 525
572 825 525
111 420 691
420 111 691
166 632 113
632 166 113
486 30 537
30 486 537
520 305 992
305 520 992
34 729 87
729 34 87
463 497 9
497 463 9
687 364 959
364 687 959
166 395 537
395 166 537
88 412 300
412 88 300
493 793 626
793 493 626
422 534 284
534 422 284
211 690 959
690 211 959
299 336 507
336 299 507
264 754 951
754 264 951
344 2 244
2 344 244
189 218 635
218 189 635
782 103 388
103 782 388
632 752 186
752 632 186
31 322 19
322 31 19
259 517 842
517 259 842
664 112 34
112 664 34
425 222 934
222 425 934
686 60 681
60 686 681
695 764 590
764 695 590
168 306 447
306 168 447
791 700 212
700 791 212
698 715 688
715 698 688
642 456 361
456 642 361
638 681 339
681 638 339
169 751 673
751 169 673
633 4 606
4 633 606
33 237 450
237 33 450
806 783 890
783 806 890
424 243 7
243 424 7
206 124 42
124 206 42
564 318 938
318 564 938
399 255 738
255 399 738
588 504 770
504 588 770
612 289 375
289 612 375
783 460 249
460 783 249
221 399 18
399 221 18
474 624 107
624 474 107
204 155 224
155 204 224
713 592 612
592 713 612
796 568 548
568 796 548
289 557 643
557 289 643
2 32 191
32 2 191
675 24 469
24 675 469
689 167 95
167 689 95
274 235 561
235 274 561
209 765 127
765 209 127
367 646 853
646 367 853
73 620 74
620 73 74
472 446 730
446 472 730
567 176 927
176 567 927
560 179 136
179 560 136
547 199 249
199 547 249
38 119 317
119 38 317
206 702 49
702 206 49
0 134 557
134 0 557
748 246 723
246 748 723
656 437 114
437 656 114
723 411 837
411 723 837
463 677 254
677 463 254
476 737 463
737 476 463
792 304 894
304 792 894
188 402 105
402 188 105
213 140 557
140 213 557
268 777 419
777 268 419
549 126 584
126 549 584
636 25 935
25 636 935
371 271 134
271 371 134
416 232 945
232 416 945
320 750 543
750 320 543
128 30 887
30 128 887
118 525 948
525 118 948
36 178 632
178 36 632
748 643 950
643 748 950
797 342 423
342 797 423
563 829 860
829 563 860
149 231 553
231 149 553
426 349 322
349 426 322
217 570 333
570 217 333
162 211 74
211 162 74
333 473 912
473 333 912
636 779 412
779 636 412
354 714 550
714 354 550
293 420 680
420 293 680
751 732 118
732 751 118
125 96 210
96 125 210
311 481 604
481 311 604
409 481 7
481 409 7
260 275 359
275 260 359
657 791 93
791 657 93
542 467 25
467 542 25
196 664 152
664 196 152
12 240 262
240 12 262
244 442 75
442 244 75
22 529 229
529 22 229
784 167 624
167 784 624
197 107 860
107 197 860
584 341 341
341 584 341
372 255 622
255 372 622
51 94 544
94 51 544
253 621 751
621 253 751
50 296 857
296 50 857
757 357 875
357 757 875
329 317 244
317 329 244
419 630 848
630 419 848
534 136 429
136 534 429
615 310 53
310 615 53
68 570 274
570 68 274
706 563 556
563 706 556
650 410 155
410 650 155
95 451 739
451 95 739
233 43 253
43 233 253
514 84 627
84 514 627
293 351 463
351 293 463
679 601 853
601 679 853
187 275 746
275 187 746
537 644 670
644 537 670
289 235 713
235 289 713
20 181 525
181 20 525
772 90 274
90 772 274
353 193 865
193 353 865
98 746 304
746 98 304
616 793 261
793 616 261
817 74 314
74 817 314
165 29 832
29 165 832
756 698 900
698 756 900
696 618 114
618 696 114
815 60 427
60 815 427
652 381 179
381 652 179
600 6 846
6 600 846
53 698 881
698 53 881
823 513 967
513 823 967
589 295 661
295 589 661
67 766 633
766 67 633
154 691 215
691 154 215
342 208 455
208 342 455
172 475 754
475 172 754
151 169 489
169 151 489
613 735 771
735 613 771
520 596 32
596 520 32
669 6 712
6 669 712
815 721 239
721 815 239
93 814 665
814 93 665
426 11 97
11 426 97
682 635 302
635 682 302
661 402 478
402 661 478
632 461 555
461 632 555
788 261 976
261 788 976
700 362 635
362 700 635
103 25 680
25 103 680
586 178 651
178 586 651
204 168 580
168 204 580
607 355 987
355 607 987
371 280 694
280 371 694
197 674 112
674 197 112
598 390 989
390 598 989
348 215 145
215 348 145
105 85 467
85 105 467
254 604 161
604 254 161
58 812 382
812 58 382
623 412 464
412 623 464
5 92 976
92 5 976
754 446 611
446 754 611
690 299 723
299 690 723
644 71 983
71 644 983
806 589 299
589 806 299
133 819 83
819 133 83
228 5 975
5 228 975
146 386 765
386 146 765
426 687 313
687 426 313
243 305 3
305 243 3
415 660 371
660 415 371
594 414 381
414 594 381
597 165 236
165 597 236
613 106 884
106 613 884
590 712 777
712 590 777
240 499 387
499 240 387
522 357 396
357 522 396
130 173 641
173 130 641
78 394 951
394 78 951
562 786 233
786 562 233
753 394 552
394 753 552
794 25 602
25 794 602
474 720 943
720 474 943
530 201 164
201 530 164
73 386 962
386 73 962
812 788 508
788 812 508
95 244 882
244 95 882
93 129 694
129 93 694
118 343 366
343 118 366
219 608 215
608 219 215
90 711 158
711 90 158
308 435 488
435 308 488
238 192 302
192 238 302
695 183 211
183 695 211
453 623 489
623 453 489
107 217 524
217 107 524
476 375 440
375 476 440
177 504 223
504 177 223
156 234 314
234 156 314
807 786 716
786 807 716
249 464 459
464 249 459
736 296 216
296 736 216
438 769 261
769 438 261
565 800 762
800 565 762
797 412 493
412 797 493
746 664 422
664 746 422
76 433 958
433 76 958
527 350 15
350 527 15
433 206 914
206 433 914
417 77 837
77 417 837
633 557 340
557 633 340
596 488 306
488 596 306
440 194 388
194 440 388
121 160 338
160 121 338
318 87 710
87 318 710
241 278 168
278 241 168
56 503 843
503 56 843
101 122 843
122 101 843
24 439 754
439 24 754
134 565 99
565 134 99
685 154 289
154 685 289
15 23 864
23 15 864
626 170 805
170 626 805
560 439 254
439 560 254
628 347 349
347 628 349
779 6 420
6 779 420
714 572 786
572 714 786
292 213 504
213 292 504
574 152 150
152 574 150
170 123 262
123 170 262
504 25 822
25 504 822
606 110 357
110 606 357
646 294 513
294 646 513
476 328 240
328 476 240
393 693 865
693 393 865
712 344 199
344 712 199
128 730 856
730 128 856
184 527 404
527 184 404
313 402 208
402 313 208
424 174 393
174 424 393
575 431 962
431 575 962
280 468 528
468 280 528
296 807 810
807 296 810
604 76 876
76 604 876
299 662 323
662 299 323
89 279 784
279 89 784
143 518 854
518 143 854
178 761 546
761 178 546
687 699 470
699 687 470
52 257 764
257 52 764
465 382 26
382 465 26
819 175 201
175 819 201
376 633 348
633 376 348
276 500 492
500 276 492
613 667 337
667 613 337
793 572 330
572 793 330
12 431 650
431 12 650
443 400 706
400 443 706
247 59 940
59 247 940
611 590 325
590 611 325
752 630 804
630 752 804
345 475 764
475 345 764
468 199 16
199 468 16
711 653 578
653 711 578
82 80 909
80 82 909
47 533 81
533 47 81
753 194 674
194 753 674
354 659 393
659 354 393
481 534 488
534 481 488
699 117 241
117 699 241
557 815 999
815 557 999
256 663 807
663 256 807
813 627 84
627 813 84
181 84 320
84 181 320
672 656 763
656 672 763
182 431 605
431 182 605
576 353 904
353 576 904
33 126 745
126 33 745
422 359 528
359 422 528
126 312 916
312 126 916
252 69 843
69 252 843
179 445 631
445 179 631
424 696 836
696 424 836
158 109 82
109 158 82
353 356 958
356 353 958
401 566 384
566 401 384
316 6 337
6 316 337
795 709 903
709 795 903
546 256 907
256 546 907
458 286 644
286 458 644
751 616 776
616 751 776
32 595 433
595 32 433
224 263 75
263 224 75
786 58 541
58 786 541
254 528 318
528 254 318
562 383 455
383 562 455
315 67 552
67 315 552
407 381 513
381 407 513
809 12 623
12 809 623
705 819 839
819 705 839
166 709 426
709 166 426
86 316 569
316 86 569
187 483 845
483 187 845
64 818 626
818 64 626
233 765 147
765 233 147
689 115 657
115 689 657
23 604 884
604 23 884
679 243 980
243 679 980
111 552 975
552 111 975
88 250 51
250 88 51
536 47 947
47 536 947
279 326 4
326 279 4
129 73 117
73 129 117
207 234 42
234 207 42
45 49 157
49 45 157
151 390 416
390 151 416
389 736 83
736 389 83
498 752 90
752 498 90
263 518 813
518 263 813
809 540 523
540 809 523
744 182 76
182 744 76
637 655 304
655 637 304
158 701 821
701 158 821
283 380 382
380 283 382
625 396 175
396 625 175
759 539 436
539 759 436
91 615 665
615 91 665
160 44 95
44 160 95
540 16 162
16 540 162
692 393 991
393 692 991
435 759 899
759 435 899
586 150 537
150 586 537
293 375 0
375 293 0
456 475 17
475 456 17
465 711 211
711 465 211
537 493 52
493 537 52
12 430 534
430 12 534
683 32 131
32 683 131
501 658 435
658 501 435
360 535 891
535 360 891
440 150 4
150 440 4
524 396 565
396 524 565
248 410 425
410 248 425
621 428 506
428 621 506
472 354 998
354 472 998
157 751 505
751 157 505
750 25 125
25 750 125
210 612 215
612 210 215
116 280 122
280 116 122
584 301 228
301 584 228
96 511 516
511 96 516
35 176 301
176 35 301
80 807 915
807 80 915
61 54 634
54 61 634
218 714 913
714 218 913
137 650 208
650 137 208
153 490 722
490 153 722
191 98 759
98 191 759
264 354 805
354 264 805
151 193 570
193 151 570
802 736 553
736 802 553
314 650 132
650 314 132
795 48 132
48 795 132
699 256 955
256 699 955
797 382 669
382 797 669
469 670 112
670 469 112
747 794 48
794 747 48
360 407 386
407 360 386
169 686 31
686 169 31
67 774 195
774 67 195
705 591 623
591 705 623
14 34 12
34 14 12
68 817 168
817 68 168
258 714 448
714 258 448
353 481 901
481 353 901
679 56 859
56 679 859
340 384 612
384 340 612
298 263 107
263 298 107
264 219 563
219 264 563
224 103 159
103 224 159
708 532 34
532 708 34
644 151 121
151 644 121
501 509 460
509 501 460
618 68 945
68 618 945
476 657 905
657 476 905
153 563 569
563 153 569
83 267 309
267 83 309
503 689 609
689 503 609
801 190 108
190 801 108
137 440 205
440 137 205
28 545 372
545 28 372
447 513 667
513 447 667
462 634 901
634 462 901
79 685 20
685 79 20
347 6 70
6 347 70
64 408 416
408 64 416
648 411 735
411 648 735
525 754 446
754 525 446
547 693 887
693 547 887
566 638 443
638 566 443
238 557 398
557 238 398
621 738 392
738 621 392
337 808 643
808 337 643
787 751 70
751 787 70
631 231 325
231 631 325
621 519 542
519 621 542
790 363 1000
363 790 1000
776 673 410
673 776 410
100 648 787
648 100 787
153 243 392
243 153 392
412 539 469
539 412 469
141 376 412
376 141 412
672 556 850
556 672 850
33 167 112
167 33 112
709 631 293
631 709 293
491 709 673
709 491 673
309 111 595
111 309 595
145 586 414
586 145 414
43 762 670
762 43 670
421 529 912
529 421 912
244 802 310
802 244 310
567 546 632
546 567 632
265 692 209
692 265 209
589 674 810
674 589 810
673 665 771
665 673 771
705 593 527
593 705 527
354 279 416
279 354 416
545 318 370
318 545 370
299 448 949
448 299 949
98 794 622
794 98 622
591 448 862
448 591 862
119 341 964
341 119 964
258 699 104
699 258 104
135 243 717
243 135 717
336 381 427
381 336 427
486 604 344
604 486 344
325 689 348
689 325 348
147 488 356
488 147 356
498 407 320
407 498 320
314 173 260
173 314 260
172 776 909
776 172 909
373 38 280
38 373 280
336 259 903
259 336 903
46 346 598
346 46 598
523 660 623
660 523 623
520 115 922
115 520 922
130 424 641
424 130 641
382 288 291
288 382 291
445 640 48
640 445 48
102 129 370
129 102 370
397 79 640
79 397 640
229 150 462
150 229 462
336 699 280
699 336 280
711 386 221
386 711 221
564 397 93
397 564 93
568 471 502
471 568 502
196 686 430
686 196 430
616 351 372
351 616 372
337 801 189
801 337 189
682 342 120
342 682 120
787 757 278
757 787 278
12 801 606
801 12 606
271 357 877
357 271 877
800 264 720
264 800 720
700 604 901
604 700 901
124 645 280
645 124 280
649 487 337
487 649 337
527 446 222
446 527 222
517 262 798
262 517 798
598 727 346
727 598 346
477 378 97
378 477 97
164 77 951
77 164 951
454 44 169
44 454 169
166 221 595
221 166 595
330 369 272
369 330 272
701 170 808
170 701 808
97 561 978
561 97 978
506 503 292
503 506 292
530 328 579
328 530 579
244 766 642
766 244 642
537 414 672
414 537 672
542 654 303
654 542 303
217 317 450
317 217 450
503 468 914
468 503 914
83 164 717
164 83 717
81 700 785
700 81 785
352 701 476
701 352 476
770 729 447
729 770 447
420 640 130
640 420 130
105 54 457
54 105 457
89 458 889
458 89 889
625 273 971
273 625 971
604 716 317
716 604 317
304 700 461
700 304 461
341 141 948
141 341 948
461 437 117
437 461 117
568 758 925
758 568 925
195 248 434
248 195 434
67 292 911
292 67 911
393 477 858
477 393 858
694 208 182
208 694 182
482 202 814
202 482 814
539 541 863
541 539 863
741 294 338
294 741 338
264 248 343
248 264 343
13 44 492
44 13 492
440 283 99
283 440 99
98 569 466
569 98 466
279 624 155
624 279 155
165 500 38
500 165 38
724 4 306
4 724 306
582 698 939
698 582 939
527 562 683
562 527 683
460 298 483
298 460 483
96 333 20
333 96 20
130 538 795
538 130 795
727 672 114
672 727 114
644 498 552
498 644 552
309 448 295
448 309 295
35 497 459
497 35 459
416 420 296
420 416 296
103 64 244
64 103 244
367 821 112
821 367 112
596 572 433
572 596 433
361 641 40
641 361 40
194 322 100
322 194 100
684 196 842
196 684 842
354 685 143
685 354 143
112 364 785
364 112 785
62 446 428
446 62 428
825 654 831
654 825 831
432 582 591
582 432 591
32 635 447
635 32 447
819 260 643
260 819 643
414 250 465
250 414 465
734 656 99
656 734 99
462 209 132
209 462 132
8 247 944
247 8 944
259 504 108
504 259 108
403 152 4
152 403 4
652 755 590
755 652 590
715 428 542
428 715 542
693 302 617
302 693 617
822 18 437
18 822 437
468 136 263
136 468 263
92 605 199
605 92 199
40 614 321
614 40 321
687 812 938
812 687 938
182 777 200
777 182 200
1 401 703
401 1 703
204 402 93
402 204 93
238 652 516
652 238 516
419 118 919
118 419 919
447 659 163
659 447 163
20 607 920
607 20 920
260 11 948
11 260 948
150 617 595
617 150 595
264 759 393
759 264 393
349 63 542
63 349 542
117 611 633
611 117 633
681 565 729
565 681 729
377 425 416
425 377 416
636 603 520
603 636 520
92 60 176
60 92 176
421 283 323
283 421 323
76 740 627
740 76 627
541 602 656
602 541 656
17 814 679
814 17 679
676 481 211
481 676 211
443 374 599
374 443 599
348 347 720
347 348 720
187 566 471
566 187 471
12 708 701
708 12 701
92 371 487
371 92 487
531 701 332
701 531 332
390 500 799
500 390 799
452 528 649
528 452 649
118 421 779
421 118 779
629 211 588
211 629 588
666 669 62
669 666 62
469 766 302
766 469 302
620 557 761
557 620 761
44 250 89
250 44 89
1 493 194
493 1 194
193 560 447
560 193 447
522 173 522
173 522 522
621 612 19
612 621 19
160 382 682
382 160 682
324 173 435
173 324 435
737 803 791
803 737 791
371 218 623
218 371 623
269 60 211
60 269 211
789 287 484
287 789 484
131 245 959
245 131 959
682 68 535
68 682 535
422 185 474
185 422 474
13 166 617
166 13 617
300 355 142
355 300 142
804 686 497
686 804 497
430 791 728
791 430 728
699 749 222
749 699 222
249 759 601
759 249 601
787 241 769
241 787 769
598 84 573
84 598 573
473 805 515
805 473 515
49 439 593
439 49 593
98 303 795
303 98 795
737 550 537
550 737 537
568 90 719
90 568 719
472 457 397
457 472 397
823 179 73
179 823 73
736 30 729
30 736 729
211 297 730
297 211 730
817 237 628
237 817 628
767 410 361
410 767 361
13 505 855
505 13 855
61 640 304
640 61 304
74 544 383
544 74 383
129 44 720
44 129 720
30 663 672
663 30 672
325 406 414
406 325 414
259 318 934
318 259 934
179 828 859
828 179 859
558 428 680
428 558 680
717 344 619
344 717 619
829 197 297
197 829 297
21 386 138
386 21 138
138 693 722
693 138 722
37 34 861
34 37 861
203 498 471
498 203 471
239 564 541
564 239 541
254 707 185
707 254 185
499 212 537
212 499 537
455 297 731
297 455 731
64 614 40
614 64 40
749 786 63
786 749 63
673 731 582
731 673 582
448 222 488
222 448 488
805 114 412
114 805 412
531 716 127
716 531 127
501 51 51
51 501 51
274 263 495
263 274 495
157 618 140
618 157 140
575 170 709
170 575 709
455 625 467
625 455 467
316 79 62
79 316 62
437 792 602
792 437 602
444 535 750
535 444 750
394 352 965
352 394 965
663 20 278
20 663 278
460 626 345
626 460 345
726 147 819
147 726 819
54 617 401
617 54 401
86 45 236
45 86 236
289 559 496
559 289 496
618 751 448
751 618 448
652 777 201
777 652 201
280 461 623
461 280 623
435 264 93
264 435 93
618 369 612
369 618 612
298 289 177
289 298 177
570 127 79
127 570 79
281 785 506
785 281 506
433 1 73
1 433 73
525 440 328
440 525 328
698 240 768
240 698 768
705 492 512
492 705 512
562 154 695
154 562 695
772 668 557
668 772 557
387 32 844
32 387 844
671 813 660
813 671 660
517 548 919
548 517 919
717 274 265
274 717 265
764 657 61
657 764 61
548 193 412
193 548 412
276 223 483
223 276 483
554 269 928
269 554 928
52 479 786
479 52 786
535 113 520
113 535 520
95 438 168
438 95 168
818 339 449
339 818 449
495 406 221
406 495 221
657 175 717
175 657 717
139 210 227
210 139 227
762 437 276
437 762 276
168 237 353
237 168 353
381 102 147
102 381 147
806 269 719
269 806 719
195 449 937
449 195 937
514 43 877
43 514 877
175 421 37
421 175 37
675 501 1000
501 675 1000
36 395 108
395 36 108
325 99 987
99 325 987
816 657 330
657 816 330
233 646 385
646 233 385
423 403 197
403 423 197
257 409 677
409 257 677
260 730 868
730 260 868
750 664 45
664 750 45
738 648 991
648 738 991
282 188 764
188 282 764
70 103 903
103 70 903
409 85 251
85 409 251
533 473 153
473 533 153
9 261 279
261 9 279
631 392 904
392 631 904
409 275 682
275 409 682
353 514 743
514 353 743
55 547 577
547 55 577
82 92 351
92 82 351
301 803 864
803 301 864
813 260 952
260 813 952
33 422 738
422 33 738
578 214 243
214 578 243
556 821 525
821 556 525
264 263 727
263 264 727
725 578 213
578 725 213
135 353 352
353 135 352
479 289 352
289 479 352
208 306 893
306 208 893
426 256 680
256 426 680
363 443 299
443 363 299
324 595 548
595 324 548
815 568 993
568 815 993
738 12 349
12 738 349
495 134 914
134 495 914
594 50 558
50 594 558
437 522 217
522 437 217
217 360 274
360 217 274
744 242 16
242 744 16
717 214 964
214 717 964
394 711 368
711 394 368
465 774 612
774 465 612
44 429 680
429 44 680
58 353 52
353 58 52
223 532 845
532 223 845
215 594 580
594 215 580
827 227 887
227 827 887
266 303 962
303 266 962
214 274 916
274 214 916
621 777 976
777 621 976
323 809 246
809 323 246
496 339 686
339 496 686
528 262 897
262 528 897
189 405 27
405 189 27
151 564 432
564 151 432
723 79 66
79 723 66
776 358 693
358 776 693
244 669 345
669 244 345
733 605 135
605 733 135
26 4 115
4 26 115
577 774 178
774 577 178
702 695 967
695 702 967
411 543 377
543 411 377
284 257 255
257 284 255
412 702 935
702 412 935
593 698 794
698 593 794
456 806 512
806 456 512
695 818 814
818 695 814
284 222 922
222 284 922
17 766 814
766 17 814
416 42 243
42 416 243
559 393 354
393 559 354
111 777 601
777 111 601
238 697 176
697 238 176
119 821 546
821 119 546
234 815 802
815 234 802
196 247 767
247 196 767
803 455 648
455 803 648
531 215 624
215 531 624
108 178 411
178 108 411
387 762 609
762 387 609
82 111 811
111 82 811
185 740 507
740 185 507
642 53 510
53 642 510
213 230 767
230 213 767
679 676 260
676 679 260
552 703 981
703 552 981
805 234 501
234 805 501
353 418 73
418 353 73
33 359 744
359 33 744
633 616 352
616 633 352
753 635 870
635 753 870
363 470 904
470 363 904
709 386 798
386 709 798
139 349 886
349 139 886
530 204 378
204 530 378
177 501 352
501 177 352
389 433 347
433 389 347
331 537 153
537 331 153
28 466 365
466 28 365
682 657 930
657 682 930
269 120 1000
120 269 1000
305 122 598
122 305 598
719 232 517
232 719 517
629 556 366
556 629 366
335 622 57
622 335 57
747 106 484
106 747 484
718 122 884
122 718 884
660 364 805
364 660 805
295 828 438
828 295 438
521 415 566
415 521 566
800 57 465
57 800 465
175 618 718
618 175 718
690 700 492
700 690 492
459 373 950
373 459 950
330 92 624
92 330 624
671 11 781
11 671 781
74 612 215
612 74 215
457 755 721
755 457 721
122 306 509
306 122 509
544 135 537
135 544 537
749 701 605
701 749 605
428 297 163
297 428 163
471 643 718
643 471 718
335 70 172
70 335 172
623 515 834
515 623 834
478 467 754
467 478 754
269 169 845
169 269 845
188 187 550
187 188 550
38 636 413
636 38 413
426 406 594
406 426 594
725 255 621
255 725 621
742 531 111
531 742 111
277 816 299
816 277 299
165 370 576
370 165 576
79 80 995
80 79 995
590 551 395
551 590 395
771 568 874
568 771 874
787 692 495
692 787 495
370 417 780
417 370 780
69 545 176
545 69 176
472 804 645
804 472 645
260 325 356
325 260 356
254 721 850
721 254 850
421 435 186
435 421 186
73 595 570
595 73 570
295 476 228
476 295 228
333 374 481
374 333 481
508 687 963
687 508 963
483 76 542
76 483 542
651 262 512
262 651 512
475 616 21
616 475 21
638 504 436
504 638 436
84 408 257
408 84 257
54 231 839
231 54 839
174 700 773
700 174 773
212 337 542
337 212 542
390 359 703
359 390 703
772 239 982
239 772 982
128 640 636
640 128 636
159 669 89
669 159 89
564 21 221
21 564 221
698 81 861
81 698 861
549 399 671
399 549 671
19 552 556
552 19 556
443 564 249
564 443 249
251 155 23
155 251 23
707 98 13
98 707 13
687 684 411
684 687 411
732 632 148
632 732 148
164 715 373
715 164 373
367 722 610
722 367 610
139 238 149
238 139 149
85 216 712
216 85 712
142 610 876
610 142 876
50 313 331
313 50 331
61 141 962
141 61 962
283 355 908
355 283 908
41 428 633
428 41 633
491 368 416
368 491 416
387 448 341
448 387 341
291 813 865
813 291 865
218 39 834
39 218 834
374 361 453
361 374 453
497 822 704
822 497 704
409 806 25
806 409 25
150 800 784
800 150 784
220 660 313
660 220 313
708 210 988
210 708 988
102 161 933
161 102 933
756 17 832
17 756 832
394 127 614
127 394 614
607 603 339
603 607 339
62 269 805
269 62 805
173 603 790
603 173 790
321 308 22
308 321 22
170 699 815
699 170 815
77 507 341
507 77 341
60 291 604
291 60 604
524 130 979
130 524 979
224 41 804
41 224 804
521 395 927
395 521 927
518 124 608
124 518 608
290 83 558
83 290 558
717 112 764
112 717 764
277 339 393
339 277 393
807 731 119
731 807 119
531 223 452
223 531 452
501 6 116
6 501 116
36 400 502
400 36 502
147 389 404
389 147 404
306 820 546
820 306 546
474 394 183
394 474 183
767 516 840
516 767 840
443 215 975
215 443 975
193 585 759
585 193 759
636 704 362
704 636 362
414 450 987
450 414 987
166 481 987
481 166 987
455 635 668
635 455 668
96 341 795
341 96 795
641 628 103
628 641 103
519 631 505
631 519 505
71 766 468
766 71 468
107 249 274
249 107 274
498 286 7
286 498 7
184 195 624
195 184 624
307 626 210
626 307 210
799 85 868
85 799 868
684 136 30
136 684 30
190 789 825
789 190 825
438 184 631
184 438 631
228 293 592
293 228 592
121 72 199
72 121 199
741 210 274
210 741 274
41 643 621
643 41 621
341 816 615
816 341 615
33 766 801
766 33 801
729 321 429
321 729 429
750 500 822
500 750 822
804 696 957
696 804 957
87 701 707
701 87 707
608 53 502
53 608 502
412 160 795
160 412 795
285 214 233
214 285 233
333 688 255
688 333 255
162 487 730
487 162 730
545 205 981
205 545 981
355 211 112
211 355 112
526 425 751
425 526 751
649 20 800
20 649 800
403 254 797
254 403 797
558 672 699
672 558 699
368 158 513
158 368 513
816 37 384
37 816 384
149 418 263
418 149 263
196 320 645
320 196 645
238 232 943
232 238 943
329 249 534
249 329 534
236 190 480
190 236 480
436 409 254
409 436 254
821 348 300
348 821 300
31 424 931
424 31 931
714 371 494
371 714 494
598 339 339
339 598 339
591 630 619
630 591 619
281 25 353
25 281 353
684 746 471
746 684 471
361 739 901
739 361 901
525 354 87
354 525 87
166 331 257
331 166 257
229 457 368
457 229 368
251 260 488
260 251 488
654 418 565
418 654 565
376 620 987
620 376 987
731 118 429
118 731 429
492 411 274
411 492 274
102 447 605
447 102 605
630 777 676
777 630 676
38 551 880
551 38 880
537 785 658
785 537 658
45 332 556
332 45 556
448 558 961
558 448 961
429 96 591
96 429 591
334 124 129
124 334 129
459 785 354
785 459 354
713 203 705
203 713 705
221 788 769
788 221 769
356 225 422
225 356 422
595 83 771
83 595 771
492 514 281
514 492 281
8 12 2
12 8 2
24 35 282
35 24 282
154 82 41
82 154 41
137 211 968
211 137 968
612 23 43
23 612 43
652 621 1
621 652 1
224 89 206
89 224 206
763 516 404
516 763 404
121 416 323
416 121 323
380 820 657
820 380 657
47 399 85
399 47 85
780 414 183
414 780 183
653 680 241
680 653 241
472 18 537
18 472 537
270 56 95
56 270 95
249 793 525
793 249 525
40 118 342
118 40 342
649 603 391
603 649 391
503 547 579
547 503 579
394 822 772
822 394 772
736 529 352
529 736 352
733 655 558
655 733 558
553 78 907
78 553 907
664 823 186
823 664 186
785 195 367
195 785 367
301 197 770
197 301 770
658 57 962
57 658 962
609 714 229
714 609 229
403 550 888
550 403 888
593 91 82
91 593 82
240 785 904
785 240 904
426 748 399
748 426 399
584 715 413
715 584 413
692 172 367
172 692 367
447 383 790
383 447 790
786 66 95
66 786 95
801 646 139
646 801 139
663 172 32
172 663 32
503 121 625
121 503 625
201 648 477
648 201 477
32 477 245
477 32 245
678 395 637
395 678 637
515 665 692
665 515 692
323 90 791
90 323 791
801 758 252
758 801 252
550 705 182
705 550 182
348 67 246
67 348 246
247 499 308
499 247 308
169 413 628
413 169 628
380 490 505
490 380 505
291 709 59
709 291 59
571 109 709
109 571 709
549 436 53
436 549 53
667 488 490
488 667 490
656 106 444
106 656 444
407 288 901
288 407 901
336 84 209
84 336 209
457 753 732
753 457 732
596 53 999
53 596 999
469 711 550
711 469 550
131 490 203
490 131 203
743 131 653
131 743 653
505 803 565
803 505 565
367 210 803
210 367 803
750 299 488
299 750 488
728 474 9
474 728 9
624 623 535
623 624 535
727 649 801
649 727 801
596 580 876
580 596 876
220 472 747
472 220 747
527 18 882
18 527 882
792 400 198
400 792 198
149 303 332
303 149 332
241 598 867
598 241 867
775 339 407
339 775 407
209 405 932
405 209 932
636 591 558
591 636 558
553 239 319
239 553 319
268 346 565
346 268 565
651 99 536
99 651 536
468 789 425
789 468 425
703 373 89
373 703 89
630 336 9
336 630 9
500 208 492
208 500 492
72 466 399
466 72 399
565 370 649
370 565 649
402 419 827
419 402 827
205 677 517
677 205 517
479 745 926
745 479 926
213 115 840
115 213 840
49 684 981
684 49 981
556 345 447
345 556 447
587 259 129
259 587 129
533 453 626
453 533 626
692 525 575
525 692 575
252 697 506
697 252 506
748 240 626
240 748 626
412 230 891
230 412 891
483 821 714
821 483 714
796 611 103
611 796 103
339 564 589
564 339 589
181 586 247
586 181 247
46 140 582
140 46 582
548 381 741
381 548 741
580 409 804
409 580 804
482 583 670
583 482 670
69 446 997
446 69 997
169 680 858
680 169 858
470 495 300
495 470 300
186 407 703
407 186 703
683 178 560
178 683 560
624 348 211
348 624 211
124 84 520
84 124 520
131 170 888
170 131 888
818 752 368
752 818 368
476 353 937
353 476 937
608 689 871
689 608 871
218 821 536
821 218 536
56 271 76
271 56 76
377 130 552
130 377 552
151 303 365
303 151 365
306 190 450
190 306 450
617 300 438
300 617 438
488 576 803
576 488 803
401 114 266
114 401 266
308 716 297
716 308 297
253 314 590
314 253 590
481 805 751
805 481 751
805 98 734
98 805 734
163 816 862
816 163 862
592 95 510
95 592 510
702 42 720
42 702 720
98 617 814
617 98 814
109 13 18
13 109 18
310 393 250
393 310 250
568 722 143
722 568 143
241 411 309
411 241 309
818 477 611
477 818 611
796 509 231
509 796 231
431 100 531
100 431 531
297 713 234
713 297 234
824 423 989
423 824 989
147 667 675
667 147 675
565 411 494
411 565 494
229 492 509
492 229 509
206 673 984
673 206 984
782 691 44
691 782 44
546 100 389
100 546 389
559 51 851
51 559 851
460 518 687
518 460 687
813 596 859
596 813 859
482 295 516
295 482 516
373 495 694
495 373 694
142 588 36
588 142 36
690 425 819
425 690 819
660 162 771
162 660 771
400 693 70
693 400 70
19 570 955
570 19 955
265 7 332
7 265 332
697 755 370
755 697 370
693 191 481
191 693 481
57 559 592
559 57 592
2 387 775
387 2 775
461 684 30
684 461 30
476 618 652
618 476 652
293 111 243
111 293 243
41 780 999
780 41 999
63 127 861
127 63 861
458 24 324
24 458 324
19 464 47
464 19 47
449 435 16
435 449 16
113 507 73
507 113 73
47 50 695
50 47 695
241 93 566
93 241 566
235 129 60
129 235 60
90 295 11
295 90 11
787 318 44
318 787 44
828 15 911
15 828 911
171 700 97
700 171 97
250 315 747
315 250 747
266 6 545
6 266 545
391 458 586
458 391 586
503 723 583
723 503 583
606 49 68
49 606 68
651 373 384
373 651 384
528 440 677
440 528 677
687 720 972
720 687 972
488 756 884
756 488 884
372 471 5
471 372 5
577 420 236
420 577 236
790 97 91
97 790 91
544 312 914
312 544 914
292 304 10
304 292 10
456 98 461
98 456 461
548 402 50
402 548 50
818 622 693
622 818 693
662 673 177
673 662 177
33 454 259
454 33 259
206 251 90
251 206 90
616 126 108
126 616 108
374 696 541
696 374 541
22 579 356
579 22 356
694 463 271
463 694 271
353 26 456
26 353 456
66 736 418
736 66 418
605 676 259
676 605 259
721 774 921
774 721 921
601 117 897
117 601 897
586 670 910
670 586 910
144 275 594
275 144 594
190 161 721
161 190 721
514 428 187
428 514 187
727 3 924
3 727 924
765 257 730
257 765 730
327 701 714
701 327 714
576 760 695
760 576 695
218 451 30
451 218 30
665 49 375
49 665 375
349 642 211
642 349 211
231 191 661
191 231 661
679 735 945
735 679 945
52 778 563
778 52 563
39 738 428
738 39 428
494 194 710
194 494 710
366 715 154
715 366 154
810 532 7
532 810 7
36 417 600
417 36 600
54 397 7
397 54 7
394 302 215
302 394 215
257 421 560
421 257 560
404 417 730
417 404 730
298 705 485
705 298 485
622 162 207
162 622 207
422 506 494
506 422 494
393 213 930
213 393 930
174 345 533
345 174 533
35 363 969
363 35 969
8 674 501
674 8 501
372 475 756
475 372 756
815 664 4
664 815 4
404 227 398
227 404 398
668 381 657
381 668 657
298 45 671
45 298 671
729 464 584
464 729 584
257 539 22
539 257 22
6 253 332
253 6 332
304 195 371
195 304 371
543 256 667
256 543 667
393 23 63
23 393 63
271 193 227
193 271 227
67 691 508
691 67 508
591 504 289
504 591 289
433 48 923
48 433 923
821 683 92
683 821 92
568 171 544
171 568 544
145 746 331
746 145 331
115 457 502
457 115 502
799 346 785
346 799 785
360 625 844
625 360 844
161 664 95
664 161 95
711 163 875
163 711 875
281 680 885
680 281 885
85 618 395
618 85 395
527 266 507
266 527 507
533 653 788
653 533 788
271 695 316
695 271 316
754 294 603
294 754 603
99 129 173
129 99 173
405 243 604
243 405 604
72 227 106
227 72 106
232 800 777
800 232 777
513 647 737
647 513 737
353 300 213
300 353 213
371 294 441
294 371 441
671 567 354
567 671 354
718 265 641
265 718 641
54 728 758
728 54 758
317 44 74
44 317 74
822 756 689
756 822 689
804 554 258
554 804 258
176 182 258
182 176 258
117 0 718
0 117 718
408 746 385
746 408 385
203 439 984
439 203 984
645 203 155
203 645 155
166 484 552
484 166 552
464 688 802
688 464 802
28 243 185
243 28 185
301 804 458
804 301 458
119 527 748
527 119 748
387 341 882
341 387 882
535 282 613
282 535 613
490 416 731
416 490 731
410 363 425
363 410 425
383 45 575
45 383 575
400 608 507
608 400 507
414 160 235
160 414 235
495 799 822
799 495 822
132 401 472
401 132 472
451 298 114
298 451 114
471 69 903
69 471 903
562 598 192
598 562 192
155 820 122
820 155 122
757 218 991
218 757 991
524 61 212
61 524 212
582 542 118
542 582 118
213 80 540
80 213 540
90 554 884
554 90 884
639 232 890
232 639 890
812 445 106
445 812 106
406 765 77
765 406 77
311 506 221
506 311 221
76 457 709
457 76 709
555 199 274
199 555 274
647 359 703
359 647 703
348 426 734
426 348 734
481 513 321
513 481 321
141 57 783
57 141 783
4 339 910
339 4 910
606 615 940
615 606 940