431 394 265
394 431 265
525 431 414
431 525 414
310 431 366
431 310 366
601 431 516
431 601 516
142 525 143
525 142 143
97 601 818
601 97 818
258 601 722
601 258 722
624 525 317
525 624 317
102 431 920
431 102 920
710 142 483
142 710 483
581 431 362
431 581 362
451 142 625
142 451 625
667 310 989
310 667 989
574 258 453
258 574 453
542 601 63
601 542 63
571 394 95
394 571 95
414 394 626
394 414 626
514 710 249
710 514 249
338 525 195
525 338 195
597 258 244
258 597 244
148 414 458
414 148 458
93 525 327
525 93 327
534 542 111
542 534 111
315 414 298
414 315 298
130 414 340
414 130 340
572 97 986
97 572 986
642 414 601
414 642 601
301 574 93
574 301 93
636 130 394
130 636 394
334 514 247
514 334 247
305 142 193
142 305 193
197 525 627
525 197 627
704 571 487
571 704 487
70 142 695
142 70 695
138 102 945
102 138 945
39 142 919
142 39 919
582 130 857
130 582 857
562 414 534
414 562 534
251 667 916
667 251 916
639 572 593
572 639 593
293 301 504
301 293 504
718 293 717
293 718 717
384 142 332
142 384 332
668 258 498
258 668 498
640 639 343
639 640 343
204 542 16
542 204 16
290 258 722
258 290 722
236 534 813
534 236 813
183 148 436
148 183 436
64 97 801
97 64 801
159 668 224
668 159 224
47 39 649
39 47 649
588 562 696
562 588 696
79 431 127
431 79 127
702 451 620
451 702 620
635 258 400
258 635 400
100 534 853
534 100 853
127 525 620
525 127 620
22 451 984
451 22 984
208 640 126
640 208 126
528 667 744
667 528 744
66 22 695
22 66 695
24 70 435
70 24 435
695 451 855
451 695 855
292 624 226
624 292 226
81 562 358
562 81 358
486 534 62
534 486 62
561 22 40
22 561 40
674 451 716
451 674 716
439 130 266
130 439 266
404 208 858
208 404 858
647 148 714
148 647 714
231 258 807
258 231 807
181 597 350
597 181 350
602 197 120
197 602 120
682 635 681
635 682 681
201 431 482
431 201 482
464 647 895
647 464 895
577 251 664
251 577 664
406 183 857
183 406 857
285 338 574
338 285 574
12 127 759
127 12 759
90 718 756
718 90 756
51 674 287
674 51 287
160 334 780
334 160 780
551 640 624
640 551 624
336 551 367
551 336 367
687 285 874
285 687 874
724 571 732
571 724 732
361 183 766
183 361 766
478 90 82
90 478 82
1 682 196
682 1 196
389 597 245
597 389 245
262 285 458
285 262 458
442 361 896
361 442 896
666 588 32
588 666 32
469 724 581
724 469 581
489 51 726
51 489 726
54 148 456
148 54 456
76 704 718
704 76 718
189 100 540
100 189 540
573 404 618
404 573 618
0 601 506
601 0 506
385 251 857
251 385 857
550 97 828
97 550 828
492 315 561
315 492 561
105 1 133
1 105 133
18 159 972
159 18 972
497 639 3
639 497 3
257 431 734
431 257 734
4 550 691
550 4 691
637 464 100
464 637 100
233 542 622
542 233 622
243 4 309
4 243 309
342 687 186
687 342 186
125 208 874
208 125 874
479 406 83
406 479 83
29 138 935
138 29 935
547 573 811
573 547 811
147 257 262
257 147 262
169 90 533
90 169 533
424 574 892
574 424 892
195 138 871
138 195 871
26 142 41
142 26 41
260 336 265
336 260 265
691 639 969
639 691 969
452 147 581
147 452 581
56 691 729
691 56 729
566 4 381
4 566 381
670 640 212
640 670 212
463 181 9
181 463 9
177 562 277
562 177 277
415 551 808
551 415 808
457 534 346
534 457 346
46 710 276
710 46 276
213 562 597
562 213 597
365 1 404
1 365 404
693 704 300
704 693 300
151 424 748
424 151 748
308 451 315
451 308 315
232 415 746
415 232 746
95 201 412
201 95 412
418 682 424
682 418 424
144 130 574
130 144 574
614 169 345
169 614 345
437 305 490
305 437 490
155 452 436
452 155 436
50 201 343
201 50 343
210 718 641
718 210 641
728 666 825
666 728 825
118 571 827
571 118 827
115 64 767
64 115 767
295 542 394
542 295 394
11 130 403
130 11 403
722 177 296
177 722 296
585 260 807
260 585 807
289 18 85
18 289 85
482 635 267
635 482 267
226 257 196
257 226 196
471 636 65
636 471 65
38 457 462
457 38 462
274 334 509
334 274 509
522 292 212
292 522 212
61 702 638
702 61 638
203 572 202
572 203 202
609 666 370
666 609 370
725 562 107
562 725 107
649 582 577
582 649 577
536 522 696
522 536 696
559 415 507
415 559 507
428 452 510
452 428 510
277 693 624
693 277 624
303 525 348
525 303 348
425 12 36
12 425 36
706 582 895
582 706 895
351 11 802
11 351 802
218 469 596
469 218 596
397 147 67
147 397 67
120 177 889
177 120 889
58 571 230
571 58 230
185 710 307
710 185 307
21 243 338
243 21 338
229 562 889
562 229 889
628 442 517
442 628 517
520 46 514
46 520 514
49 437 92
437 49 92
712 295 78
295 712 78
589 47 296
47 589 296
575 195 865
195 575 865
531 722 600
722 531 600
330 142 672
142 330 672
2 575 186
575 2 186
419 566 583
566 419 583
358 160 67
160 358 67
686 486 965
486 686 965
422 385 393
385 422 393
532 542 167
542 532 167
186 528 293
528 186 293
468 574 964
574 468 964
57 195 427
195 57 427
209 260 911
260 209 911
123 277 715
277 123 715
225 361 421
361 225 421
59 585 477
585 59 477
546 479 48
479 546 48
154 147 796
147 154 796
230 142 33
142 230 33
199 38 331
38 199 331
162 120 562
120 162 562
499 183 392
183 499 392
705 301 902
301 705 902
94 585 717
585 94 717
673 289 647
289 673 647
488 609 127
609 488 127
430 209 869
209 430 869
194 54 818
54 194 818
427 531 893
531 427 893
187 177 881
177 187 881
578 236 39
236 578 39
570 76 455
76 570 455
283 419 195
419 283 195
344 478 808
478 344 808
465 338 979
338 465 979
34 710 497
710 34 497
200 97 967
97 200 967
386 559 582
559 386 582
423 34 221
34 423 221
176 534 794
534 176 794
615 386 910
386 615 910
472 468 514
468 472 514
519 457 430
457 519 430
378 464 968
464 378 968
91 582 436
582 91 436
671 144 432
144 671 432
696 148 958
148 696 958
85 492 64
492 85 64
82 492 792
492 82 792
128 712 977
712 128 977
25 123 457
123 25 457
337 706 427
706 337 427
27 452 941
452 27 941
659 90 739
90 659 739
214 597 360
597 214 360
65 305 367
305 65 367
533 258 353
258 533 353
282 640 10
640 282 10
644 22 838
22 644 838
299 514 610
514 299 610
692 39 212
39 692 212
5 47 674
47 5 674
521 712 960
712 521 960
703 305 765
305 703 765
8 602 377
602 8 377
540 97 955
97 540 955
475 22 879
22 475 879
124 442 464
442 124 464
104 65 352
65 104 352
558 177 133
177 558 133
30 492 370
492 30 370
280 659 983
659 280 983
252 118 959
118 252 959
699 725 188
725 699 188
474 293 105
293 474 105
429 289 160
289 429 160
318 602 968
602 318 968
114 243 323
243 114 323
408 26 242
26 408 242
612 262 298
262 612 298
317 488 679
488 317 679
43 486 615
486 43 615
19 209 79
209 19 79
579 582 135
582 579 135
354 295 563
295 354 563
352 647 605
647 352 605
357 115 652
115 357 652
307 384 254
384 307 254
373 575 652
575 373 652
443 636 385
636 443 385
348 601 427
601 348 427
608 61 451
61 608 451
180 531 300
531 180 300
396 204 973
204 396 973
167 702 283
702 167 283
109 464 814
464 109 814
596 176 950
176 596 950
346 262 786
262 346 786
366 283 178
283 366 178
227 378 348
378 227 348
449 647 363
647 449 363
398 668 494
668 398 494
646 385 301
385 646 301
3 615 633
615 3 633
400 310 223
310 400 223
268 127 787
127 268 787
544 11 558
11 544 558
524 577 434
577 524 434
617 27 94
27 617 94
594 540 778
540 594 778
217 443 780
443 217 780
360 418 647
418 360 647
28 528 276
528 28 276
592 597 0
597 592 0
242 225 538
225 242 538
509 123 455
123 509 455
106 566 362
566 106 362
265 76 609
76 265 609
87 514 72
514 87 72
701 457 312
457 701 312
481 425 121
425 481 121
477 452 912
452 477 912
679 90 69
90 679 69
375 50 289
50 375 289
467 561 587
561 467 587
473 105 544
105 473 544
110 499 978
499 110 978
580 443 413
443 580 413
669 95 299
95 669 299
401 531 581
531 401 581
569 439 160
439 569 160
131 528 390
528 131 390
369 592 479
592 369 479
141 346 684
346 141 684
284 185 647
185 284 647
440 94 223
94 440 223
445 5 711
5 445 711
462 274 504
274 462 504
613 334 454
334 613 454
286 231 763
231 286 763
460 572 908
572 460 908
591 257 26
257 591 26
331 27 400
27 331 400
14 317 68
317 14 68
652 293 702
293 652 702
700 123 6
123 700 6
340 148 118
148 340 118
598 431 276
431 598 276
618 210 744
210 618 744
224 647 769
647 224 769
545 155 195
155 545 195
112 344 471
344 112 471
685 536 393
536 685 393
171 536 431
536 171 431
629 344 151
344 629 151
432 602 536
602 432 536
311 81 213
81 311 213
190 423 357
423 190 357
377 187 826
187 377 826
487 468 747
468 487 747
223 76 449
76 223 449
211 360 727
360 211 727
60 186 34
186 60 34
245 440 86
440 245 86
192 49 58
49 192 58
638 190 177
190 638 177
247 375 304
375 247 304
620 668 721
668 620 721
511 614 789
614 511 789
355 499 469
499 355 469
67 284 713
284 67 713
517 112 979
112 517 979
660 608 952
608 660 952
435 617 465
617 435 465
501 670 721
670 501 721
491 257 345
257 491 345
275 148 44
148 275 44
63 90 358
90 63 358
7 50 670
50 7 670
13 404 65
404 13 65
444 487 227
487 444 227
634 225 571
225 634 571
244 378 197
378 244 197
353 679 104
679 353 104
643 384 813
384 643 813
332 203 548
203 332 548
485 609 261
609 485 261
40 408 45
408 40 45
212 589 82
589 212 82
238 612 354
612 238 354
207 0 257
0 207 257
720 643 753
643 720 753
325 226 529
226 325 529
409 670 493
670 409 493
372 491 245
491 372 245
62 585 956
585 62 956
605 582 9
582 605 9
505 8 741
8 505 741
484 315 939
315 484 939
450 703 471
703 450 471
494 208 87
208 494 87
101 195 101
195 101 101
172 705 905
705 172 905
250 200 627
200 250 627
98 187 572
187 98 572
436 597 981
597 436 981
215 452 501
452 215 501
261 292 860
292 261 860
320 58 327
58 320 327
503 79 570
79 503 570
326 375 554
375 326 554
241 491 303
491 241 303
513 474 619
474 513 619
538 352 649
352 538 649
304 151 237
151 304 237
31 208 629
208 31 629
129 687 750
687 129 750
495 452 223
452 495 223
333 40 675
40 333 675
15 207 548
207 15 548
616 578 879
578 616 879
74 66 393
66 74 393
324 208 994
208 324 994
675 229 235
229 675 235
655 224 288
224 655 288
271 238 851
238 271 851
294 704 530
704 294 530
374 311 335
311 374 335
287 330 643
330 287 643
587 437 596
437 587 596
206 439 829
439 206 829
32 167 516
167 32 516
399 712 599
712 399 599
42 294 132
294 42 132
500 577 999
577 500 999
228 252 78
252 228 78
168 172 211
172 168 211
626 646 785
646 626 785
273 147 750
147 273 750
165 287 239
287 165 239
496 58 623
58 496 623
166 141 510
141 166 510
145 110 853
110 145 853
45 317 610
317 45 610
458 5 466
5 458 466
395 97 981
97 395 981
297 109 668
109 297 668
221 224 900
224 221 900
651 271 976
271 651 976
631 348 321
348 631 321
117 177 140
177 117 140
537 517 195
517 537 195
413 538 298
538 413 298
516 334 213
334 516 213
71 38 743
38 71 743
341 706 883
706 341 883
599 171 743
171 599 743
313 415 352
415 313 352
235 585 17
585 235 17
493 400 552
400 493 552
89 332 645
332 89 645
216 58 22
58 216 22
676 369 62
369 676 62
44 195 46
195 44 46
23 342 968
342 23 968
454 70 840
70 454 840
107 351 995
351 107 995
600 674 913
674 600 913
316 615 445
615 316 445
202 229 319
229 202 319
266 14 336
14 266 336
586 686 9
686 586 9
590 600 270
600 590 270
662 450 42
450 662 42
175 162 976
162 175 976
560 336 3
336 560 3
715 439 636
439 715 636
729 166 750
166 729 750
234 639 337
639 234 337
359 166 848
166 359 848
270 691 968
691 270 968
48 675 917
675 48 917
264 720 806
720 264 806
267 7 80
7 267 80
641 516 612
516 641 612
157 669 643
669 157 643
363 501 153
501 363 153
461 701 41
701 461 41
188 425 825
425 188 825
557 485 385
485 557 385
33 131 954
131 33 954
680 514 508
514 680 508
84 229 299
229 84 299
526 201 469
201 526 469
182 30 364
30 182 364
137 40 771
40 137 771
335 277 276
277 335 276
632 703 967
703 632 967
327 258 318
258 327 318
417 590 295
590 417 295
438 337 1000
337 438 1000
37 215 544
215 37 544
459 396 268
396 459 268
555 338 466
338 555 466
339 444 122
444 339 122
347 218 507
218 347 507
69 710 279
710 69 279
619 414 260
414 619 260
564 487 595
487 564 595
584 320 951
320 584 951
255 60 780
60 255 780
173 101 541
101 173 541
433 425 395
425 433 395
697 564 256
564 697 256
174 22 579
22 174 579
298 675 991
675 298 991
220 360 690
360 220 690
625 579 697
579 625 697
321 90 938
90 321 938
139 536 866
536 139 866
657 206 9
206 657 9
515 287 52
287 515 52
506 577 975
577 506 975
319 244 298
244 319 298
554 360 330
360 554 330
434 655 615
655 434 615
388 425 1
425 388 1
707 144 582
144 707 582
55 44 128
44 55 128
322 102 971
102 322 971
661 459 931
459 661 931
611 474 765
474 611 765
556 2 71
2 556 71
508 395 285
395 508 285
153 303 64
303 153 64
622 38 593
38 622 593
116 707 647
707 116 647
727 98 772
98 727 772
403 579 318
579 403 318
276 667 438
667 276 438
723 366 968
366 723 968
254 445 350
445 254 350
170 516 810
516 170 810
136 97 768
97 136 768
502 226 803
226 502 803
654 98 369
98 654 369
447 582 575
582 447 575
393 91 921
91 393 921
17 634 541
634 17 541
152 468 646
468 152 646
368 139 19
139 368 19
719 475 585
475 719 585
253 180 189
180 253 189
416 577 586
577 416 586
455 659 761
659 455 761
716 586 884
586 716 884
530 573 980
573 530 980
191 649 451
649 191 451
80 221 649
221 80 649
407 443 258
443 407 258
456 491 624
491 456 624
356 1 314
1 356 314
41 298 11
298 41 11
279 230 780
230 279 780
420 215 446
215 420 446
684 503 713
503 684 713
68 461 363
461 68 363
630 566 577
566 630 577
312 340 841
340 312 841
36 333 485
333 36 485
593 693 42
693 593 42
108 247 369
247 108 369
9 404 195
404 9 195
135 420 482
420 135 482
78 141 950
141 78 950
53 141 402
141 53 402
158 180 416
180 158 416
179 118 413
118 179 413
380 153 61
153 380 61
219 56 914
56 219 914
164 555 722
555 164 722
86 136 44
136 86 44
677 261 972
261 677 972
256 245 819
245 256 819
708 51 82
51 708 82
683 397 832
397 683 832
362 154 819
154 362 819
350 340 717
340 350 717
345 318 529
318 345 529
576 482 774
482 576 774
567 158 156
158 567 156
77 185 656
185 77 656
663 70 917
70 663 917
411 231 197
231 411 197
604 65 831
65 604 831
607 654 163
654 607 163
448 693 487
693 448 487
721 127 556
127 721 556
132 254 351
254 132 351
6 285 106
285 6 106
568 517 583
517 568 583
623 629 853
629 623 853
523 622 370
622 523 370
178 151 324
151 178 324
72 49 751
49 72 751
198 338 345
338 198 345
300 640 423
640 300 423
119 401 815
401 119 815
552 588 614
588 552 614
278 63 940
63 278 940
134 587 55
587 134 55
656 501 618
501 656 618
390 669 576
669 390 576
681 42 185
42 681 185
35 560 821
560 35 821
240 686 972
686 240 972
328 292 366
292 328 366
111 691 26
691 111 26
306 148 181
148 306 181
367 667 330
667 367 330
387 380 763
380 387 763
690 321 487
321 690 487
99 47 548
47 99 548
694 324 809
324 694 809
648 612 28
612 648 28
535 276 98
276 535 98
689 12 341
12 689 341
323 76 482
76 323 482
73 289 930
289 73 930
466 400 982
400 466 982
75 394 385
394 75 385
329 471 967
471 329 967
504 728 164
728 504 164
184 274 655
274 184 655
610 299 965
299 610 965
549 598 968
598 549 968
52 347 981
347 52 981
565 333 45
333 565 45
248 282 650
282 248 650
296 598 174
598 296 174
263 517 231
517 263 231
163 166 474
166 163 474
383 576 141
576 383 141
405 576 789
576 405 789
16 609 952
609 16 952
595 142 703
142 595 703
412 351 152
351 412 152
83 130 843
130 83 843
379 508 3
508 379 3
96 236 795
236 96 795
150 721 626
721 150 626
205 585 689
585 205 689
453 642 428
642 453 428
510 663 935
663 510 935
402 8 944
8 402 944
196 353 522
353 196 522
291 191 409
191 291 409
133 177 417
177 133 417
665 67 989
67 665 989
149 413 917
413 149 917
541 521 482
521 541 482
498 472 938
472 498 938
518 533 660
533 518 660
627 495 942
495 627 942
714 439 855
439 714 855
371 396 906
396 371 906
678 720 555
720 678 555
88 466 626
466 88 626
645 659 282
659 645 282
121 52 329
52 121 329
543 453 109
453 543 109
717 183 147
183 717 147
548 642 786
642 548 786
603 538 443
538 603 443
222 264 618
264 222 618
672 203 173
203 672 173
490 335 420
335 490 420
281 240 940
240 281 940
658 398 780
398 658 780
392 342 955
342 392 955
314 192 146
192 314 146
507 63 784
63 507 784
391 291 531
291 391 531
633 702 200
702 633 200
726 474 181
474 726 181
606 552 332
552 606 332
269 494 649
494 269 649
92 594 564
594 92 564
382 138 698
138 382 698
381 357 384
357 381 384
688 673 355
673 688 355
146 46 112
46 146 112
563 275 169
275 563 169
20 537 590
537 20 590
421 157 77
157 421 77
664 577 796
577 664 796
446 312 743
312 446 743
553 232 173
232 553 173
193 94 168
94 193 168
272 334 537
334 272 537
161 298 365
298 161 365
713 268 733
268 713 733
410 169 821
169 410 821
483 612 920
612 483 920
246 211 643
211 246 643
653 545 545
545 653 545
239 605 757
605 239 757
426 337 901
337 426 901
527 638 399
638 527 399
709 153 313
153 709 313
711 206 416
206 711 416
583 76 699
76 583 699
126 118 5
118 126 5
441 387 649
387 441 649
529 723 109
723 529 109
539 603 714
603 539 714
156 690 659
690 156 659
480 116 113
116 480 113
259 156 749
156 259 749
621 277 384
277 621 384
113 39 10
39 113 10
140 634 836
634 140 836
476 445 110
445 476 110
470 212 598
212 470 598
309 20 498
20 309 498
302 274 575
274 302 575
349 577 799
577 349 799
698 611 942
611 698 942
122 572 847
572 122 847
512 559 899
559 512 899
370 587 622
587 370 622
237 493 725
493 237 725
364 43 21
43 364 21
143 320 175
320 143 175
288 576 54
576 288 54
343 687 659
687 343 659
650 271 342
271 650 342
103 322 894
322 103 894
249 639 491
639 249 491
10 357 853
357 10 853
376 53 660
53 376 660
304 137 271
137 304 271
520 696 553
696 520 553
643 522 309
522 643 309
610 155 467
155 610 467
439 438 402
438 439 402
567 206 569
206 567 569
262 19 493
19 262 493
696 233 303
233 696 303
144 13 831
13 144 831
666 232 674
232 666 674
127 563 140
563 127 140
656 256 203
256 656 203
258 704 882
704 258 882
271 677 716
677 271 716
323 697 731
697 323 731
480 497 953
497 480 953
137 256 355
256 137 355
60 54 702
54 60 702
142 644 232
644 142 232
657 401 281
401 657 281
472 102 507
102 472 507
501 556 948
556 501 948
223 389 79
389 223 79
375 132 432
132 375 432
519 40 986
40 519 986
101 50 237
50 101 237
268 59 760
59 268 760
555 269 901
269 555 901
7 449 393
449 7 393
248 177 851
177 248 851
424 74 363
74 424 363
319 526 234
526 319 234
391 103 382
103 391 382
665 7 442
7 665 442
109 7 996
7 109 996
74 449 887
449 74 887
105 459 925
459 105 925
594 195 456
195 594 456
289 245 955
245 289 955
692 330 951
330 692 951
190 506 234
506 190 234
637 527 393
527 637 393
503 363 525
363 503 525
267 567 848
567 267 848
405 200 691
200 405 691
15 434 318
434 15 318
584 128 322
128 584 322
254 583 1
583 254 1
262 182 324
182 262 324
304 378 840
378 304 840
413 183 589
183 413 589
293 374 95
374 293 95
317 546 742
546 317 742
700 21 115
21 700 115
520 349 372
349 520 372
301 25 975
25 301 975
668 624 391
624 668 391
80 601 132
601 80 132
547 75 620
75 547 620
59 90 758
90 59 758
188 123 868
123 188 868
431 136 918
136 431 918
83 168 68
168 83 68
456 185 948
185 456 948
25 378 950
378 25 950
168 632 826
632 168 826
394 313 215
313 394 215
101 718 630
718 101 630
357 636 596
636 357 596
247 237 376
237 247 376
311 246 464
246 311 464
88 365 610
365 88 610
723 262 257
262 723 257
550 348 24
348 550 24
621 614 635
614 621 635
606 151 388
151 606 388
94 721 999
721 94 999
269 613 206
613 269 206
145 611 512
611 145 512
195 708 108
708 195 108
113 632 127
632 113 127
556 202 481
202 556 481
21 715 560
715 21 560
377 463 426
463 377 426
280 505 80
505 280 80
576 55 343
55 576 343
25 560 254
560 25 254
67 555 793
555 67 793
32 315 457
315 32 457
97 158 414
158 97 414
600 615 439
615 600 439
282 30 488
30 282 488
632 144 233
144 632 233
676 398 368
398 676 368
392 564 613
564 392 613
115 654 700
654 115 700
724 2 307
2 724 307
254 133 689
133 254 689
260 208 158
208 260 158
60 582 342
582 60 342
83 61 784
61 83 784
33 326 694
326 33 694
2 399 508
399 2 508
422 428 400
428 422 400
236 377 908
377 236 908
709 502 192
502 709 192
340 712 531
712 340 531
68 376 871
376 68 871
367 119 444
119 367 444
722 149 705
149 722 705
405 220 920
220 405 920
688 607 951
607 688 951
187 694 451
694 187 451
704 299 499
299 704 499
466 445 569
445 466 569
209 394 44
394 209 44
24 365 248
365 24 248
23 713 624
713 23 624
615 92 700
92 615 700
4 276 435
276 4 435
548 541 293
541 548 293
711 190 505
190 711 505
126 422 167
422 126 167
325 86 863
86 325 863
275 493 400
493 275 400
89 688 325
688 89 325
33 561 150
561 33 150
200 125 769
125 200 769
226 304 973
304 226 973
363 343 553
343 363 553
430 40 721
40 430 721
290 148 415
148 290 415
94 724 874
724 94 874
42 134 583
134 42 583
399 420 215
420 399 215
149 601 983
601 149 983
664 151 543
151 664 543
121 433 316
433 121 316
494 630 550
630 494 550
486 406 619
406 486 619
298 542 208
542 298 208
496 383 775
383 496 775
13 569 85
569 13 85
534 65 628
65 534 628
301 681 884
681 301 884
622 40 157
40 622 157
461 429 112
429 461 112
306 316 285
316 306 285
34 172 393
172 34 393
322 377 233
377 322 233
240 43 958
43 240 958
478 640 158
640 478 158
284 453 598
453 284 598
345 619 64
619 345 64
368 37 445
37 368 445
613 436 746
436 613 746
315 547 444
547 315 444
504 146 958
146 504 958
213 614 906
614 213 906
305 169 722
169 305 722
537 8 32
8 537 32
196 443 270
443 196 270
98 29 352
29 98 352
594 409 630
409 594 630
627 358 762
358 627 762
684 528 346
528 684 346
403 158 14
158 403 14
203 321 839
321 203 839
93 627 883
627 93 883
429 545 140
545 429 140
245 189 628
189 245 628
683 273 978
273 683 978
674 104 584
104 674 584
492 502 76
502 492 76
656 463 496
463 656 496
138 136 860
136 138 860
176 247 99
247 176 99
677 343 222
343 677 222
185 140 679
140 185 679
696 15 206
15 696 206
610 349 763
349 610 763
89 620 161
620 89 161
357 620 997
620 357 997
108 546 221
546 108 221
461 369 131
369 461 131
167 683 680
683 167 680
394 160 676
160 394 676
340 110 893
110 340 893
288 331 35
331 288 35
551 565 14
565 551 14
217 479 170
479 217 170
10 180 206
180 10 206
116 380 354
380 116 354
266 478 424
478 266 424
434 716 851
716 434 851
587 260 82
260 587 82
306 157 331
157 306 331
397 242 246
242 397 246
402 235 689
235 402 689
349 400 32
400 349 32
534 624 653
624 534 653
357 464 891
464 357 891
382 131 324
131 382 324
108 314 294
314 108 294
183 650 254
650 183 254
621 723 143
723 621 143
318 99 57
99 318 57
320 165 287
165 320 287
119 472 259
472 119 259
131 530 501
530 131 501
266 650 125
650 266 125
458 372 173
372 458 173
502 47 236
47 502 236
288 417 392
417 288 392
305 90 315
90 305 315
76 712 925
712 76 925
463 493 15
493 463 15
634 152 423
152 634 423
452 368 252
368 452 252
506 227 274
227 506 274
655 413 482
413 655 482
302 22 168
22 302 168
103 393 365
393 103 365
230 475 154
475 230 154
386 701 807
701 386 807
50 531 564
531 50 564
124 312 27
312 124 27
520 128 884
128 520 884
273 143 966
143 273 966
471 692 776
692 471 776
708 463 902
463 708 902
300 527 172
527 300 172
8 393 792
393 8 792
265 650 759
650 265 759
148 264 808
264 148 808
59 24 421
24 59 421
428 101 517
101 428 517
320 427 394
427 320 394
191 152 505
152 191 505
550 566 876
566 550 876
687 530 11
530 687 11
90 710 984
710 90 984
299 129 461
129 299 461
713 396 422
396 713 422
192 382 405
382 192 405
429 464 913
464 429 913
38 656 248
656 38 248
488 204 779
204 488 779
79 153 828
153 79 828
561 113 456
113 561 456
540 590 727
590 540 727
382 365 614
365 382 614
453 556 296
556 453 296
667 694 151
694 667 151
67 20 366
20 67 366
485 509 513
509 485 513
645 539 259
539 645 259
213 534 490
534 213 490
59 610 406
610 59 406
377 137 308
137 377 308
216 95 486
95 216 486
242 122 934
122 242 934
545 511 873
511 545 873
714 73 389
73 714 389
129 178 410
178 129 410
470 554 305
554 470 305
713 576 863
576 713 863
337 419 441
419 337 441
283 19 526
19 283 526
428 556 143
556 428 143
99 723 774
723 99 774
716 322 856
322 716 856
222 327 939
327 222 939
223 318 443
318 223 443
701 234 928
234 701 928
281 368 53
368 281 53
186 474 469
474 186 469
259 439 18
439 259 18
154 99 105
99 154 105
699 431 845
431 699 845
283 575 632
575 283 632
218 382 369
382 218 369
549 352 9
352 549 9
713 633 16
633 713 16
148 184 938
184 148 938
428 669 985
669 428 985
27 538 842
538 27 842
506 244 878
244 506 878
501 724 596
724 501 596
516 29 716
29 516 716
130 351 14
351 130 14
367 716 279
716 367 279
660 673 891
673 660 891
98 209 326
209 98 326
589 229 508
229 589 508
726 11 626
11 726 626
328 55 417
55 328 417
656 510 963
510 656 963
378 525 55
525 378 55
313 466 32
466 313 32
548 222 663
222 548 663
693 434 87
434 693 87
496 669 339
669 496 339
149 453 948
453 149 948
16 419 731
419 16 731
66 377 994
377 66 994
232 284 672
284 232 672
608 564 1000
564 608 1000
555 610 934
610 555 934
224 307 917
307 224 917
548 577 469
577 548 469
522 257 524
257 522 524
318 256 731
256 318 731
271 184 458
184 271 458
145 193 162
193 145 162
184 496 784
496 184 784
566 441 672
441 566 672
342 278 791
278 342 791
243 531 764
531 243 764
339 28 702
28 339 702
573 126 782
126 573 782
297 612 282
612 297 282
233 498 364
498 233 364
556 407 821
407 556 821
682 624 41
624 682 41
184 542 997
542 184 997
232 260 417
260 232 417
436 555 907
555 436 907
642 131 647
131 642 647
418 336 719
336 418 719
513 543 593
543 513 593
472 183 214
183 472 214
42 301 48
301 42 48
648 15 135
15 648 135
708 237 304
237 708 304
374 271 913
271 374 913
593 635 760
635 593 760
600 68 148
68 600 148
683 670 659
670 683 659
94 681 978
681 94 978
277 478 590
478 277 590
680 268 274
268 680 274
558 194 412
194 558 412
126 102 885
102 126 885
518 47 536
47 518 536
404 710 654
710 404 654
646 482 791
482 646 791
144 661 137
661 144 137
479 112 6
112 479 6
331 50 338
50 331 338
178 695 88
695 178 88
325 94 259
94 325 259
590 545 698
545 590 698
619 84 548
84 619 548
368 551 82
551 368 82
284 89 392
89 284 392
675 68 491
68 675 491
53 221 531
221 53 531
602 34 147
34 602 147
543 616 848
616 543 848
153 131 151
131 153 151
647 437 159
437 647 159
138 98 660
98 138 660
576 29 680
29 576 680
674 393 274
393 674 274
576 481 360
481 576 360
563 417 411
417 563 411
328 462 761
462 328 761
446 379 477
379 446 477
622 192 237
192 622 237
434 562 742
562 434 742
98 332 350
332 98 350
622 258 255
258 622 255
6 464 486
464 6 486
233 40 445
40 233 445
16 692 558
692 16 558
315 170 519
170 315 519
243 293 583
293 243 583
7 639 965
639 7 965
332 628 349
628 332 349
357 564 494
564 357 494
496 431 830
431 496 830
222 27 670
27 222 670
507 417 760
417 507 760
245 711 822
711 245 822
61 668 779
668 61 779
459 152 674
152 459 674
649 436 712
436 649 712
268 126 899
126 268 899
198 69 218
69 198 218
642 343 465
343 642 465
96 535 845
535 96 845
553 218 626
218 553 626
44 141 592
141 44 592
340 537 581
537 340 581
402 155 524
155 402 524
117 241 242
241 117 242
212 101 302
101 212 302
282 194 261
194 282 261
644 456 601
456 644 601
720 729 243
729 720 243
648 311 638
311 648 638
149 210 329
210 149 329
692 155 864
155 692 864
699 78 177
78 699 177
456 364 727
364 456 727
690 479 915
479 690 915
316 459 209
459 316 209
621 520 614
520 621 614
63 75 255
75 63 255
103 361 553
361 103 553
139 430 300
430 139 300
326 348 524
348 326 524
154 435 864
435 154 864
374 141 748
141 374 748
148 668 196
668 148 196
209 466 851
466 209 851
725 86 469
86 725 469
12 124 513
124 12 513
268 156 498
156 268 498
496 369 868
369 496 868
161 698 894
698 161 894
309 436 55
436 309 55
479 208 342
208 479 342
522 579 629
579 522 629
256 493 316
493 256 316
9 228 873
228 9 873
339 372 225
372 339 225
483 478 743
478 483 743
12 402 93
402 12 93
322 414 875
414 322 875
269 119 525
119 269 525
224 690 98
690 224 98
345 337 20
337 345 20
718 469 843
469 718 843
569 389 835
389 569 835
681 241 726
241 681 726
463 568 964
568 463 964
52 455 981
455 52 981
123 109 302
109 123 302
274 589 604
589 274 604
519 308 133
308 519 133
91 429 507
429 91 507
477 50 752
50 477 752
163 373 209
373 163 209
406 151 919
151 406 919
688 374 997
374 688 997
49 225 891
225 49 891
681 414 359
414 681 359
356 606 491
606 356 491
653 566 773
566 653 773
373 90 919
90 373 919
698 405 872
405 698 872
259 596 810
596 259 810
648 200 4
200 648 4
437 94 758
94 437 758
523 410 3
410 523 3
165 670 148
670 165 148
619 41 42
41 619 42
388 462 972
462 388 972
200 446 178
446 200 178
234 440 680
440 234 680
23 85 963
85 23 963
672 627 751
627 672 751
180 410 724
410 180 724
419 573 358
573 419 358
433 443 361
443 433 361
41 681 992
681 41 992
449 465 292
465 449 292
158 513 67
513 158 67
120 62 116
62 120 116
240 658 97
658 240 97
723 232 732
232 723 732
264 155 432
155 264 432
408 456 199
456 408 199
185 439 271
439 185 271
676 700 385
700 676 385
622 47 352
47 622 352
326 98 562
98 326 562
56 103 729
103 56 729
684 411 155
411 684 155
391 138 312
138 391 312
383 454 528
454 383 528
568 168 215
168 568 215
33 199 400
199 33 400
724 54 548
54 724 548
324 26 518
26 324 518
161 188 767
188 161 767
314 428 33
428 314 33
154 128 246
128 154 246
469 694 387
694 469 387
374 404 908
404 374 908
9 427 538
427 9 538
225 465 503
465 225 503
389 422 946
422 389 946
573 116 133
116 573 133
466 468 563
468 466 563
623 136 654
136 623 654
412 413 615
413 412 615
31 88 934
88 31 934
612 272 819
272 612 819
526 678 645
678 526 645
73 636 359
636 73 359
192 499 718
499 192 718
543 138 998
138 543 998
123 676 220
676 123 220
254 709 217
709 254 217
258 437 242
437 258 242
560 182 93
182 560 93
466 396 855
396 466 855
672 524 401
524 672 401
598 146 918
146 598 918
509 553 90
553 509 90
263 452 846
452 263 846
139 207 627
207 139 627
83 314 90
314 83 90
696 151 419
151 696 419
533 514 496
514 533 496
449 155 529
155 449 529
149 207 756
207 149 756
246 210 118
210 246 118
611 460 327
460 611 327
711 201 368
201 711 368
422 546 302
546 422 302
502 302 434
302 502 434
281 484 404
484 281 404
39 437 451
437 39 451
464 268 644
268 464 644
382 482 539
482 382 539
2 323 501
323 2 501
355 226 599
226 355 599
115 721 439
721 115 439
19 194 119
194 19 119
38 95 452
95 38 452
456 458 959
458 456 959
229 251 306
251 229 306
84 721 87
721 84 87
709 485 662
485 709 662
76 0 506
0 76 506
521 136 43
136 521 43
334 249 699
249 334 699
35 687 476
687 35 476
114 134 263
134 114 263
370 362 812
362 370 812
605 609 243
609 605 243
205 26 695
26 205 695
300 254 163
254 300 163
139 490 955
490 139 955
402 692 13
692 402 13
519 437 723
437 519 723
689 410 785
410 689 785
155 627 994
627 155 994
482 111 635
111 482 635
185 674 108
674 185 108
346 469 276
469 346 276
379 33 591
33 379 591
429 178 429
178 429 429
718 650 76
650 718 76
144 662 60
662 144 60
247 112 260
112 247 260
627 287 399
287 627 399
93 242 668
242 93 668
644 427 794
427 644 794
478 111 738
111 478 738
155 8 893
8 155 893
447 187 463
187 447 463
613 710 783
710 613 783
124 166 592
166 124 592
170 108 132
108 170 132
249 545 732
545 249 732
604 391 546
391 604 546
320 546 305
546 320 305
469 107 664
107 469 664
498 307 242
307 498 242
603 612 924
612 603 924
467 551 376
551 467 376
50 586 26
586 50 26
215 121 458
121 215 458
588 133 795
133 588 795
3 508 636
508 3 636
395 33 625
33 395 625
411 723 199
723 411 199
61 258 273
258 61 273
497 436 724
436 497 724
474 123 496
123 474 496
526 19 527
19 526 527
655 46 623
46 655 623
657 352 973
352 657 973
351 140 15
140 351 15
94 377 267
377 94 267
650 288 881
288 650 881
4 726 31
726 4 31
313 669 330
669 313 330
83 532 338
532 83 338
32 670 985
670 32 985
88 691 255
691 88 255
63 182 452
182 63 452
218 529 857
529 218 857
435 651 869
651 435 869
313 206 373
206 313 373
278 18 89
18 278 89
677 175 134
175 677 134
489 542 972
542 489 972
17 122 395
122 17 395
507 459 243
459 507 243
538 627 738
627 538 738
489 145 58
145 489 58
410 242 615
242 410 615
425 701 285
701 425 285
368 677 684
677 368 684
653 311 0
311 653 0
155 431 95
431 155 95
377 311 463
311 377 463
225 299 383
299 225 383
446 448 472
448 446 472
408 36 175
36 408 175
586 616 15
616 586 15
550 601 109
601 550 109
618 94 319
94 618 319
312 479 513
479 312 513
701 262 104
262 701 104
312 383 295
383 312 295
66 521 943
521 66 943
233 583 168
583 233 168
107 536 169
536 107 169
461 140 171
140 461 171
216 364 851
364 216 851
607 642 574
642 607 574
484 571 983
571 484 983
260 573 317
573 260 317
51 291 786
291 51 786
101 673 262
673 101 262
98 696 474
696 98 474
717 367 516
367 717 516
708 40 191
40 708 191
297 678 825
678 297 825
624 35 431
35 624 431
323 25 290
25 323 290
247 116 321
116 247 321
137 402 873
402 137 873
557 30 352
30 557 352
348 725 190
725 348 190
423 641 331
641 423 331
121 534 381
534 121 381
335 83 807
83 335 807
370 400 691
400 370 691
8 148 104
148 8 104
48 723 838
723 48 838
49 123 835
123 49 835
503 698 616
698 503 616
545 53 136
53 545 136
704 174 423
174 704 423
557 676 376
676 557 376
451 123 580
123 451 580
199 674 502
674 199 502
457 269 89
269 457 89
170 140 687
140 170 687
380 271 628
271 380 628
596 94 80
94 596 80
631 534 557
534 631 557
417 211 756
211 417 756
525 123 631
123 525 631
592 165 459
165 592 459
237 727 718
727 237 718
398 292 39
292 398 39
687 638 388
638 687 388
121 42 390
42 121 390
717 470 779
470 717 779
678 82 289
82 678 289
619 74 567
74 619 567
394 510 445
510 394 445
498 544 689
544 498 689
619 289 408
289 619 408
713 413 939
413 713 939
31 656 739
656 31 739
689 481 480
481 689 480
108 238 311
238 108 311
165 134 661
134 165 661
425 638 38
638 425 38
395 89 981
89 395 981
676 669 67
669 676 67
709 378 339
378 709 339
85 605 24
605 85 24
150 190 159
190 150 159
712 657 898
657 712 898
439 189 181
189 439 181
466 197 234
197 466 234
672 229 10
229 672 10
314 136 933
136 314 933
239 235 691
235 239 691
413 229 296
229 413 296
495 216 318
216 495 318
716 562 163
562 716 163
37 38 917
38 37 917
497 92 119
92 497 119
137 449 751
449 137 751
375 481 400
481 375 400
704 656 839
656 704 839
354 545 778
545 354 778
267 674 61
674 267 61
281 10 848
10 281 848
360 200 952
200 360 952
715 149 316
149 715 316
9 499 386
499 9 386
674 395 41
395 674 41
384 389 377
389 384 377
258 28 316
28 258 316
22 431 33
431 22 33
150 668 159
668 150 159
367 303 481
303 367 481
672 90 599
90 672 599
95 597 970
597 95 970
683 693 814
693 683 814
385 464 726
464 385 726
81 184 795
184 81 795
92 29 206
29 92 206
573 584 443
584 573 443
12 479 484
479 12 484
600 554 744
554 600 744
277 279 104
279 277 104
232 325 747
325 232 747
45 153 133
153 45 133
12 453 518
453 12 518
138 179 254
179 138 254
666 484 917
484 666 917
720 253 936
253 720 936
331 362 715
362 331 715
448 593 401
593 448 401
473 644 579
644 473 579
140 389 156
389 140 156
75 271 870
271 75 870
643 398 964
398 643 964
660 55 382
55 660 382
148 624 1
624 148 1
437 474 758
474 437 758
527 113 214
113 527 214
392 308 190
308 392 190
29 433 752
433 29 752
69 20 128
20 69 128
396 408 836
408 396 836
95 293 176
293 95 176
633 67 832
67 633 832
331 59 647
59 331 647
469 554 812
554 469 812
625 50 647
50 625 647
104 286 194
286 104 194
498 29 632
29 498 632
553 480 248
480 553 248
660 15 787
15 660 787
550 180 793
180 550 793
320 86 365
86 320 365
197 714 339
714 197 339
82 304 34
304 82 34
145 456 276
456 145 276
522 612 47
612 522 47
352 285 342
285 352 342
672 626 7
626 672 7
653 354 232
354 653 232
391 650 183
650 391 183
30 238 948
238 30 948
393 541 116
541 393 116
706 657 204
657 706 204
77 549 607
549 77 607
602 287 292
287 602 292
140 653 43
653 140 43
429 142 30
142 429 30
504 274 337
274 504 337
351 271 239
271 351 239
552 9 838
9 552 838
123 197 658
197 123 658
630 358 464
358 630 464
593 606 460
606 593 460
306 16 984
16 306 984
171 638 373
638 171 373
547 414 428
414 547 428
353 531 491
531 353 491
91 527 751
527 91 751
518 133 923
133 518 923
436 535 15
535 436 15
20 2 629
2 20 629
625 500 775
500 625 775
513 203 157
203 513 157
239 117 390
117 239 390
107 121 766
121 107 766
578 558 64
558 578 64
122 274 930
274 122 930
411 525 308
525 411 308
575 189 157
189 575 157
124 58 407
58 124 407
699 654 924
654 699 924
717 145 328
145 717 328
41 395 502
395 41 502
363 424 256
424 363 256
75 141 263
141 75 263
558 646 384
646 558 384
184 727 23
727 184 23
506 548 526
548 506 526
434 230 432
230 434 432
443 391 779
391 443 779
374 582 988
582 374 988
93 228 568
228 93 568
336 109 729
109 336 729
572 334 504
334 572 504
239 326 971
326 239 971
191 355 562
355 191 562
182 393 455
393 182 455
164 237 921
237 164 921
632 178 189
178 632 189
390 130 621
130 390 621
491 430 315
430 491 315
537 561 224
561 537 224
54 536 807
536 54 807
329 560 643
560 329 643
463 657 323
657 463 323
216 476 158
476 216 158
173 558 503
558 173 503
223 103 537
103 223 537
615 640 369
640 615 369
508 43 403
43 508 403
80 490 917
490 80 917
387 489 314
489 387 314
177 707 143
707 177 143
50 292 956
292 50 956
487 640 27
640 487 27
433 526 79
526 433 79
132 393 51
393 132 51
95 402 477
402 95 477
350 693 576
693 350 576
429 12 309
12 429 309
275 415 902
415 275 902
33 207 43
207 33 43
618 550 902
550 618 902
0 150 693
150 0 693
637 467 673
467 637 673
110 198 374
198 110 374
628 258 672
258 628 672
632 271 414
271 632 414
149 578 93
578 149 93
273 354 966
354 273 966
564 516 685
516 564 685
298 605 148
605 298 148
117 499 780
499 117 780
395 402 789
402 395 789
422 352 73
352 422 73
308 461 329
461 308 329
244 594 819
594 244 819
586 60 251
60 586 251
609 267 999
267 609 999
670 364 348
364 670 348
34 657 158
657 34 158
54 456 600
456 54 600
75 107 746
107 75 746
445 397 89
397 445 89
92 284 167
284 92 167
443 491 678
491 443 678
547 342 387
342 547 387
460 340 317
340 460 317
685 431 193
431 685 193
606 490 309
490 606 309
371 330 173
330 371 173
677 274 486
274 677 486
282 285 730
285 282 730
393 318 918
318 393 918
143 18 52
18 143 52
484 478 400
478 484 400
157 619 679
619 157 679
144 288 144
288 144 144
22 342 154
342 22 154
665 424 854
424 665 854
655 184 913
184 655 913
666 227 83
227 666 83
623 198 102
198 623 102
344 481 865
481 344 865
675 351 543
351 675 543
175 370 273
370 175 273
311 453 178
453 311 178
603 655 267
655 603 267
185 203 844
203 185 844
336 194 652
194 336 652
136 63 691
63 136 691
729 606 854
606 729 854
1 545 528
545 1 528
395 481 469
481 395 469
100 418 357
418 100 357
120 506 231
506 120 231
85 81 128
81 85 128
216 341 101
341 216 101
444 472 123
472 444 123
591 365 204
365 591 204
659 383 560
383 659 560
141 92 508
92 141 508
60 35 997
35 60 997
627 555 923
555 627 923
707 381 899
381 707 899
307 242 18
242 307 18
379 583 636
583 379 636
628 443 200
443 628 200
319 9 726
9 319 726
637 569 450
569 637 450
397 637 49
637 397 49
729 416 541
416 729 541
683 248 576
248 683 576
593 62 891
62 593 891
496 445 622
445 496 622
311 378 338
378 311 338
625 136 739
136 625 739
572 339 825
339 572 825
418 431 86
431 418 86
362 338 872
338 362 872
232 637 56
637 232 56
286 569 683
569 286 683
186 695 691
695 186 691
183 696 749
696 183 749
185 13 978
13 185 978
250 490 974
490 250 974
416 595 694
595 416 694
40 165 214
165 40 214
513 639 610
639 513 610
176 411 7
411 176 7
600 581 424
581 600 424
289 546 64
546 289 64
178 518 132
518 178 132
440 366 904
366 440 904
28 175 350
175 28 350
393 500 502
500 393 502
618 579 528
579 618 528
679 454 810
454 679 810
80 112 410
112 80 410
553 629 952
629 553 952
655 366 950
366 655 950
309 574 219
574 309 219
557 106 412
106 557 412
631 709 132
709 631 132
229 417 194
417 229 194
425 150 963
150 425 963
532 577 890
577 532 890
373 434 861
434 373 861
322 725 601
725 322 601
575 382 496
382 575 496
26 555 959
555 26 959
540 341 991
341 540 991
589 547 863
547 589 863
702 276 39
276 702 39
370 1 808
1 370 808
666 328 140
328 666 140
728 350 214
350 728 214
548 7 374
7 548 374
573 489 385
489 573 385
173 56 343
56 173 343
132 654 208
654 132 208
504 615 781
615 504 781
99 604 454
604 99 454
73 400 97
400 73 97
418 165 859
165 418 859
469 419 963
419 469 963
415 21 946
21 415 946
539 579 282
579 539 282
483 14 173
14 483 173
600 249 344
249 600 344
593 573 772
573 593 772
1 129 11
129 1 11
24 419 351
419 24 351
599 540 821
540 599 821
224 651 603
651 224 603
691 598 67
598 691 67
339 184 505
184 339 505
509 5 392
5 509 392
208 192 339
192 208 339
303 478 573
478 303 573
396 270 6
270 396 6
412 205 163
205 412 163
144 677 580
677 144 580
311 426 761
426 311 761
715 113 69
113 715 69
503 443 479
443 503 479
398 636 414
636 398 414
315 729 830
729 315 830
233 457 826
457 233 826
87 618 304
618 87 304
504 226 500
226 504 500
107 258 623
258 107 623
14 482 424
482 14 424
642 106 871
106 642 871
21 523 826
523 21 826
471 406 431
406 471 431
622 175 890
175 622 890
80 645 797
645 80 797
232 166 841
166 232 841
377 46 708
46 377 708
362 13 605
13 362 605
277 51 95
51 277 95
299 342 207
342 299 207
438 507 965
507 438 965
422 301 812
301 422 812
605 618 270
618 605 270
501 240 258
240 501 258
23 170 767
170 23 767
251 569 894
569 251 894
600 71 933
71 600 933
176 335 15
335 176 15
654 690 747
690 654 747
129 311 219
311 129 219
350 511 300
511 350 300
609 185 743
185 609 743
366 59 828
59 366 828
169 517 753
517 169 753
484 482 309
482 484 309
252 249 637
249 252 637
428 294 28
294 428 28
421 577 843
577 421 843
531 326 421
326 531 421
406 464 692
464 406 692
604 475 548
475 604 548
674 283 331
283 674 331
175 184 813
184 175 813
76 303 829
303 76 829
522 329 602
329 522 602
184 183 895
183 184 895
493 114 218
114 493 218
456 66 505
66 456 505
602 414 664
414 602 664
183 367 192
367 183 192
706 298 772
298 706 772
606 59 533
59 606 533
617 6 758
6 617 758
663 724 153
724 663 153
325 36 827
36 325 827
394 412 342
412 394 342
391 669 915
669 391 915
593 519 594
519 593 594
679 451 587
451 679 587
42 435 72
435 42 72
598 346 846
346 598 846
638 573 307
573 638 307
345 115 360
115 345 360
251 574 857
574 251 857
645 99 930
99 645 930
74 624 442
624 74 442
25 537 583
537 25 583
461 360 832
360 461 832
601 120 706
120 601 706
721 715 550
715 721 550
674 222 795
222 674 795
574 664 44
664 574 44
389 670 402
670 389 402
250 694 179
694 250 179
200 281 561
281 200 561
257 334 886
334 257 886
293 304 415
304 293 415
449 706 862
706 449 862
494 572 686
572 494 686
462 291 430
291 462 430
170 546 945
546 170 945
727 491 610
491 727 610
521 246 33
246 521 33
168 298 525
298 168 525
291 236 857
236 291 857
59 190 468
190 59 468
589 663 201
663 589 201
427 39 204
39 427 204
424 360 775
360 424 775
331 618 750
618 331 750
375 155 184
155 375 184
623 168 282
168 623 282
635 172 816
172 635 816
233 411 998
411 233 998
657 609 811
609 657 811
494 423 419
423 494 419
261 463 573
463 261 573
133 23 904
23 133 904
379 156 833
156 379 833
244 290 658
290 244 658
383 17 233
17 383 233
283 116 409
116 283 409
564 615 585
615 564 585
406 420 113
420 406 113
585 536 310
536 585 310
301 462 116
462 301 116
457 595 986
595 457 986
627 719 633
719 627 633
628 593 426
593 628 426
699 667 783
667 699 783
485 232 45
232 485 45
403 283 732
283 403 732
107 421 627
421 107 627
307 626 882
626 307 882
528 475 603
475 528 603
579 532 345
532 579 345
20 105 711
105 20 711
352 174 380
174 352 380
360 22 271
22 360 271
309 257 367
257 309 367
646 468 938
468 646 938
487 128 246
128 487 246
59 2 701
2 59 701
484 26 547
26 484 547
104 146 172
146 104 172
638 241 27
241 638 27
191 446 44
446 191 44
80 341 701
341 80 701
637 280 823
280 637 823
103 546 523
546 103 523
87 336 920
336 87 920
105 319 998
319 105 998
45 713 566
713 45 566
660 229 150
229 660 150
26 268 749
268 26 749
28 397 497
397 28 497
28 8 962
8 28 962
41 198 706
198 41 706
282 577 489
577 282 489
532 63 436
63 532 436
357 340 950
340 357 950
550 418 474
418 550 474
510 67 518
67 510 518
177 695 956
695 177 956
264 74 786
74 264 786
339 462 841
462 339 841
549 569 495
569 549 495
144 398 46
398 144 46
32 480 819
480 32 819
486 157 607
157 486 607
185 342 889
342 185 889
304 85 298
85 304 298
205 497 435
497 205 435
453 552 985
552 453 985
592 684 931
684 592 931
305 567 50
567 305 50
655 42 536
42 655 536
40 378 908
378 40 908
521 609 669
609 521 669
658 257 972
257 658 972
547 407 619
407 547 619
50 242 366
242 50 366
564 153 252
153 564 252
516 115 953
115 516 953
694 648 901
648 694 901
330 223 185
223 330 185
606 93 342
93 606 342
295 550 525
550 295 525
141 329 912
329 141 912
8 385 752
385 8 752
362 492 753
492 362 753
711 417 535
417 711 535
263 302 944
302 263 944
220 400 343
400 220 343
383 1 213
1 383 213
718 541 947
541 718 947
655 318 524
318 655 524
249 487 225
487 249 225
681 487 266
487 681 266
122 486 822
486 122 822
586 670 39
670 586 39
193 54 449
54 193 449
650 366 781
366 650 781
171 280 454
280 171 454
514 60 750
60 514 750
460 714 248
714 460 248
660 634 1000
634 660 1000
7 62 206
62 7 206
414 304 988
304 414 988
402 198 551
198 402 551
110 74 812
74 110 812
73 93 558
93 73 558
169 369 24
369 169 24
341 437 94
437 341 94
56 159 672
159 56 672
164 594 986
594 164 986
209 507 370
507 209 370
299 576 84
576 299 84
176 421 443
421 176 443
445 543 648
543 445 648
470 402 293
402 470 293
148 81 471
81 148 471
180 665 964
665 180 964
101 187 164
187 101 164
175 581 161
581 175 161
525 559 585
559 525 585
426 64 94
64 426 94
238 702 683
702 238 683
615 519 508
519 615 508
252 569 579
569 252 579
372 507 549
507 372 549
369 507 787
507 369 787
349 657 948
657 349 948
383 55 847
55 383 847
159 692 133
692 159 133
187 82 100
82 187 100
418 18 42
18 418 42
535 708 93
708 535 93
240 263 444
263 240 444
560 281 460
281 560 460
31 574 753
574 31 753
383 518 536
518 383 536
205 462 720
462 205 720
654 430 129
430 654 129
52 265 567
265 52 567
360 272 411
272 360 411
387 654 775
654 387 775
159 270 584
270 159 584
77 8 947
8 77 947
538 43 570
43 538 570
381 473 755
473 381 755
195 369 587
369 195 587
364 252 986
252 364 986
470 727 273
727 470 273
175 316 105
316 175 105
390 401 330
401 390 330
539 464 733
464 539 733
313 223 760
223 313 760
97 4 861
4 97 861
598 681 107
681 598 107
86 209 584
209 86 584
161 421 5
421 161 5
514 669 766
669 514 766
641 637 529
637 641 529
563 597 511
597 563 511
659 608 877
608 659 877
403 701 803
701 403 803
43 546 967
546 43 967
324 73 457
73 324 457
417 473 338
473 417 338
542 623 794
623 542 794
73 689 793
689 73 793
28 497 349
497 28 349
140 289 394
289 140 394
234 612 833
612 234 833
511 596 639
596 511 639
126 386 726
386 126 726
712 53 991
53 712 991
715 188 265
188 715 265
327 666 85
666 327 85
529 351 566
351 529 566
588 104 368
104 588 368
112 13 58
13 112 58
98 553 349
553 98 349
397 646 904
646 397 904
327 640 553
640 327 553
707 477 326
477 707 326
307 412 641
412 307 641
613 682 837
682 613 837
511 597 827
597 511 827
266 379 177
379 266 177
7 163 301
163 7 301
476 43 502
43 476 502
431 600 161
600 431 161
692 247 989
247 692 989
128 125 895
125 128 895
88 236 389
236 88 389
107 484 662
484 107 662
648 582 332
582 648 332
572 653 12
653 572 12
48 124 217
124 48 217
309 58 476
58 309 476
550 470 786
470 550 786
616 362 57
362 616 57
43 105 140
105 43 140
22 710 263
710 22 263
458 17 676
17 458 676
198 646 821
646 198 821
674 685 493
685 674 493
278 190 271
190 278 271
171 85 48
85 171 48
136 214 452
214 136 452
447 343 18
343 447 18
653 172 326
172 653 326
384 393 994
393 384 994
230 125 574
125 230 574
692 334 839
334 692 839
41 131 153
131 41 153
282 448 504
448 282 504
420 220 443
220 420 443
628 316 268
316 628 268
351 251 369
251 351 369
410 592 869
592 410 869
223 453 280
453 223 280
671 241 5
241 671 5
208 426 969
426 208 969
573 151 997
151 573 997
694 224 916
224 694 916
345 649 19
649 345 19
718 191 957
191 718 957
609 72 158
72 609 158
406 95 154
95 406 154
108 330 417
330 108 417
503 338 378
338 503 378
544 245 797
245 544 797
345 571 242
571 345 242
681 710 376
710 681 376
40 211 88
211 40 88
6 483 701
483 6 701
207 332 66
332 207 66
206 2 369
2 206 369
6 558 819
558 6 819
295 427 856
427 295 856
393 575 614
575 393 614
693 55 802
55 693 802
243 462 595
462 243 595
119 708 640
708 119 640
412 489 631
489 412 631
536 63 261
63 536 261
33 612 457
612 33 457
575 31 428
31 575 428
444 54 324
54 444 324
295 318 876
318 295 876
229 432 458
432 229 458
12 372 815
372 12 815
409 352 890
352 409 890
381 517 838
517 381 838
115 500 990
500 115 990
705 59 161
59 705 161
119 48 608
48 119 608
651 606 814
606 651 814
656 237 250
237 656 250
431 332 139
332 431 139
305 676 418
676 305 418
663 666 861
666 663 861
588 320 296
320 588 296
150 480 204
480 150 204
413 310 891
310 413 891
249 296 234
296 249 234
655 263 965
263 655 965
619 220 614
220 619 614
297 675 951
675 297 951
271 66 317
66 271 317
58 428 883
428 58 883
286 26 516
26 286 516
379 586 162
586 379 162
568 326 233
326 568 233
56 252 18
252 56 18
359 369 491
369 359 491
620 611 773
611 620 773
34 569 581
569 34 581
636 697 712
697 636 712
308 373 211
373 308 211
409 542 883
542 409 883
400 96 441
96 400 441
378 97 225
97 378 225
610 261 136
261 610 136
30 498 591
498 30 591
380 59 789
59 380 789
56 326 578
326 56 578
382 459 369
459 382 369
161 680 627
680 161 627
693 305 762
305 693 762
648 129 673
129 648 673
458 192 317
192 458 317
614 617 980
617 614 980
515 114 406
114 515 406
103 694 246
694 103 246
641 154 709
154 641 709
712 139 780
139 712 780
729 562 754
562 729 754
206 230 539
230 206 539
217 480 884
480 217 884
297 492 316
492 297 316
307 609 154
609 307 154
488 473 133
473 488 133
725 247 214
247 725 214
623 306 818
306 623 818
522 528 107
528 522 107
566 558 588
558 566 588
400 398 190
398 400 190
66 596 586
596 66 586
720 257 423
257 720 423
114 171 730
171 114 730
690 683 537
683 690 537
205 114 871
114 205 871
257 219 960
219 257 960
86 100 30
100 86 30
223 395 621
395 223 621
69 445 911
445 69 911
446 390 820
390 446 820
671 424 435
424 671 435
145 421 85
421 145 85
111 124 891
124 111 891
36 245 909
245 36 909
295 293 9
293 295 9
566 215 843
215 566 843
643 301 381
301 643 381
171 276 606
276 171 606
111 15 552
15 111 552
233 105 632
105 233 632
380 532 216
532 380 216
591 645 568
645 591 568
675 155 42
155 675 42
160 704 652
704 160 652
435 94 901
94 435 901
399 604 711
604 399 711
548 29 421
29 548 421
94 190 92
190 94 92
550 308 279
308 550 279
27 726 752
726 27 752
706 570 934
570 706 934
98 599 203
599 98 203
199 581 983
581 199 983
654 366 428
366 654 428
570 556 104
556 570 104
163 244 871
244 163 871
541 112 257
112 541 257
556 25 510
25 556 510
72 427 579
427 72 579
47 567 927
567 47 927
92 257 271
257 92 271
516 88 103
88 516 103
562 573 335
573 562 335
224 479 636
479 224 636
449 76 246
76 449 246
477 607 66
607 477 66
54 241 491
241 54 491
115 14 230
14 115 230
415 214 141
214 415 141
639 604 55
604 639 55
557 417 560
417 557 560
158 337 434
337 158 434
8 344 638
344 8 638
54 112 178
112 54 178
592 385 459
385 592 459
590 154 964
154 590 964
672 327 268
327 672 268
37 686 824
686 37 824
175 446 163
446 175 163
73 578 852
578 73 852
604 655 359
655 604 359
537 612 399
612 537 399
428 457 742
457 428 742
690 684 501
684 690 501
637 337 623
337 637 623
192 709 879
709 192 879
567 167 7
167 567 7
375 600 890
600 375 890
194 31 230
31 194 230
524 72 322
72 524 322
130 13 834
13 130 834
138 221 949
221 138 949
130 448 813
448 130 813
205 9 809
9 205 809
93 183 54
183 93 54
374 96 307
96 374 307
175 545 659
545 175 659
572 164 391
164 572 391
18 166 280
166 18 280
668 377 45
377 668 45
24 511 669
511 24 669
713 688 121
688 713 121
412 480 763
480 412 763
574 291 538
291 574 538
291 76 854
76 291 854
721 420 35
420 721 35
427 111 594
111 427 594
399 346 103
346 399 103
257 520 124
520 257 124
226 380 244
380 226 244
85 347 940
347 85 940
75 114 409
114 75 409
162 47 534
47 162 534
416 255 871
255 416 871
682 91 133
91 682 133
304 259 956
259 304 956
269 270 67
270 269 67
703 91 894
91 703 894
169 226 444
226 169 444
272 697 430
697 272 430
699 610 831
610 699 831
422 135 37
135 422 37
158 302 680
302 158 680
326 482 717
482 326 717
220 721 828
721 220 828
95 183 897
183 95 897
473 215 596
215 473 596
459 20 467
20 459 467
690 166 340
166 690 340
678 530 236
530 678 236
292 265 881
265 292 881
80 554 243
554 80 243
487 679 245
679 487 245
153 341 278
341 153 278
217 494 330
494 217 330
613 94 863
94 613 863
469 477 306
477 469 306
468 385 248
385 468 248
587 191 167
191 587 167
284 427 428
427 284 428
363 5 281
5 363 281
447 643 401
643 447 401
486 134 974
134 486 974
327 216 695
216 327 695
54 559 654
559 54 654
195 393 830
393 195 830
354 19 8
19 354 8
326 538 203
538 326 203
130 466 166
466 130 166
528 168 435
168 528 435
685 651 823
651 685 823
450 293 273
293 450 273
137 382 975
382 137 975
721 240 14
240 721 14
687 39 154
39 687 154
383 256 242
256 383 242
649 112 435
112 649 435
418 55 298
55 418 298
584 703 653
703 584 653
682 357 150
357 682 150
412 186 252
186 412 252
365 667 916
667 365 916
301 44 282
44 301 282
701 152 20
152 701 20
101 188 826
188 101 826
163 658 171
658 163 171
251 428 669
428 251 669
102 654 409
654 102 409
435 389 884
389 435 884
131 572 975
572 131 975
653 641 737
641 653 737
556 82 265
82 556 265
505 208 443
208 505 443
590 173 169
173 590 169
283 133 112
133 283 112
68 276 96
276 68 96
393 344 643
344 393 643
376 256 945
256 376 945
616 460 283
460 616 283
85 99 60
99 85 60
462 713 285
713 462 285
687 288 980
288 687 980
689 134 855
134 689 855
575 257 470
257 575 470
534 438 362
438 534 362
124 599 925
599 124 925
218 562 730
562 218 730
368 58 872
58 368 872
61 537 767
537 61 767
364 225 307
225 364 307
75 716 592
716 75 592
47 702 235
702 47 235
315 721 787
721 315 787
664 238 831
238 664 831
474 715 831
715 474 831
565 227 285
227 565 285
17 224 383
224 17 383
415 561 658
561 415 658
676 456 116
456 676 116
54 289 168
289 54 168
190 228 222
228 190 222
41 104 741
104 41 741
517 453 362
453 517 362
280 661 895
661 280 895
581 136 823
136 581 823
695 633 430
633 695 430
382 233 589
233 382 589
249 166 470
166 249 470
602 573 739
573 602 739
729 510 150
510 729 150
172 575 418
575 172 418
683 70 352
70 683 352
297 596 289
596 297 289
144 160 997
160 144 997
541 77 454
77 541 454
593 369 935
369 593 935
387 419 573
419 387 573
563 553 674
553 563 674
640 200 455
200 640 455
196 661 418
661 196 418
151 380 552
380 151 552
70 209 949
209 70 949
398 164 210
164 398 210
19 635 525
635 19 525
485 476 748
476 485 748
646 98 134
98 646 134
582 532 639
532 582 639
87 705 458
705 87 458
28 310 43
310 28 43
631 313 563
313 631 563
259 710 709
710 259 709
559 483 105
483 559 105
485 496 236
496 485 236
357 324 512
324 357 512
435 576 158
576 435 158
389 340 220
340 389 220
146 718 995
718 146 995
538 62 285
62 538 285
618 468 516
468 618 516
659 663 600
663 659 600
663 582 800
582 663 800
174 703 210
703 174 210
366 61 889
61 366 889
589 662 237
662 589 237
668 406 237
406 668 237
129 495 432
495 129 432
291 301 149
301 291 149
263 544 727
544 263 727
110 391 45
391 110 45
77 199 305
199 77 305
564 172 115
172 564 115
248 161 822
161 248 822
156 511 91
511 156 91
563 359 372
359 563 372
615 16 595
16 615 595
640 0 366
0 640 366
606 267 878
267 606 878
686 669 296
669 686 296
189 310 69
310 189 69
553 73 445
73 553 445
546 321 209
321 546 209
173 677 693
677 173 693
294 170 484
170 294 484
61 482 4
482 61 4
17 715 75
715 17 75
42 453 899
453 42 899
470 613 976
613 470 976
229 12 580
12 229 580
248 487 466
487 248 466
595 532 730
532 595 730
433 246 814
246 433 814
496 47 161
47 496 161
124 594 551
594 124 551
28 664 446
664 28 446
240 431 671
431 240 671
298 439 483
439 298 483
594 557 700
557 594 700
380 485 958
485 380 958
459 595 71
595 459 71
658 110 215
110 658 215
165 157 360
157 165 360
23 548 148
548 23 148
480 339 909
339 480 909
444 292 263
292 444 263
222 576 214
576 222 214
390 693 681
693 390 681
152 3 671
3 152 671
90 185 747
185 90 747
601 256 598
256 601 598
161 259 917
259 161 917
356 729 825
729 356 825
219 347 284
347 219 284
520 142 845
142 520 845
645 599 360
599 645 360
481 235 48
235 481 48
512 704 47
704 512 47
540 458 788
458 540 788
658 389 47
389 658 47
62 84 611
84 62 611
488 547 273
547 488 273
514 218 485
218 514 485
329 236 68
236 329 68
338 104 973
104 338 973
210 493 780
493 210 780
274 344 244
344 274 244
88 34 929
34 88 929
279 726 18
726 279 18
66 266 500
266 66 500
545 722 661
722 545 661
231 24 895
24 231 895
606 690 49
690 606 49
100 627 233
627 100 233
324 43 803
43 324 803
102 625 267
625 102 267
573 219 153
219 573 153
285 207 742
207 285 742
462 196 534
196 462 534
391 546 867
546 391 867
191 653 627
653 191 627
412 194 574
194 412 574
403 265 536
265 403 536
8 38 189
38 8 189
435 561 103
561 435 103
3 228 897
228 3 897
458 611 260
611 458 260
416 585 113
585 416 113
720 333 123
333 720 123
531 64 418
64 531 418
256 305 579
305 256 579
443 269 764
269 443 764
721 141 241
141 721 241
414 635 959
635 414 959
704 93 239
93 704 239
340 243 645
243 340 645
490 698 93
698 490 93
646 699 477
699 646 477
22 497 433
497 22 433
25 19 277
19 25 277
328 535 999
535 328 999
527 233 914
233 527 914
693 312 120
312 693 120
207 634 942
634 207 942
354 332 55
332 354 55
695 587 298
587 695 298
244 346 888
346 244 888
258 232 501
232 258 501
629 200 209
200 629 209
201 395 355
395 201 355
191 382 74
382 191 74
203 58 652
58 203 652
16 128 860
128 16 860
179 361 293
361 179 293
143 319 779
319 143 779
450 22 641
22 450 641
275 570 472
570 275 472
111 576 206
576 111 206
557 55 104
55 557 104
23 209 359
209 23 359
184 131 349
131 184 349
309 323 633
323 309 633
130 395 770
395 130 770
603 497 323
497 603 323
503 45 382
45 503 382
65 46 871
46 65 871
409 62 976
62 409 976
320 343 572
343 320 572
227 249 839
249 227 839
140 446 193
446 140 193
94 439 819
439 94 819
605 94 187
94 605 187
532 183 345
183 532 345
505 281 64
281 505 64
492 75 561
75 492 561
16 290 373
290 16 373
585 649 366
649 585 366
267 168 347
168 267 347
87 524 990
524 87 990
460 651 756
651 460 756
706 662 693
662 706 693
232 381 475
381 232 475
95 206 553
206 95 553
196 517 324
517 196 324
26 334 953
334 26 953
237 50 712
50 237 712
275 652 680
652 275 680
199 260 729
260 199 729
524 244 629
244 524 629
183 666 715
666 183 715
493 498 998
498 493 998
78 371 626
371 78 626
696 571 465
571 696 465
327 486 243
486 327 243
201 162 212
162 201 212
222 694 202
694 222 202
491 720 7
720 491 7
509 476 286
476 509 286
653 102 347
102 653 347
405 208 352
208 405 352
649 32 80
32 649 80
20 71 942
71 20 942
135 113 148
113 135 148
269 729 487
729 269 487
456 553 660
553 456 660
369 667 383
667 369 383
534 51 476
51 534 476
564 343 7
343 564 7
8 368 59
368 8 59
713 4 943
4 713 943
484 189 419
189 484 419
670 417 588
417 670 588
77 679 586
679 77 586
215 142 890
142 215 890
716 197 586
197 716 586
344 559 609
559 344 609
185 641 182
641 185 182
175 686 11
686 175 11
55 204 952
204 55 952
556 84 901
84 556 901
619 320 274
320 619 274
314 560 346
560 314 346
263 549 557
549 263 557
392 149 101
149 392 101
425 568 688
568 425 688
658 391 41
391 658 41
202 619 901
619 202 901
459 354 434
354 459 434
472 290 32
290 472 32
340 172 497
172 340 497
27 329 601
329 27 601
534 80 642
80 534 642
59 77 797
77 59 797
171 186 708
186 171 708
226 28 546
28 226 546
456 122 186
122 456 186
235 379 937
379 235 937
18 122 262
122 18 262
250 344 64
344 250 64
383 238 840
238 383 840
495 115 790
115 495 790
483 399 827
399 483 827
407 433 906
433 407 906
492 43 432
43 492 432
275 485 919
485 275 919
15 491 837
491 15 837
399 193 267
193 399 267
258 673 947
673 258 947
359 485 219
485 359 219
262 440 12
440 262 12
62 165 208
165 62 208
656 297 254
297 656 254
281 196 914
196 281 914
470 121 682
121 470 682
496 29 17
29 496 17
94 498 305
498 94 305
682 578 309
578 682 309
336 162 163
162 336 163
27 568 712
568 27 712
341 627 333
627 341 333
360 471 246
471 360 246
672 502 505
502 672 505
258 457 497
457 258 497
88 83 67
83 88 67
310 110 863
110 310 863
23 352 202
352 23 202
403 630 143
630 403 143
402 441 348
441 402 348
375 151 189
151 375 189
331 655 990
655 331 990
650 592 358
592 650 358
590 339 871
339 590 871
228 185 608
185 228 608
560 488 270
488 560 270
496 658 983
658 496 983
235 697 63
697 235 63
211 174 351
174 211 351
205 64 331
64 205 331
625 643 656
643 625 656
665 89 924
89 665 924
561 442 851
442 561 851
80 398 665
398 80 665
592 96 446
96 592 446
223 507 662
507 223 662
729 243 354
243 729 354
239 316 996
316 239 996
548 42 559
42 548 559
704 333 554
333 704 554
67 627 6
627 67 6
435 534 973
534 435 973
111 84 967
84 111 967
707 248 435
248 707 435
200 583 734
583 200 734
208 375 527
375 208 527
456 468 619
468 456 619
41 344 701
344 41 701
479 55 414
55 479 414
147 135 54
135 147 54
612 462 347
462 612 347
47 662 701
662 47 701
115 611 602
611 115 602
514 694 667
694 514 667
329 549 416
549 329 416
124 339 278
339 124 278
296 530 937
530 296 937
713 176 300
176 713 300
609 703 947
703 609 947
546 697 757
697 546 757
299 692 784
692 299 784
373 192 192
192 373 192
448 652 152
652 448 152
695 98 198
98 695 198
499 296 618
296 499 618
673 725 497
725 673 497
480 701 629
701 480 629
285 469 785
469 285 785
110 465 29
465 110 29
702 511 89
511 702 89
586 617 319
617 586 319
298 396 227
396 298 227
483 256 380
256 483 380
455 610 111
610 455 111
453 14 402
14 453 402
238 169 547
169 238 547
210 412 486
412 210 486
549 656 901
656 549 901
98 368 358
368 98 358
354 191 152
191 354 152
527 151 829
151 527 829
201 289 95
289 201 95
474 640 708
640 474 708
548 200 670
200 548 670
55 491 745
491 55 745
503 256 356
256 503 356
18 349 759
349 18 759
388 288 599
288 388 599
84 130 792
130 84 792
230 630 823
630 230 823
32 148 422
148 32 422
563 297 603
297 563 603
158 256 249
256 158 249
105 12 880
12 105 880
311 168 544
168 311 544
467 672 219
672 467 219
220 267 176
267 220 176
133 543 917
543 133 917
421 552 601
552 421 601
400 502 553
502 400 553
680 353 100
353 680 100
431 487 776
487 431 776
247 48 154
48 247 154
716 608 52
608 716 52
695 662 185
662 695 185
220 507 908
507 220 908
701 518 522
518 701 522
722 522 606
522 722 606
647 483 246
483 647 246
554 441 727
441 554 727
203 264 38
264 203 38
195 723 360
723 195 360
629 651 358
651 629 358
378 342 856
342 378 856
32 564 736
564 32 736
466 178 525
178 466 525
478 721 616
721 478 616
376 306 478
306 376 478
477 305 349
305 477 349
41 37 121
37 41 121
606 193 958
193 606 958
683 265 887
265 683 887
550 296 807
296 550 807
720 718 930
718 720 930
134 520 810
520 134 810
401 381 895
381 401 895
49 487 842
487 49 842
438 615 388
615 438 388
311 343 550
343 311 550
667 325 945
325 667 945
190 77 902
77 190 902
316 162 468
162 316 468
626 567 758
567 626 758
568 284 440
284 568 440
631 438 195
438 631 195
522 459 52
459 522 52
422 384 507
384 422 507
431 522 106
522 431 106
725 170 216
170 725 216
527 243 702
243 527 702
26 631 193
631 26 193
253 148 165
148 253 165
505 61 121
61 505 121
145 629 525
629 145 525
472 410 468
410 472 468
528 233 112
233 528 112
225 17 107
17 225 107
492 336 633
336 492 633
285 102 965
102 285 965
628 280 959
280 628 959
359 198 537
198 359 537
210 580 673
580 210 673
360 607 578
607 360 578
565 176 329
176 565 329
109 415 959
415 109 959
627 321 170
321 627 170
618 421 204
421 618 204
65 566 762
566 65 762
412 304 485
304 412 485
450 528 603
528 450 603
49 610 810
610 49 810
338 227 100
227 338 100
236 631 34
631 236 34
295 194 934
194 295 934
375 464 681
464 375 681
532 597 590
597 532 590
586 484 447
484 586 447
563 137 212
137 563 212
608 156 688
156 608 688
682 660 503
660 682 503
651 545 628
545 651 628
414 726 32
726 414 32
479 111 615
111 479 615
84 216 200
216 84 200
113 202 515
202 113 515
258 558 251
558 258 251
718 91 852
91 718 852
284 322 283
322 284 283
704 241 375
241 704 375
113 94 249
94 113 249
419 284 18
284 419 18
150 10 107
10 150 107
64 361 224
361 64 224
435 694 739
694 435 739
18 407 400
407 18 400
348 402 204
402 348 204
330 493 462
493 330 462
270 34 896
34 270 896
681 442 789
442 681 789
554 9 186
9 554 186
621 452 826
452 621 826
223 278 188
278 223 188
181 364 265
364 181 265
71 477 992
477 71 992
705 213 963
213 705 963
4 441 249
441 4 249
371 430 317
430 371 317
558 183 886
183 558 886
497 118 557
118 497 557
506 317 723
317 506 723
365 160 114
160 365 114
546 16 517
16 546 517
540 423 134
423 540 134
175 123 508
123 175 508
96 321 105
321 96 105
244 395 557
395 244 557
185 431 419
431 185 419
717 607 624
607 717 624
670 111 726
111 670 726
457 309 399
309 457 399
212 455 557
455 212 557
225 162 948
162 225 948
7 519 632
519 7 632
506 714 950
714 506 950
159 500 997
500 159 997
75 709 860
709 75 860
363 384 553
384 363 553
286 154 322
154 286 322
725 636 333
636 725 333
697 181 570
181 697 570
549 675 967
675 549 967
473 721 550
721 473 550
21 472 680
472 21 680
414 632 118
632 414 118
349 376 210
376 349 210
600 617 604
617 600 604
679 617 7
617 679 7
237 248 359
248 237 359
307 563 93
563 307 93
542 367 25
367 542 25
33 236 152
236 33 152
336 635 262
635 336 262
401 602 945
602 401 945
695 12 229
12 695 229
681 549 35
549 681 35
402 131 341
131 402 341
466 184 474
184 466 474
315 716 848
716 315 848
161 184 751
184 161 751
255 655 296
655 255 296
565 572 244
572 565 244
491 355 848
355 491 848
460 425 429
425 460 429
358 31 53
31 358 53
636 352 908
352 636 908
75 630 218
630 75 218
265 722 610
722 265 610
451 324 838
324 451 838
474 8 19
8 474 19
639 248 182
248 639 182
175 387 152
387 175 152
615 248 746
248 615 746
598 509 670
509 598 670
241 554 713
554 241 713
577 116 487
116 577 487
200 352 270
352 200 270
70 332 590
332 70 590
509 576 261
576 509 261
128 122 314
122 128 314
112 17 832
17 112 832
217 608 900
608 217 900
505 619 114
619 505 114
698 464 427
464 698 427
209 490 179
490 209 179
126 239 846
239 126 846
673 608 881
608 673 881
720 281 967
281 720 967
393 23 661
23 393 661
676 512 633
512 676 633
206 430 793
430 206 793
684 107 869
107 684 869
211 666 754
666 211 754
344 296 489
296 344 489
669 105 852
105 669 852
93 197 956
197 93 956
231 239 712
239 231 712
698 25 956
25 698 956
380 45 665
45 380 665
286 434 97
434 286 97
389 347 302
347 389 302
321 557 902
557 321 902
528 580 555
580 528 555
391 78 976
78 391 976
137 207 635
207 137 635
335 670 680
670 335 680
279 519 651
519 279 651
64 586 580
586 64 580
282 475 987
475 282 987
111 378 694
378 111 694
138 398 112
398 138 112
215 432 989
432 215 989
626 192 145
192 626 145
328 250 467
250 328 467
463 228 161
228 463 161
85 562 382
562 85 382
267 726 464
726 267 464
125 583 976
583 125 976
618 318 611
318 618 611
415 288 304
288 415 304
582 57 536
57 582 536
217 408 243
408 217 243
90 270 116
270 90 116
716 584 765
584 716 765
286 628 313
628 286 313
388 492 3
492 388 3
199 386 371
386 199 371
41 229 381
229 41 381
112 85 317
85 112 317
186 678 526
678 186 526
635 713 387
713 635 387
699 524 396
524 699 396
357 551 641
551 357 641
22 394 951
394 22 951
134 46 233
46 134 233
708 394 552
394 708 552
670 681 832
681 670 832
150 544 943
544 150 943
382 351 164
351 382 164
278 584 962
584 278 962
562 391 508
391 562 508
690 401 882
401 690 882
380 65 694
65 380 694
527 63 122
63 527 122
430 200 157
200 430 157
482 346 528
346 482 528
417 467 457
467 417 457
592 532 351
532 592 351
705 693 472
693 705 472
438 725 524
725 438 524
423 537 398
537 423 398
167 465 356
465 167 356
672 473 473
473 672 473
653 46 716
46 653 716
516 605 459
605 516 459
587 194 914
194 587 914
263 47 261
47 263 261
411 654 762
654 411 762
159 726 493
726 159 493
623 236 422
236 623 422
83 99 958
99 83 958
397 301 15
301 397 15
99 558 914
558 99 914
58 439 837
439 58 837
197 348 340
348 197 340
93 650 306
650 93 306
513 550 388
550 513 388
374 224 769
224 374 769
499 140 943
140 499 943
540 649 889
649 540 889
73 454 843
454 73 843
98 369 843
369 98 843
662 80 754
80 662 754
118 411 99
411 118 99
449 175 634
175 449 634
29 151 805
151 29 805
477 80 254
80 477 254
392 319 349
319 392 349
239 32 953
32 239 953
721 629 786
629 721 786
674 244 504
244 674 504
574 243 150
243 574 150
151 146 262
146 151 262
167 670 822
670 167 822
533 203 357
203 533 357
223 711 513
711 223 513
423 337 604
337 423 604
204 727 683
727 204 683
468 312 500
312 468 500
325 397 404
397 325 404
680 321 208
321 680 208
202 593 393
593 202 393
370 481 962
481 370 962
378 195 528
195 378 528
641 228 636
228 641 636
443 284 88
284 443 88
54 11 659
11 54 659
519 625 546
625 519 546
628 208 470
208 628 470
531 152 764
152 531 764
555 177 26
177 555 26
214 330 201
330 214 201
535 197 348
197 535 348
511 555 317
555 511 317
618 576 343
576 618 343
591 336 309
336 591 309
498 271 908
271 498 908
602 480 799
480 602 799
433 405 655
405 433 655
445 35 358
35 445 358
413 666 764
666 413 764
195 441 16
441 195 16
289 530 578
530 289 578
485 644 25
644 485 25
285 708 105
708 285 105
606 473 436
473 606 436
98 617 854
617 98 854
460 417 60
417 460 60
27 348 716
348 27 716
224 500 807
500 224 807
700 100 84
100 700 84
577 639 320
639 577 320
604 365 763
365 604 763
588 481 605
481 588 605
43 689 870
689 43 870
176 507 528
507 176 528
591 179 219
179 591 219
705 232 631
232 705 631
202 505 836
505 202 836
249 226 82
226 249 82
43 62 864
62 43 864
340 239 337
239 340 337
360 518 903
518 360 903
341 224 907
224 341 907
222 468 644
468 222 644
414 603 433
603 414 433
50 141 75
141 50 75
46 85 541
85 46 541
463 69 318
69 463 318
134 290 455
290 134 455
676 279 150
279 676 150
490 554 876
554 490 876
320 336 623
336 320 623
504 214 839
214 504 839
359 518 426
518 359 426
108 340 569
340 108 569
615 148 281
148 615 281
565 324 708
324 565 708
155 34 235
34 155 235
645 595 424
595 645 424
387 388 980
388 387 980
120 210 682
210 120 682
159 644 947
644 159 947
54 656 4
656 54 4
65 278 117
278 65 117
292 672 42
672 292 42
422 8 157
8 422 157
344 432 416
432 344 416
719 587 83
587 719 83
238 35 90
35 238 90
141 543 813
543 141 813
320 260 523
260 320 523
652 588 76
588 652 76
183 28 304
28 183 304
249 39 821
39 249 821
303 257 382
257 303 382
660 646 175
646 660 175
560 633 436
633 560 436
358 490 754
490 358 754
692 442 125
442 692 125
168 274 509
274 168 509
240 276 464
276 240 464
279 476 537
476 279 537
21 394 731
394 21 731
666 414 492
414 666 492
289 705 901
705 289 901
598 607 52
607 598 52
336 707 534
707 336 534
252 463 266
463 252 266
545 297 121
297 545 121
513 476 4
476 513 4
646 158 949
158 646 949
539 265 425
265 539 425
184 445 506
445 184 506
364 473 998
473 364 998
702 414 505
414 702 505
670 260 676
260 670 676
704 430 256
430 704 256
378 424 643
424 378 643
170 176 951
176 170 951
376 686 516
686 376 516
592 71 301
71 592 301
641 438 634
438 641 634
721 165 218
165 721 218
199 653 854
653 199 854
601 143 221
143 601 221
332 559 314
559 332 314
344 70 570
70 344 570
599 587 553
587 599 553
377 177 300
177 377 300
724 177 60
177 724 60
224 159 132
159 224 132
314 561 543
561 314 543
637 233 740
233 637 740
236 169 150
169 236 150
505 296 312
296 505 312
305 385 195
385 305 195
504 610 521
610 504 521
362 451 825
451 362 825
128 649 8
649 128 8
721 493 270
493 721 270
617 387 617
387 617 617
520 508 612
508 520 612
538 141 107
141 538 107
559 424 563
424 559 563
50 335 159
335 50 159
710 323 34
323 710 34
509 344 121
344 509 121
114 429 460
429 114 460
619 423 276
423 619 276
653 75 569
75 653 569
235 234 309
234 235 309
454 34 609
34 454 609
630 496 108
496 630 108
165 513 205
513 165 205
26 353 833
353 26 833
133 281 667
281 133 667
350 299 901
299 350 901
606 597 512
597 606 512
239 439 21
439 239 21
374 275 205
275 374 205
162 618 446
618 162 446
4 204 887
204 4 887
174 71 893
71 174 893
467 348 398
348 467 398
184 596 392
596 184 392
72 482 643
482 72 643
56 414 70
414 56 70
218 384 325
384 218 325
184 353 542
353 184 542
557 313 1000
313 557 1000
230 74 62
74 230 62
275 653 515
653 275 515
250 726 672
726 250 672
270 663 614
663 270 614
675 604 259
604 675 259
689 681 112
681 689 112
518 218 293
218 518 293
706 518 673
518 706 673
158 300 765
300 158 765
279 271 263
271 279 263
95 507 588
507 95 588
12 401 445
401 12 445
477 341 632
341 477 632
525 657 209
657 525 209
393 398 810
398 393 810
230 667 771
667 230 771
504 410 527
410 504 527
473 54 416
54 473 416
634 172 949
172 634 949
332 184 744
184 332 744
172 430 320
430 172 320
624 208 104
208 624 104
379 388 717
388 379 717
627 490 427
490 627 427
637 228 344
228 637 344
510 34 348
34 510 348
171 650 356
650 171 356
238 728 320
728 238 320
377 551 260
551 377 260
211 371 280
371 211 280
627 227 903
227 627 903
722 42 598
42 722 598
129 386 623
386 129 623
105 696 922
696 105 922
357 202 641
202 357 641
177 646 953
646 177 953
232 396 48
396 232 48
102 65 370
65 102 370
685 606 640
606 685 640
547 476 462
476 547 462
627 208 280
208 627 280
289 584 221
584 289 221
91 685 93
685 91 93
18 612 502
612 18 502
33 375 430
375 33 430
353 72 556
72 353 556
575 389 793
389 575 793
147 56 413
56 147 413
443 336 864
336 443 864
630 111 726
111 630 726
524 654 170
654 524 170
237 137 424
137 237 424
521 409 280
409 521 280
373 618 178
618 373 178
318 344 100
344 318 100
594 215 409
215 594 409
190 461 748
461 190 748
469 553 70
553 469 70
256 692 169
692 256 169
359 419 595
419 359 595
13 579 36
579 13 36
151 258 712
258 151 712
40 454 292
454 40 292
382 567 318
567 382 318
512 510 912
510 512 912
598 229 672
229 598 672
542 178 303
178 542 303
725 572 450
572 725 450
454 195 914
195 454 914
235 553 717
553 235 717
88 137 785
137 88 785
51 39 476
39 51 476
272 235 230
235 272 230
396 670 605
670 396 605
438 316 88
316 438 88
222 660 714
660 222 714
228 420 317
420 228 317
139 137 461
137 139 461
131 663 948
663 131 948
580 160 117
160 580 117
18 201 925
201 18 925
703 539 434
539 703 434
676 674 911
674 676 911
240 461 858
461 240 858
121 684 182
684 121 182
614 633 421
633 614 421
683 711 338
711 683 338
559 539 343
539 559 343
38 692 492
692 38 492
513 303 99
303 513 99
332 522 466
522 332 466
54 10 155
10 54 155
112 562 890
562 112 890
259 479 306
479 259 306
569 608 939
608 569 939
397 134 683
134 397 683
94 538 483
538 94 483
376 86 20
86 376 20
357 665 795
665 357 795
616 604 114
604 616 114
509 238 552
238 509 552
158 172 295
172 158 295
592 285 459
285 592 459
309 472 296
472 309 296
335 148 244
148 335 244
514 637 22
637 514 22
629 458 146
458 629 146
106 639 105
639 106 105
76 110 479
110 76 479
473 418 438
418 473 438
280 634 265
634 280 265
165 145 592
145 165 592
723 569 591
569 723 591
347 235 243
235 347 243
237 402 183
402 237 183
20 715 293
715 20 293
365 54 576
54 365 576
49 177 257
177 49 257
227 167 108
167 227 108
440 243 4
243 440 4
209 486 590
486 209 590
156 445 542
445 156 542
204 579 617
579 204 617
658 564 437
564 658 437
195 425 263
425 195 263
583 143 199
143 583 199
82 694 321
694 82 321
628 562 938
562 628 938
588 431 200
431 588 200
469 529 50
529 469 50
321 389 313
389 321 313
209 707 364
707 209 364
133 221 163
221 133 163
282 237 514
237 282 514
476 219 595
219 476 595
559 560 393
560 559 393
154 79 542
79 154 542
405 16 437
16 405 437
411 376 504
376 411 504
295 374 624
374 295 624
403 611 974
611 403 974
583 464 176
464 583 176
6 303 323
303 6 323
83 248 421
248 83 421
444 88 631
88 444 631
45 688 427
688 45 427
617 705 414
705 617 414
287 134 426
134 287 426
319 237 960
237 319 960
615 264 87
264 615 87
710 126 700
126 710 700
111 327 539
327 111 539
39 14 344
14 39 344
14 69 649
69 14 649
6 449 780
449 6 780
6 416 73
416 6 73
66 561 718
561 66 718
592 589 909
589 592 909
348 692 682
692 348 682
724 607 194
607 724 194
70 477 447
477 70 447
699 551 522
551 699 522
184 704 19
704 184 19
177 20 239
20 177 239
551 297 134
297 551 134
288 111 762
111 288 762
610 67 78
67 610 78
705 671 484
671 705 484
77 389 892
389 77 892
447 176 879
176 447 879
611 157 896
157 611 896
38 359 617
359 38 617
372 475 142
475 372 142
342 375 497
375 342 497
707 563 728
563 707 728
208 675 222
675 208 222
516 560 601
560 516 601
56 215 40
215 56 40
708 310 515
310 708 515
8 80 593
80 8 593
332 305 795
305 332 795
457 478 537
478 457 537
18 200 719
200 18 719
364 649 397
649 364 397
720 705 73
705 720 73
587 225 729
225 587 729
155 128 481
128 155 481
296 32 306
32 296 306
660 38 753
38 660 753
396 509 717
509 396 717
495 372 244
372 495 244
692 237 203
237 692 203
500 633 642
633 500 642
308 271 998
271 308 998
227 705 172
705 227 172
718 445 680
445 718 680
487 421 619
421 487 619
709 138 297
138 709 297
2 584 138
584 2 138
548 204 722
204 548 722
536 362 861
362 536 861
488 238 471
238 488 471
458 91 541
91 458 541
463 520 843
520 463 843
713 339 537
339 713 537
163 155 731
155 163 731
148 694 40
694 148 40
675 46 63
46 675 63
230 483 582
483 230 582
172 194 488
194 172 488
310 675 539
675 310 539
420 452 266
452 420 266
157 159 847
159 157 847
141 69 874
69 141 874
702 619 140
619 702 140
370 151 709
151 370 709
163 660 467
660 163 467
340 606 62
606 340 62
160 123 602
123 160 602
446 394 84
394 446 84
500 443 212
443 500 212
29 311 240
311 29 240
171 438 568
438 171 568
513 108 196
108 513 196
85 241 845
241 85 845
647 619 496
619 647 496
414 493 201
493 414 201
431 209 232
209 431 232
580 610 528
610 580 528
559 389 496
389 559 496
694 538 400
538 694 400
218 636 944
636 218 944
24 577 828
577 24 828
189 625 611
625 189 611
469 231 209
231 469 209
513 286 280
286 513 280
635 504 648
504 635 648
319 134 796
134 319 796
239 327 535
327 239 535
312 246 334
246 312 334
717 76 675
76 717 675
487 318 20
318 487 20
307 528 675
528 307 675
70 675 357
675 70 357
142 182 579
182 142 579
67 531 250
531 67 250
575 611 839
611 575 839
690 263 168
263 690 168
180 529 449
529 180 449
48 308 221
308 48 221
307 330 717
330 307 717
691 92 227
92 691 227
95 160 276
160 95 276
586 84 353
84 586 353
490 102 147
102 490 147
57 67 719
67 57 719
703 668 937
668 703 937
338 474 877
474 338 877
330 6 37
6 330 37
493 7 911
7 493 911
198 18 642
18 198 642
314 62 276
62 314 276
591 324 349
324 591 349
605 517 858
517 605 858
440 532 538
532 440 538
679 382 720
382 679 720
173 209 48
209 173 48
640 596 886
596 640 886
275 471 638
471 275 638
119 335 903
335 119 903
679 250 251
250 679 251
130 295 941
295 130 941
78 348 177
348 78 177
294 679 627
679 294 627
20 43 19
43 20 19
247 4 577
4 247 577
485 583 351
583 485 351
170 288 864
288 170 864
700 237 952
237 700 952
689 176 738
176 689 738
661 214 259
214 661 259
514 116 170
116 514 170
141 249 533
249 141 533
673 379 270
379 673 270
245 5 997
5 245 997
241 245 877
245 241 877
684 484 893
484 684 893
286 224 680
224 286 680
313 271 299
271 313 299
25 603 548
603 25 548
698 18 993
18 698 993
596 336 349
336 596 349
48 118 914
118 48 914
41 255 558
255 41 558
160 699 217
699 160 217
725 169 274
169 725 274
652 135 16
135 652 16
487 661 964
661 487 964
394 289 368
289 394 368
555 385 612
385 555 612
692 261 680
261 692 680
85 43 52
43 85 52
142 323 845
323 142 845
192 41 580
41 192 580
426 352 887
352 426 887
613 305 962
305 613 962
661 184 1
184 661 1
523 320 246
320 523 246
264 529 686
529 264 686
69 594 897
594 69 897
566 436 27
436 566 27
344 91 432
91 344 432
606 81 821
81 606 821
442 246 318
246 442 318
231 311 814
311 231 814
143 46 439
46 143 439
479 342 217
342 479 217
385 397 801
397 385 801
532 546 970
546 532 970
407 212 880
212 407 880
406 152 255
152 406 255
726 410 280
410 726 280
57 319 197
319 57 197
180 406 216
406 180 216
383 512 814
512 383 814
309 459 243
459 309 243
647 240 354
240 647 354
431 390 865
390 431 865
467 688 176
688 467 176
430 514 546
514 430 546
672 698 802
698 672 802
33 288 630
288 33 630
149 368 353
368 149 353
549 519 411
519 549 411
95 387 375
387 95 375
611 61 507
61 611 507
682 673 510
673 682 510
244 182 767
182 244 767
387 273 260
273 387 260
120 310 955
310 120 955
672 433 270
433 672 270
293 231 615
231 293 615
507 197 813
197 507 813
245 708 943
708 245 943
347 313 843
313 347 843
448 518 911
518 448 911
584 691 206
691 584 206
382 64 378
64 382 378
503 114 352
114 503 352
719 99 347
99 719 347
418 598 153
598 418 153
26 275 93
275 26 93
307 67 408
67 307 408
492 369 598
369 492 598
144 326 517
326 144 517
449 30 366
30 449 366
609 345 57
345 609 57
233 186 484
186 233 484
262 369 884
369 262 884
386 280 805
280 386 805
23 277 438
277 23 438
205 199 566
199 205 566
654 9 465
9 654 465
330 619 718
619 330 718
415 137 492
137 415 492
677 13 700
13 677 700
549 246 514
246 549 514
122 704 215
704 122 215
649 486 721
486 649 721
369 484 509
484 369 509
495 379 537
379 495 537
675 39 605
39 675 605
445 155 163
155 445 163
612 714 718
714 612 718
609 119 172
119 609 172
267 573 608
573 267 608
67 296 845
296 67 845
96 615 550
615 96 550
371 549 413
549 371 413
286 308 594
308 286 594
502 504 455
504 502 455
368 4 407
4 368 407
62 217 340
217 62 340
44 350 674
350 44 674
678 462 395
462 678 395
729 18 874
18 729 874
56 657 495
657 56 495
44 58 780
58 44 780
578 351 721
351 578 721
342 291 852
291 342 852
237 510 356
510 237 356
463 6 528
6 463 528
49 278 662
278 49 662
86 23 227
23 86 227
176 86 417
86 176 417
84 541 918
541 84 918
628 640 636
640 628 636
416 354 298
354 416 298
319 666 813
666 319 813
148 174 283
174 148 283
221 639 911
639 221 911
104 438 43
438 104 43
593 137 773
137 593 773
339 72 542
72 339 542
432 507 703
507 432 703
327 458 982
458 327 982
312 396 636
396 312 636
251 231 89
231 251 89
91 2 221
2 91 221
608 88 861
88 608 861
717 284 671
284 717 671
356 120 556
120 356 556
271 91 249
91 271 249
116 361 23
361 116 23
332 667 184
667 332 184
110 324 486
324 110 486
528 50 686
50 528 686
156 643 826
643 156 826
690 691 313
691 690 313
210 250 684
250 210 684
470 166 678
166 470 678
255 680 331
680 255 331
663 303 255
303 663 255
245 445 633
445 245 633
706 568 416
568 706 416
172 685 812
685 172 812
700 68 834
68 700 834
287 437 453
437 287 453
285 658 704
658 285 704
679 57 25
57 679 25
476 654 784
654 476 784
89 386 313
386 89 313
710 92 988
92 710 988
102 217 631
217 102 631
394 24 614
24 394 614
282 403 339
403 282 339
634 67 805
67 634 805
551 403 790
403 551 790
300 346 22
346 300 22
151 208 815
208 151 815
439 53 341
53 439 341
464 240 750
240 464 750
357 50 352
50 357 352
205 198 927
198 205 927
543 521 608
521 543 608
97 235 558
235 97 558
487 631 764
631 487 764
333 529 393
529 333 393
641 483 119
483 641 119
368 142 452
142 368 452
114 239 116
239 114 116
7 602 502
602 7 502
171 719 404
719 171 404
484 0 546
0 484 546
150 394 183
394 150 183
32 645 840
645 32 840
271 192 975
192 271 975
70 127 759
127 70 759
549 274 362
274 549 362
229 359 297
359 229 297
163 347 668
347 163 668
376 131 795
131 376 795
106 392 103
392 106 103
353 218 505
218 353 505
582 512 468
512 582 468
516 352 378
352 516 378
468 258 381
258 468 381
703 549 910
549 703 910
253 29 210
29 253 210
250 110 174
110 250 174
334 496 806
496 334 806
263 325 631
325 263 631
270 21 592
21 270 592
374 242 199
242 374 199
683 92 274
92 683 274
245 714 621
714 245 621
131 62 615
62 131 615
689 512 801
512 689 801
300 496 736
496 300 736
342 505 957
505 342 957
499 39 707
39 499 707
673 697 673
697 673 673
311 661 233
661 311 233
86 475 998
475 86 998
697 417 981
417 697 981
475 637 136
637 475 136
295 373 791
373 295 791
440 463 797
463 440 797
718 604 699
604 718 699
568 249 513
249 568 513
62 536 384
536 62 384
363 293 263
293 363 263
33 212 645
212 33 645
467 326 943
326 467 943
565 516 534
516 565 534
81 496 480
496 81 480
679 540 18
540 679 18
626 360 623
360 626 623
202 721 606
721 202 606
347 215 703
215 347 703
545 355 619
355 545 619
670 192 315
192 670 315
623 264 146
264 623 146
254 162 314
162 254 314
336 359 143
359 336 143
104 547 168
547 104 168
13 116 720
116 13 720
417 178 41
178 417 41
158 535 188
535 158 188
483 496 648
496 483 648
546 352 9
352 546 9
133 328 358
328 133 358
431 92 654
92 431 654
462 598 101
598 462 101
121 422 92
422 121 92
630 172 42
172 630 42
261 376 591
376 261 591
268 521 129
521 268 129
677 189 354
189 677 354
677 488 705
488 677 705
419 391 769
391 419 769
136 42 841
42 136 841
603 203 447
203 603 447
149 338 281
338 149 281
104 336 2
336 104 2
662 592 282
592 662 282
485 293 428
293 485 428
704 595 43
595 704 43
209 184 1
184 209 1
50 687 206
687 50 206
153 645 404
645 153 404
374 309 323
309 374 323
257 0 657
0 257 657
644 284 85
284 644 85
453 229 183
229 453 183
530 27 721
27 530 721
564 17 625
17 564 625
73 442 442
442 73 442
576 116 237
116 576 237
556 171 919
171 556 919
373 403 391
403 373 391
454 4 579
4 454 579
394 658 772
658 394 772
587 12 352
12 587 352
28 36 757
36 28 757
22 236 380
236 22 380
49 189 252
189 49 252
7 170 851
170 7 851
138 545 561
545 138 561
27 721 229
721 27 229
440 478 888
478 440 888
410 12 56
12 410 56
189 286 511
286 189 511
326 402 705
402 326 705
655 657 350
657 655 350
7 133 47
133 7 47
46 266 95
266 46 95
630 223 139
223 630 139
500 211 32
211 500 32
454 374 625
374 454 625
351 275 477
275 351 477
461 533 363
533 461 363
198 379 967
379 198 967
667 483 591
483 667 591
200 630 77
630 200 77
703 478 621
478 703 621
21 626 451
626 21 451
282 713 308
713 282 308
296 193 628
193 296 628
257 601 505
601 257 505
518 22 16
22 518 16
226 113 660
113 226 660
588 650 490
650 588 490
365 186 444
186 365 444
728 627 40
627 728 40
162 649 573
649 162 573
93 673 999
673 93 999
561 289 550
289 561 550
601 225 410
225 601 410
714 288 565
288 714 565
92 417 710
417 92 710
150 102 728
102 150 728
267 447 409
447 267 409
373 93 785
93 373 785
89 364 747
364 89 747
397 564 882
564 397 882
123 602 198
602 123 198
363 305 332
305 363 332
215 147 841
147 215 841
529 49 394
49 529 394
549 36 757
36 549 757
458 569 181
569 458 181
42 158 273
158 42 273
314 393 844
393 314 844
195 168 858
168 195 858
724 355 949
355 724 949
627 102 795
102 627 795
684 555 303
555 684 303
326 411 452
411 326 452
541 321 364
321 541 364
417 55 517
55 417 517
5 642 926
642 5 926
244 696 840
696 244 840
8 110 981
110 8 981
30 413 447
413 30 447
109 227 129
227 109 129
130 644 138
644 130 138
565 657 209
657 565 209
362 179 887
179 362 887
688 625 918
625 688 918
506 635 626
635 506 626
726 53 483
53 726 483