431 394 265
394 431 265
525 431 414
431 525 414
310 431 366
431 310 366
601 431 516
431 601 516
142 525 143
525 142 143
97 601 818
601 97 818
258 601 722
601 258 722
624 525 317
525 624 317
102 431 920
431 102 920
343 258 573
258 343 573
105 142 444
142 105 444
329 102 655
102 329 655
213 624 488
624 213 488
464 213 533
213 464 533
272 394 824
394 272 824
575 394 95
394 575 95
419 394 626
394 419 626
519 343 249
343 519 249
342 525 195
525 342 195
599 258 244
258 599 244
149 419 458
419 149 458
93 525 327
525 93 327
539 272 111
272 539 111
318 419 298
419 318 298
131 419 340
419 131 340
576 97 986
97 576 986
644 419 601
419 644 601
304 464 93
464 304 93
638 131 394
131 638 394
338 519 247
519 338 247
308 142 193
142 308 193
198 525 627
525 198 627
277 338 70
338 277 70
91 624 897
624 91 897
161 525 862
525 161 862
82 91 699
91 82 699
425 277 282
277 425 282
565 272 869
272 565 869
232 425 845
425 232 845
457 425 281
425 457 281
491 308 676
308 491 676
389 142 332
142 389 332
670 258 498
258 670 498
643 457 343
457 643 343
205 272 16
272 205 16
294 258 722
258 294 722
239 539 813
539 239 813
184 149 436
149 184 436
63 97 801
97 63 801
159 643 224
643 159 224
46 82 649
82 46 649
592 565 696
565 592 696
77 431 127
431 77 127
210 565 850
565 210 850
641 258 400
258 641 400
100 539 853
539 100 853
128 525 620
525 128 620
22 329 984
329 22 984
209 205 126
205 209 126
537 213 744
213 537 744
65 209 695
209 65 695
24 91 435
91 24 435
116 77 266
77 116 266
76 304 73
304 76 73
349 643 446
643 349 446
208 258 515
258 208 515
531 142 610
142 531 610
118 159 204
159 118 204
301 205 926
205 301 926
538 149 714
149 538 714
238 258 807
258 238 807
185 599 350
599 185 350
609 198 120
198 609 120
507 93 13
93 507 13
544 592 921
592 544 921
657 349 939
349 657 939
365 205 397
205 365 397
292 342 574
342 292 574
12 22 759
22 12 759
89 389 756
389 89 756
50 301 287
301 50 287
163 338 780
338 163 780
562 205 624
205 562 624
345 205 604
205 345 604
158 232 397
232 158 397
486 562 82
562 486 82
1 657 196
657 1 196
400 599 245
599 400 245
268 50 458
50 268 458
450 486 581
486 450 581
492 601 411
601 492 411
673 77 790
77 673 790
53 149 456
149 53 456
74 277 718
277 74 718
193 128 540
128 193 540
582 238 618
238 582 618
0 601 506
601 0 506
396 232 857
232 396 857
560 97 828
97 560 828
499 318 561
318 499 561
106 673 133
673 106 133
18 46 972
46 18 972
504 457 3
457 504 3
264 431 734
431 264 734
4 486 541
486 4 541
126 318 121
318 126 121
250 565 286
565 250 286
230 329 487
329 230 487
484 89 83
89 484 83
29 161 935
161 29 935
556 18 811
18 556 811
150 29 262
29 150 262
173 562 533
562 173 533
433 464 892
464 433 892
200 161 871
161 200 871
26 142 41
142 26 41
266 1 265
1 266 265
399 294 960
294 399 960
55 230 767
230 55 767
618 492 659
492 618 659
574 50 445
50 574 445
468 556 550
556 468 550
234 576 384
576 234 384
374 431 141
431 374 141
197 91 341
91 197 341
430 106 376
106 430 376
124 670 798
670 124 798
45 343 276
343 45 276
220 565 597
565 220 597
377 673 404
673 377 404
174 544 117
544 174 117
612 65 956
65 612 956
64 292 183
292 64 183
667 519 309
519 667 309
517 345 306
345 517 306
533 644 101
644 533 101
620 574 345
574 620 345
445 308 490
308 445 490
156 124 436
124 156 436
49 365 343
365 49 343
216 389 641
389 216 641
488 93 67
93 488 67
117 159 767
159 117 767
300 272 394
272 300 394
11 131 403
131 11 403
677 507 459
507 677 459
639 641 433
641 639 433
119 74 225
74 119 225
355 389 441
389 355 441
267 492 117
492 267 117
88 258 924
258 88 924
597 46 121
46 597 121
658 106 262
106 658 262
288 343 970
343 288 970
302 425 107
425 302 107
278 266 387
266 278 387
482 156 846
156 482 846
215 576 610
576 215 610
652 425 577
425 652 577
546 230 898
230 546 898
664 163 853
163 664 853
669 124 650
124 669 650
284 445 624
445 284 624
312 525 348
525 312 348
435 163 36
163 435 36
211 349 617
349 211 617
224 0 596
0 224 596
408 618 67
618 408 67
547 149 528
149 547 528
591 343 67
343 591 67
162 277 41
277 162 41
218 310 777
310 218 777
580 433 338
433 580 338
593 491 819
491 593 819
108 224 471
224 108 471
666 193 517
193 666 517
276 517 514
517 276 514
25 677 92
677 25 92
471 612 776
612 471 776
421 342 764
342 421 764
314 592 296
592 314 296
382 658 427
658 382 427
577 234 865
234 577 865
553 560 622
560 553 622
415 209 871
209 415 871
608 142 672
142 608 672
625 394 758
394 625 758
135 365 519
365 135 519
406 349 340
349 406 340
44 430 880
430 44 880
191 365 791
365 191 791
303 396 829
396 303 829
285 272 167
272 285 167
460 198 244
198 460 244
214 608 849
608 214 849
251 464 964
464 251 964
28 234 427
234 28 427
107 197 911
197 107 911
626 288 734
288 626 734
60 218 715
218 60 715
115 450 421
450 115 421
30 278 477
278 30 477
297 266 48
266 297 48
78 618 796
618 78 796
122 142 33
142 122 33
446 215 135
215 446 135
467 163 107
163 467 107
515 49 664
49 515 664
270 63 392
63 270 392
581 107 796
107 581 796
373 304 902
304 373 902
43 278 717
278 43 717
361 482 647
482 361 647
262 211 127
211 262 127
511 382 636
382 511 636
236 115 869
115 236 869
101 560 818
560 101 818
237 44 893
44 237 893
514 467 124
467 514 124
402 115 193
115 402 193
32 60 401
60 32 401
353 193 774
193 353 774
154 26 365
26 154 365
605 664 77
664 605 77
36 343 497
343 36 497
204 97 967
97 204 967
411 591 582
591 411 582
448 605 221
605 448 221
186 539 794
539 186 794
634 204 910
204 634 910
490 626 514
626 490 514
543 667 430
667 543 430
403 292 968
292 403 968
94 425 436
425 94 436
449 230 945
230 449 945
70 576 425
576 70 425
54 131 425
131 54 425
613 232 751
232 613 751
21 30 457
30 21 457
356 108 427
108 356 427
23 124 941
124 23 941
279 553 258
553 279 258
71 450 72
450 71 72
112 492 708
492 112 708
27 400 356
400 27 356
164 525 850
525 164 850
202 270 374
270 202 374
67 597 914
597 67 914
137 77 3
77 137 3
182 408 689
408 182 689
596 356 922
356 596 922
121 191 7
191 121 7
263 74 706
74 263 706
17 613 619
613 17 619
221 514 145
514 221 145
175 543 115
543 175 115
412 666 724
666 412 724
244 208 28
208 244 28
192 415 343
415 192 343
413 355 303
355 413 303
474 224 188
224 474 188
503 491 105
491 503 105
459 482 160
482 459 160
339 544 968
544 339 968
127 433 323
433 127 323
442 374 242
374 442 242
640 74 298
74 640 298
337 262 679
262 337 679
42 531 615
531 42 615
15 115 79
115 15 79
603 425 135
425 603 135
379 658 563
658 379 563
376 185 605
185 376 605
383 597 652
597 383 652
330 670 254
670 330 254
401 406 652
406 401 652
473 638 385
638 473 385
371 601 427
601 371 427
635 312 451
312 635 451
195 44 300
44 195 300
429 294 973
294 429 973
178 641 283
641 178 283
113 292 814
292 113 814
622 448 950
448 622 950
369 74 786
74 369 786
390 32 178
32 390 178
246 543 348
543 246 348
480 185 363
185 480 363
432 643 494
643 432 494
675 264 301
264 675 301
2 186 633
186 2 633
436 310 223
310 436 223
293 22 787
22 293 787
571 288 558
288 571 558
557 12 434
12 557 434
646 23 94
23 646 94
619 17 778
17 619 778
233 371 780
371 233 780
385 117 647
117 385 647
20 65 276
65 20 276
616 599 0
599 616 0
257 297 538
297 257 538
541 30 455
30 541 455
109 220 362
220 109 362
289 499 609
499 289 609
87 519 72
519 87 72
271 278 546
278 271 546
340 537 542
537 340 542
255 562 69
562 255 69
410 119 289
119 410 289
505 118 587
118 505 587
508 250 544
250 508 544
114 581 978
581 114 978
606 371 413
371 606 413
291 355 452
355 291 452
370 675 643
675 370 643
147 89 126
89 147 126
671 65 390
65 671 390
405 257 479
257 405 479
151 390 684
390 151 684
319 314 647
314 319 647
477 43 223
43 477 223
481 182 711
182 481 711
502 669 504
669 502 504
645 338 454
338 645 454
320 609 763
609 320 763
500 576 908
576 500 908
617 29 26
29 617 26
363 23 400
23 363 400
9 42 68
42 9 68
86 30 6
30 86 6
375 149 118
149 375 118
628 431 276
431 628 276
649 355 744
355 649 744
247 185 769
185 247 769
579 639 195
639 579 195
125 353 471
353 125 471
351 251 172
251 351 172
352 511 663
511 352 663
458 544 458
544 458 458
167 337 323
337 167 323
146 126 932
126 146 932
207 411 357
411 207 357
423 237 826
237 423 826
523 626 747
626 523 747
248 499 449
499 248 449
229 20 727
20 229 727
58 107 34
107 58 34
269 502 86
502 269 86
217 608 58
608 217 58
676 248 177
248 676 177
274 508 304
508 274 304
654 643 721
643 654 721
552 11 789
11 552 789
393 581 469
581 393 469
62 481 713
481 62 713
561 458 979
458 561 979
589 402 594
402 589 594
501 182 260
182 501 260
526 29 345
29 526 345
315 149 44
149 315 44
61 562 358
562 61 358
5 119 670
119 5 670
8 238 65
238 8 65
485 58 227
58 485 227
674 297 571
297 674 571
265 543 197
543 265 197
392 505 104
505 392 104
679 670 813
670 679 813
368 435 548
435 368 548
522 211 261
211 522 261
39 640 45
640 39 45
231 135 82
135 231 82
256 337 354
337 256 354
228 504 257
504 228 257
360 652 529
652 360 529
455 377 493
377 455 493
418 8 245
8 418 245
59 278 956
278 59 956
637 425 9
425 637 9
542 263 741
263 542 741
521 318 939
318 521 939
494 121 471
121 494 471
528 537 87
537 528 87
104 234 101
234 104 101
188 373 905
373 188 905
281 36 627
36 281 627
99 237 572
237 99 572
478 599 981
599 478 981
235 124 501
124 235 501
295 349 860
349 295 860
350 421 327
421 350 327
536 210 570
210 536 570
362 508 554
508 362 554
261 8 303
8 261 303
554 459 619
459 554 619
572 383 649
383 572 649
334 156 237
156 334 237
31 537 629
537 31 629
139 400 750
400 139 750
529 124 223
124 529 223
372 360 675
360 372 675
10 59 548
59 10 548
651 514 879
514 651 879
75 24 393
24 75 393
359 537 994
537 359 994
466 266 691
266 466 691
381 173 757
173 381 757
325 277 530
277 325 530
420 523 335
523 420 335
322 191 643
191 322 643
627 677 596
677 627 596
227 538 829
538 227 829
33 113 516
113 33 516
447 625 599
625 447 599
41 447 132
447 41 132
535 12 999
12 535 999
249 474 78
474 249 78
183 295 211
295 183 211
662 2 785
2 662 785
311 618 750
618 311 750
180 535 239
535 180 239
532 421 623
421 532 623
181 477 510
477 181 510
614 641 630
641 614 630
578 213 539
213 578 539
428 577 500
577 428 500
331 215 12
215 331 12
661 150 568
150 661 568
465 562 676
562 465 676
611 263 828
263 611 828
665 455 492
455 665 492
397 546 721
546 397 721
595 457 265
457 595 265
110 255 411
255 110 411
509 0 841
0 509 841
240 372 298
372 240 298
296 338 213
338 296 213
37 664 743
664 37 743
550 124 351
124 550 351
629 36 684
36 629 684
530 125 673
125 530 673
168 64 352
64 168 352
495 562 312
562 495 312
14 382 587
382 14 587
416 638 749
638 416 749
472 365 361
365 472 361
19 596 642
596 19 642
66 329 247
329 66 247
51 97 231
97 51 231
498 224 68
224 498 68
630 308 353
308 630 353
512 236 139
236 512 139
171 186 445
186 171 445
133 577 319
577 133 319
152 375 336
375 152 336
569 372 765
372 569 765
332 214 9
214 332 9
333 152 270
152 333 270
437 379 823
379 437 823
586 676 721
676 586 721
380 99 42
99 380 42
454 24 418
24 454 418
323 1 3
1 323 3
417 538 636
538 417 636
549 459 860
459 549 860
598 589 151
589 598 151
81 408 243
408 81 243
678 450 252
450 678 252
34 627 917
627 34 917
153 637 806
637 153 806
570 246 172
246 570 172
600 457 437
457 600 437
497 77 635
77 497 635
527 94 727
94 527 727
141 606 616
606 141 616
52 220 348
220 52 348
633 228 385
228 633 385
38 151 954
151 38 954
56 17 91
17 56 91
321 355 687
355 321 687
148 94 241
94 148 241
444 382 166
382 444 166
653 104 414
104 653 414
309 445 822
445 309 822
441 444 402
444 441 402
13 652 543
652 13 543
275 429 480
429 275 480
57 261 544
261 57 544
520 178 268
178 520 268
631 342 466
342 631 466
366 679 122
679 366 122
384 276 507
276 384 507
80 343 279
343 80 279
68 377 697
377 68 697
647 619 719
619 647 719
287 676 780
676 287 780
206 235 541
235 206 541
489 593 395
593 489 395
253 126 118
126 253 118
555 408 824
408 555 824
245 20 690
20 245 690
518 58 896
58 518 896
348 562 938
562 348 938
169 547 866
547 169 866
7 385 835
385 7 835
85 432 159
432 85 159
357 415 298
415 357 298
636 267 330
267 636 330
496 139 413
139 496 413
607 402 174
402 607 174
3 300 582
300 3 582
84 630 128
630 84 128
364 102 971
102 364 971
493 459 765
459 493 765
650 303 71
303 650 71
583 595 285
595 583 285
196 580 64
580 196 64
187 150 964
150 187 964
551 536 772
536 551 772
462 379 318
379 462 318
317 213 438
213 317 438
316 339 550
339 316 550
584 645 350
645 584 350
222 530 810
530 222 810
172 97 768
97 172 768
568 652 803
652 568 803
648 536 369
536 648 369
516 425 575
425 516 575
456 403 921
403 456 921
47 368 541
368 47 541
194 626 646
626 194 646
414 357 19
357 414 19
305 202 281
202 305 281
226 465 79
465 226 79
540 279 761
279 540 761
548 462 916
462 548 916
140 303 168
303 140 168
534 208 950
208 534 950
510 651 962
651 510 962
336 244 447
244 336 447
438 247 92
247 438 92
387 338 504
338 387 504
35 175 207
175 35 207
479 261 446
261 479 446
475 232 596
232 475 596
604 5 849
5 604 849
170 369 335
369 170 335
73 466 485
466 73 485
189 389 83
389 189 83
443 679 4
679 443 4
129 214 734
214 129 734
111 148 44
148 111 44
241 131 322
131 241 322
286 45 783
45 286 783
434 429 416
429 434 416
453 11 609
11 453 609
134 227 887
227 134 887
242 316 61
316 242 61
143 45 914
45 143 914
132 366 722
366 132 722
463 239 747
239 463 747
615 194 44
194 615 44
621 554 972
554 621 972
160 274 819
274 160 819
426 345 82
345 426 82
409 25 832
25 409 832
219 446 819
446 219 819
223 247 717
247 223 717
566 192 801
192 566 801
225 516 957
516 225 957
358 215 774
215 358 774
354 160 156
160 354 156
69 314 656
314 69 656
422 91 917
91 422 917
642 481 837
481 642 837
95 28 663
28 95 663
672 598 625
598 672 625
212 678 534
678 212 534
157 167 934
167 157 934
573 445 487
445 573 487
476 22 556
22 476 556
98 456 351
456 98 351
6 50 106
50 6 106
388 526 583
526 388 583
404 207 853
207 404 853
344 584 370
584 344 370
594 574 139
574 594 139
307 539 186
539 307 186
145 342 345
342 145 345
588 28 45
28 588 45
395 116 715
116 395 715
313 334 933
334 313 933
90 218 366
218 90 366
120 249 55
249 120 55
452 5 618
5 452 618
659 474 688
474 659 688
327 642 869
642 327 869
483 180 185
180 483 185
72 323 821
323 72 821
298 214 972
214 298 972
427 349 366
349 427 366
144 430 26
430 144 26
391 149 181
149 391 181
469 213 330
213 469 330
559 409 763
409 559 763
590 13 82
13 590 82
96 170 882
170 96 882
487 337 28
337 487 28
656 396 856
396 656 856
138 167 367
167 138 367
166 148 991
148 166 991
83 482 930
482 83 930
347 425 0
425 347 0
513 523 160
523 513 160
243 312 178
312 243 178
558 669 655
669 558 655
451 67 965
67 451 965
632 579 968
579 632 968
40 80 981
80 40 981
660 466 45
466 660 45
199 164 650
164 199 650
259 579 174
579 259 174
203 526 231
526 203 231
176 465 474
465 176 474
306 672 141
672 306 141
326 672 789
672 326 789
16 211 952
211 16 952
506 142 703
142 506 703
335 666 152
666 335 152
79 131 843
131 79 843
299 317 3
317 299 3
103 184 795
184 103 795
177 404 626
404 177 626
201 278 689
278 201 689
398 644 428
644 398 428
440 573 935
573 440 935
367 263 944
263 367 944
190 39 522
39 190 522
282 475 409
475 282 409
136 612 417
612 136 417
663 501 989
501 663 989
179 629 917
629 179 917
564 596 482
596 564 482
524 634 938
634 524 938
563 27 660
27 563 660
623 359 942
359 623 942
155 244 282
244 155 282
610 534 380
534 610 380
386 93 618
93 386 618
439 309 897
309 439 897
260 178 41
178 260 41
470 363 888
363 470 888
668 139 987
139 668 987
567 484 547
484 567 547
92 639 730
639 92 730
341 644 786
644 341 786
378 372 443
372 378 443
165 153 618
153 165 618
461 435 173
435 461 173
328 309 420
309 328 420
273 391 940
391 273 940
346 493 115
493 346 115
545 654 146
654 545 146
424 674 784
674 424 784
290 524 531
524 290 531
655 641 200
641 655 200
254 314 740
314 254 740
587 375 303
375 587 303
324 610 42
610 324 42
280 621 441
621 280 441
48 662 275
662 48 275
283 361 355
361 283 355
130 517 112
517 130 112
602 485 169
485 602 169
123 550 590
550 123 590
407 497 77
497 407 77
252 110 557
110 252 557
585 580 156
580 585 156
43 408 233
408 43 233
338 548 138
548 338 138
348 485 921
485 348 921
367 571 733
571 367 733
207 574 821
574 207 821
249 337 920
337 249 920
669 217 643
217 669 643
84 352 545
352 84 545
119 104 757
104 119 757
219 508 240
508 219 240
281 552 399
552 281 399
148 316 313
316 148 313
183 41 832
41 183 832
499 482 151
482 499 151
142 659 609
659 142 609
610 516 109
516 610 109
273 270 610
270 273 610
165 558 525
558 165 525
173 376 705
376 173 705
506 218 384
218 506 384
1 82 10
82 1 10
399 368 836
368 399 836
366 645 110
645 366 110
454 455 598
455 454 598
192 206 831
206 192 831
94 669 575
669 94 575
621 12 799
12 621 799
551 218 26
218 551 26
378 591 899
591 378 899
516 249 622
249 516 622
123 361 448
361 123 448
33 15 21
15 33 21
298 620 941
620 298 941
572 108 906
108 572 906
498 672 54
672 498 54
528 400 659
400 528 659
427 33 342
33 427 342
613 196 894
196 613 894
549 457 491
457 549 491
177 264 275
264 177 275
187 245 564
245 187 564
461 10 484
10 461 484
603 415 235
415 603 235
111 231 163
231 111 163
255 259 851
259 255 851
639 598 70
598 639 70
538 57 402
57 538 402
212 183 569
183 212 569
74 603 493
603 74 493
449 173 303
173 449 303
300 392 831
392 300 831
582 216 674
216 582 674
22 49 600
49 22 600
358 297 7
297 358 7
277 33 571
33 277 571
243 245 731
245 243 731
484 653 572
653 484 572
393 676 893
676 393 893
560 142 247
142 560 247
543 636 858
636 543 858
671 429 230
429 671 230
102 85 363
85 102 363
462 269 93
269 462 93
12 508 587
508 12 587
665 490 756
490 665 756
360 235 881
235 360 881
119 54 294
54 119 294
78 366 675
366 78 675
265 432 393
432 265 393
326 612 851
612 326 851
468 420 363
420 468 363
3 148 234
148 3 234
280 521 647
521 280 647
265 530 284
530 265 284
265 420 785
420 265 785
432 250 491
250 432 491
233 234 456
234 233 456
482 274 955
274 482 955
137 191 951
191 137 951
248 607 234
607 248 234
150 536 998
536 150 998
334 527 525
527 334 525
570 212 848
212 570 848
299 36 691
36 299 691
381 364 318
364 381 318
206 613 322
613 206 322
456 431 94
431 456 94
444 502 403
502 444 403
543 629 49
629 543 49
307 491 416
491 307 416
193 42 205
42 193 205
649 382 115
382 649 115
415 39 28
39 415 28
21 643 8
643 21 8
295 604 4
604 295 4
612 55 841
55 612 841
632 40 957
40 632 957
78 562 758
562 78 758
52 30 868
30 52 868
431 194 918
194 431 918
398 614 68
614 398 68
73 314 948
314 73 948
21 543 950
543 21 950
614 295 486
295 614 486
394 416 215
416 394 215
235 389 630
389 235 630
330 638 596
638 330 596
393 360 846
360 393 846
523 323 656
323 523 656
620 656 529
656 620 529
74 412 967
412 74 967
4 635 24
635 4 24
11 201 790
201 11 790
130 156 388
156 130 388
43 404 999
404 43 999
602 500 206
500 602 206
611 551 512
551 611 512
234 354 108
354 234 108
441 124 521
124 441 521
332 321 182
321 332 182
417 143 347
143 417 347
174 578 260
578 174 260
188 89 578
89 188 578
583 207 839
207 583 839
21 323 254
323 21 254
501 366 793
366 501 793
662 318 457
318 662 457
97 160 414
160 97 414
152 186 439
186 152 439
164 192 488
192 164 488
441 300 233
300 441 233
498 675 368
675 498 368
254 287 613
287 254 613
597 305 700
305 597 700
268 303 307
303 268 307
456 563 689
563 456 689
197 537 158
537 197 158
676 425 342
425 676 342
398 312 784
312 398 784
38 31 694
31 38 694
303 311 508
311 303 508
251 162 400
162 251 400
184 229 908
229 184 908
414 303 741
303 414 741
247 625 531
625 247 531
286 96 596
96 286 596
495 302 648
302 495 648
299 169 920
169 299 920
585 6 951
6 585 951
237 166 451
166 237 451
277 67 499
67 277 499
451 645 569
645 451 569
115 394 44
394 115 44
116 620 248
620 116 248
512 203 229
203 512 229
123 556 882
556 123 882
648 110 946
110 648 946
328 610 293
610 328 293
248 169 701
169 248 701
251 224 381
224 251 381
566 485 734
485 566 734
19 139 449
139 19 449
585 645 866
645 585 866
38 118 150
118 38 150
36 26 769
26 36 769
652 10 973
10 652 973
527 111 215
111 527 215
360 239 21
239 360 21
447 43 89
43 447 89
180 98 894
98 180 894
311 111 215
111 311 215
155 601 983
601 155 983
156 387 658
387 156 658
555 370 389
370 555 389
434 189 67
189 434 67
89 632 993
632 89 993
348 272 208
272 348 208
661 79 775
79 661 775
392 405 85
405 392 85
539 112 628
112 539 628
304 427 884
427 304 884
584 360 157
360 584 157
141 339 112
339 141 112
590 569 285
569 590 285
605 295 393
295 605 393
196 229 233
229 196 233
391 15 958
15 391 958
492 205 158
205 492 158
481 136 598
136 481 598
95 647 64
647 95 64
534 520 445
520 534 445
500 362 746
362 500 746
318 55 444
55 318 444
660 533 779
533 660 779
11 308 121
308 11 121
550 263 32
263 550 32
564 371 270
371 564 270
536 399 352
399 536 352
233 521 630
521 233 630
260 460 762
460 260 762
241 65 346
65 241 346
568 160 14
160 568 14
435 85 839
85 435 839
93 260 883
260 93 883
339 352 140
352 339 140
274 106 628
106 274 628
69 428 978
428 69 978
301 412 584
412 301 584
126 414 76
414 126 76
72 174 496
174 72 496
161 194 860
194 161 860
448 393 99
393 448 99
225 353 181
353 225 181
585 449 408
449 585 408
446 259 715
259 446 715
66 62 161
62 66 161
330 62 997
62 330 997
143 122 221
122 143 221
141 319 131
319 141 131
113 69 680
69 113 680
394 158 676
158 394 676
247 291 893
291 247 893
86 161 86
161 86 86
306 464 299
464 306 299
266 591 728
591 266 728
429 446 525
446 429 525
409 552 885
552 409 885
333 492 424
492 333 424
364 35 851
35 364 851
249 197 82
197 249 82
590 497 331
497 590 331
25 541 246
541 25 246
179 472 689
472 179 689
293 198 23
198 293 23
624 470 865
470 624 865
330 292 891
292 330 891
407 151 324
151 407 324
143 587 294
587 143 294
63 17 869
17 63 869
516 117 265
117 516 265
138 128 804
128 138 804
572 331 287
331 572 287
452 634 259
634 452 259
151 479 501
479 151 501
333 197 433
197 333 433
494 580 533
580 494 533
592 70 723
70 592 723
275 350 31
350 275 31
112 562 315
562 112 315
499 625 925
625 499 925
174 19 15
19 174 15
368 140 423
140 368 423
124 534 252
534 124 252
607 480 274
480 607 274
227 629 482
629 227 482
209 408 726
408 209 726
540 485 207
485 540 207
221 288 226
288 221 226
340 119 190
119 340 190
621 175 557
175 621 557
644 415 238
415 644 238
428 546 249
546 428 249
354 174 902
174 354 902
120 218 762
218 120 762
263 540 792
540 263 792
87 149 739
149 87 739
153 78 63
78 153 63
311 162 390
162 311 390
583 572 217
572 583 217
362 475 538
475 362 538
169 4 129
4 169 129
400 479 11
479 400 11
562 343 984
343 562 984
67 75 461
75 67 461
178 180 996
180 178 996
654 407 405
407 654 405
339 292 913
292 339 913
664 72 248
72 664 248
262 294 779
294 262 779
210 316 828
316 210 828
118 152 254
152 118 254
586 407 137
407 586 137
347 136 901
136 347 901
462 646 13
646 462 13
166 88 359
88 166 359
674 228 849
228 674 849
109 84 657
84 109 657
192 533 23
533 192 23
520 78 623
78 520 623
359 229 484
229 359 484
340 51 142
51 340 142
441 541 960
541 441 960
352 561 873
561 352 873
470 558 389
558 470 389
75 395 410
395 75 410
84 289 690
289 84 690
672 356 193
356 672 193
629 32 271
32 629 271
172 162 521
162 172 521
117 138 529
138 117 529
35 196 856
196 35 856
346 13 939
13 346 939
269 127 443
127 269 443
340 598 928
598 340 928
290 534 53
534 290 53
107 459 469
459 107 469
538 519 206
519 538 206
138 4 876
4 138 876
503 431 845
431 503 845
32 406 632
406 32 632
276 407 369
407 276 369
203 383 9
383 203 9
48 575 21
575 48 21
199 162 851
162 199 851
147 23 402
23 147 402
607 522 878
522 607 878
5 268 596
268 5 596
530 399 716
399 530 716
131 666 14
666 131 14
96 35 279
35 96 279
315 361 891
361 315 891
536 115 326
115 536 326
135 577 508
577 135 508
283 288 626
288 283 626
469 583 417
583 469 417
72 663 963
663 72 963
543 525 55
525 543 55
416 451 32
451 416 32
328 346 663
346 328 663
445 364 87
364 445 87
661 147 339
147 661 339
155 136 948
136 155 948
103 285 731
285 103 731
24 229 994
229 24 994
216 481 672
481 216 672
195 287 1000
287 195 1000
366 259 934
259 366 934
351 401 917
401 351 917
328 12 469
12 328 469
284 29 524
29 284 524
127 358 731
358 127 731
33 199 458
199 33 458
611 669 622
669 611 622
661 220 702
220 661 702
48 200 598
200 48 598
433 44 764
44 433 764
384 616 702
616 384 702
18 110 268
110 18 268
178 173 650
173 178 650
8 462 845
462 8 845
170 657 8
657 170 8
491 199 15
199 491 15
216 197 417
197 216 417
362 366 907
366 362 907
644 151 647
151 644 647
117 1 719
1 117 719
529 165 593
165 529 593
634 63 214
63 634 214
180 304 48
304 180 48
83 381 135
381 83 135
354 109 416
109 354 416
33 242 56
242 33 56
152 286 148
286 152 148
69 377 659
377 69 659
43 427 978
427 43 978
218 492 590
492 218 590
56 571 274
571 56 274
244 236 412
236 244 412
102 439 882
439 102 882
592 540 792
540 592 792
238 343 654
343 238 654
2 215 791
215 2 791
300 187 137
187 300 137
266 458 6
458 266 6
86 119 338
119 86 338
395 76 88
76 395 88
542 43 259
43 542 259
586 352 698
352 586 698
647 321 548
321 647 548
534 486 82
486 534 82
481 66 392
66 481 392
627 286 491
286 627 491
621 509 531
509 621 531
544 605 147
605 544 147
165 325 848
325 165 848
316 151 151
151 316 151
185 677 159
677 185 159
161 536 660
536 161 660
672 399 680
399 672 680
301 540 274
540 301 274
672 255 360
255 672 360
275 322 605
322 275 605
320 440 477
440 320 477
584 654 237
654 584 237
364 565 742
565 364 742
536 256 350
256 536 350
584 258 255
258 584 255
594 292 486
292 594 486
173 360 445
360 173 445
103 137 558
137 103 558
318 47 519
47 318 519
433 491 583
491 433 583
265 457 965
457 265 965
256 553 349
553 256 349
330 287 494
287 330 494
661 431 830
431 661 830
346 23 670
23 346 670
324 275 760
275 324 760
274 312 944
312 274 944
643 631 538
631 643 538
130 408 853
408 130 853
362 571 701
571 362 701
90 68 218
68 90 218
644 417 638
417 644 638
347 276 626
276 347 626
630 477 592
477 630 592
247 550 581
550 247 581
179 639 524
639 179 524
37 139 242
139 37 242
455 235 302
235 455 302
164 236 261
236 164 261
202 73 601
73 202 601
637 549 243
549 637 243
83 523 638
523 83 638
155 355 329
355 155 329
137 639 864
639 137 864
503 615 177
615 503 177
73 656 117
656 73 117
569 631 209
631 569 209
415 347 366
347 415 366
632 221 726
221 632 726
450 111 508
111 450 508
511 20 399
20 511 399
635 584 206
584 635 206
61 41 322
41 61 322
149 643 196
643 149 196
115 451 851
451 115 851
224 566 469
566 224 469
163 175 513
175 163 513
571 206 429
206 571 429
319 362 55
362 319 55
266 537 342
537 266 342
284 379 629
379 284 629
358 19 316
19 358 316
132 181 873
181 132 873
384 494 225
494 384 225
492 163 997
163 492 997
179 53 518
53 179 518
419 602 596
602 419 596
222 351 978
351 222 978
656 95 240
95 656 240
599 389 807
389 599 807
0 405 93
405 0 93
427 139 726
139 427 726
174 307 964
307 174 964
176 387 981
387 176 981
30 622 302
622 30 302
669 135 604
135 669 604
490 49 133
49 490 133
403 339 507
339 403 507
410 335 277
335 410 277
270 89 139
89 270 139
585 41 997
41 585 997
608 297 891
297 608 891
427 419 359
419 427 359
189 130 491
130 189 491
220 473 83
473 220 83
299 369 810
369 299 810
83 36 4
36 83 4
677 43 758
43 677 758
588 310 428
310 588 428
377 119 496
119 377 496
443 389 515
389 443 515
320 36 685
36 320 685
25 598 324
598 25 324
512 70 963
70 512 963
545 260 751
260 545 751
429 285 102
285 429 102
589 555 278
555 589 278
315 443 602
443 315 602
432 154 292
154 432 292
160 529 67
529 160 67
471 528 116
528 471 116
391 655 97
655 391 97
516 216 732
216 516 732
153 639 432
639 153 432
640 73 199
73 640 199
314 538 271
538 314 271
498 649 385
649 498 385
584 592 352
592 584 352
31 536 562
536 31 562
45 241 582
241 45 582
302 280 35
280 302 35
508 79 454
79 508 454
648 307 425
307 648 425
511 38 208
38 511 208
139 268 99
268 139 99
170 322 124
322 170 124
196 52 767
52 196 767
587 162 33
162 587 33
446 613 246
613 446 246
0 166 387
166 0 387
41 238 908
238 41 908
132 101 538
101 132 538
297 154 503
154 297 503
53 251 946
251 53 946
18 222 133
222 18 133
451 626 563
626 451 563
145 194 654
194 145 654
201 629 615
629 201 615
651 92 934
92 651 934
337 148 655
148 337 655
524 558 807
558 524 807
638 501 353
501 638 353
581 165 35
165 581 35
30 498 220
498 30 220
456 101 845
101 456 845
258 677 242
677 258 242
323 444 93
444 323 93
451 178 855
178 451 855
545 646 401
646 545 401
579 109 898
109 579 898
450 506 127
506 450 127
357 59 627
59 357 627
398 587 90
587 398 90
449 156 419
156 449 419
27 519 496
519 27 496
432 639 529
639 432 529
155 59 756
59 155 756
355 399 520
399 355 520
363 500 699
500 363 699
365 392 925
392 365 925
251 122 302
122 251 302
414 595 666
595 414 666
281 651 36
651 281 36
677 498 78
498 677 78
571 564 677
564 571 677
215 534 192
534 215 192
243 555 358
555 243 358
652 483 152
483 652 152
404 37 271
37 404 271
236 55 964
55 236 964
664 488 452
488 664 452
73 397 959
397 73 959
577 232 306
232 577 306
321 404 87
404 321 87
228 273 948
273 228 948
499 504 506
504 499 506
596 194 43
194 596 43
338 144 88
144 338 88
141 442 754
442 141 754
483 459 719
459 483 719
422 104 166
104 422 166
71 282 124
282 71 124
120 456 163
456 120 163
357 424 955
424 357 955
179 137 13
137 179 13
490 677 723
677 490 723
513 639 884
639 513 884
260 215 868
215 260 868
559 201 181
201 559 181
301 230 286
230 301 286
0 401 637
401 0 637
38 588 798
588 38 798
339 395 429
395 339 429
389 657 144
657 389 144
380 537 355
537 380 355
458 413 652
413 458 652
535 31 927
31 535 927
93 541 668
541 93 668
202 101 794
101 202 794
492 559 738
559 492 738
639 263 893
263 639 893
226 237 463
237 226 463
500 343 783
343 500 783
175 465 592
465 175 592
47 143 132
143 47 132
352 98 671
98 352 671
475 572 946
572 475 946
122 289 97
289 122 97
133 545 650
545 133 650
401 279 820
279 401 820
273 337 924
337 273 924
114 486 376
486 114 376
119 437 26
437 119 26
261 378 458
378 261 458
77 563 795
563 77 795
436 317 636
317 436 636
595 38 625
38 595 625
476 516 199
516 476 199
312 258 273
258 312 273
484 362 724
362 484 724
459 30 496
30 459 496
148 603 527
603 148 527
227 517 623
517 227 623
636 383 973
383 636 973
666 272 212
272 666 212
229 640 725
640 229 725
556 283 31
283 556 31
416 147 330
147 416 330
398 28 338
28 398 338
662 377 985
377 662 985
92 430 255
430 92 255
674 444 452
444 674 452
276 61 437
61 276 437
416 183 373
183 416 373
327 230 89
230 327 89
225 454 134
454 225 134
396 272 972
272 396 972
548 261 670
261 548 670
631 71 402
71 631 402
260 396 431
396 260 431
22 541 615
541 22 615
593 340 285
340 593 285
534 225 684
225 534 684
523 394 992
394 523 992
639 431 95
431 639 95
229 523 463
523 229 463
297 67 383
67 297 383
388 570 267
570 388 267
134 108 960
108 134 960
437 325 15
325 437 15
4 601 109
601 4 109
125 43 319
43 125 319
453 266 513
266 453 513
340 74 104
74 340 104
453 79 295
79 453 295
24 596 943
596 24 943
173 408 455
408 173 455
547 141 264
141 547 264
162 51 721
51 162 721
6 644 574
644 6 574
281 575 983
575 281 983
197 18 317
18 197 317
345 524 786
524 345 786
235 361 262
361 235 262
536 449 474
449 536 474
461 96 516
96 461 516
354 360 191
360 354 191
110 567 825
567 110 825
624 144 431
144 624 431
243 21 290
21 243 290
393 222 321
222 393 321
653 179 873
179 653 873
633 192 352
192 633 352
635 224 190
224 635 190
411 600 331
600 411 331
378 539 381
539 378 381
309 398 807
398 309 807
293 263 21
263 293 21
264 34 746
34 264 746
516 608 202
608 516 202
334 243 339
243 334 339
621 533 33
533 621 33
518 532 913
532 518 913
633 498 376
498 633 376
329 30 580
30 329 580
515 301 502
301 515 502
667 602 89
602 667 89
47 409 414
409 47 414
16 369 212
369 16 212
89 296 23
296 89 23
453 275 734
275 453 734
217 525 202
525 217 202
79 257 851
257 79 851
331 333 720
333 331 720
172 675 65
675 172 65
232 400 354
400 232 354
99 378 422
378 99 422
235 461 712
461 235 712
567 54 289
54 567 289
647 420 567
420 647 567
394 663 445
663 394 445
386 557 689
557 386 689
647 482 408
482 647 408
629 651 731
651 629 731
72 513 309
513 72 309
56 143 378
143 56 378
505 331 837
331 505 837
483 328 790
328 483 790
593 552 38
552 593 38
595 66 981
66 595 981
498 147 67
147 498 67
543 352 236
352 543 236
104 318 639
318 104 639
248 652 187
652 248 187
636 538 794
538 636 794
106 314 965
314 106 965
451 198 234
198 451 234
545 577 10
577 545 10
587 194 933
194 587 933
472 629 183
629 472 183
646 359 450
359 646 450
671 35 38
35 671 38
284 520 161
520 284 161
484 123 119
123 484 119
653 432 751
432 653 751
508 255 400
255 508 400
277 72 839
72 277 839
376 352 778
352 376 778
570 301 61
301 570 61
290 20 225
20 290 225
417 155 316
155 417 316
132 581 386
581 132 386
301 595 41
595 301 41
670 53 377
53 670 377
258 616 316
616 258 316
209 431 33
431 209 33
190 643 159
643 190 159
96 580 481
580 96 481
545 562 599
562 545 599
488 599 970
599 488 970
69 445 814
445 69 814
264 292 726
292 264 726
208 199 795
199 208 795
123 399 206
399 123 206
18 206 443
206 18 443
163 266 484
266 163 484
152 84 744
84 152 744
218 129 104
129 218 104
216 542 747
542 216 747
665 316 133
316 665 133
163 136 518
136 163 518
161 426 254
426 161 254
582 281 917
281 582 917
637 336 936
336 637 936
86 422 715
422 86 715
388 242 401
242 388 401
606 202 579
202 606 579
53 278 619
278 53 619
33 231 752
231 33 752
675 315 517
315 675 517
521 149 8
149 521 8
431 677 263
677 431 263
262 254 924
254 262 924
49 44 118
44 49 118
555 68 682
68 555 682
45 178 989
178 45 989
640 488 893
488 640 893
491 666 939
666 491 939
48 501 832
501 48 832
86 78 647
78 86 647
0 84 812
84 0 812
7 119 647
119 7 647
412 617 194
617 412 194
386 399 632
399 386 632
67 315 818
315 67 818
381 4 980
4 381 980
429 572 570
572 429 570
485 198 653
198 485 653
352 54 403
54 352 403
91 611 549
611 91 549
401 284 941
284 401 941
337 239 762
239 337 762
383 50 342
50 383 342
545 578 7
578 545 7
376 543 671
543 376 671
577 192 378
192 577 378
540 610 116
610 540 116
108 636 204
636 108 204
157 203 607
203 157 607
544 535 292
535 544 292
670 339 5
339 670 5
338 660 162
660 338 162
125 666 911
666 125 911
33 21 597
21 33 597
132 30 936
30 132 936
198 378 556
378 198 556
460 323 896
323 460 896
242 130 460
130 242 460
590 103 984
103 590 984
146 552 373
552 146 373
55 419 428
419 55 428
39 44 491
44 39 491
403 439 824
439 403 824
563 362 782
362 563 782
347 272 682
272 347 682
303 506 766
506 303 766
7 532 775
532 7 775
529 435 157
435 529 157
37 235 455
235 37 455
378 514 258
514 378 258
76 669 930
669 76 930
476 525 308
525 476 308
406 106 157
106 406 157
175 421 407
421 175 407
503 305 924
305 503 924
461 611 328
611 461 328
443 595 502
595 443 502
527 468 256
468 527 256
632 477 263
477 632 263
244 2 384
2 244 384
199 172 23
172 199 23
607 328 526
328 607 526
364 467 432
467 364 432
371 280 779
280 371 779
41 425 988
425 41 988
93 181 568
181 93 568
1 622 729
622 1 729
576 338 504
338 576 504
31 475 358
475 31 358
463 444 536
444 463 536
133 223 761
223 133 761
441 395 189
395 441 189
298 131 621
131 298 621
8 511 315
511 8 315
550 118 224
118 550 224
560 547 807
547 560 807
40 323 643
323 40 643
174 636 323
636 174 323
51 215 500
215 51 500
244 518 349
518 244 349
548 186 793
186 548 793
205 679 944
679 205 944
317 15 403
15 317 403
604 424 917
424 604 917
487 396 314
396 487 314
612 650 143
650 612 143
119 349 956
349 119 956
58 626 45
626 58 45
644 555 482
555 644 482
12 344 536
344 12 536
46 488 643
488 46 643
52 642 138
642 52 138
642 339 82
339 642 82
255 485 942
485 255 942
64 38 934
38 64 934
59 670 337
670 59 337
4 504 639
504 4 639
150 114 673
114 150 673
291 90 374
90 291 374
553 258 672
258 553 672
441 33 414
33 441 414
155 514 93
514 155 93
428 376 966
376 428 966
287 530 685
530 287 685
348 104 148
104 348 148
37 581 780
581 37 780
595 179 789
179 595 789
251 383 73
383 251 73
49 141 329
141 49 329
522 233 819
233 522 819
437 676 251
676 437 251
211 570 999
570 211 999
377 58 822
58 377 822
605 636 158
636 605 158
560 73 600
73 560 600
632 133 746
133 632 746
645 25 89
25 645 89
123 481 167
481 123 167
371 8 678
8 371 678
55 200 387
200 55 387
363 247 317
247 363 317
167 431 193
431 167 193
130 424 309
424 130 309
668 191 173
191 668 173
225 669 486
669 225 486
164 50 730
50 164 730
540 127 918
127 540 918
230 592 387
592 230 387
492 139 474
139 492 474
647 585 144
585 647 144
300 209 943
209 300 943
200 288 647
288 200 647
468 227 622
227 468 622
582 480 83
480 582 83
145 90 102
90 145 102
353 255 865
255 353 865
627 666 543
666 627 543
454 376 782
376 454 782
523 136 178
136 523 178
273 227 267
227 273 267
314 435 844
435 314 844
1 236 652
236 1 652
194 674 691
674 194 691
549 130 854
130 549 854
673 352 528
352 673 528
595 255 469
255 595 469
128 117 357
117 128 357
471 607 231
607 471 231
70 208 128
208 70 128
51 495 101
495 51 101
679 634 123
634 679 123
9 620 204
620 9 204
279 79 560
79 279 560
477 123 508
123 477 508
676 144 997
144 676 997
260 366 923
366 260 923
650 252 899
252 650 899
401 541 18
541 401 18
440 398 938
398 440 938
553 371 200
371 553 200
3 132 726
132 3 726
150 405 450
405 150 450
25 150 49
150 25 49
549 438 541
438 549 541
69 326 576
326 69 576
242 528 891
528 242 891
661 645 622
645 661 622
523 543 338
543 523 338
7 194 739
194 7 739
576 384 825
384 576 825
117 431 86
431 117 86
422 342 872
342 422 872
216 150 56
150 216 56
617 405 683
405 617 683
107 76 691
76 107 691
63 449 749
449 63 749
314 392 978
392 314 978
350 424 974
424 350 974
438 177 694
177 438 694
360 331 214
331 360 214
529 457 610
457 529 610
448 476 7
476 448 7
152 105 424
105 152 424
482 122 64
122 482 64
395 439 132
439 395 132
502 246 904
246 502 904
616 454 350
454 616 350
540 532 502
532 540 502
125 379 528
379 125 528
505 171 810
171 505 810
604 458 410
458 604 410
207 227 916
227 207 916
246 464 219
464 246 219
633 289 412
289 633 412
296 612 941
612 296 941
577 275 194
275 577 194
593 190 963
190 593 963
28 12 890
12 28 890
473 364 861
364 473 861
196 224 601
224 196 601
406 407 496
407 406 496
374 366 959
366 374 959
17 495 991
495 17 991
135 55 863
55 135 863
641 648 39
648 641 39
673 582 904
582 673 904
469 49 150
49 469 150
642 262 661
262 642 661
265 256 102
256 265 102
396 104 500
104 396 500
45 207 587
207 45 587
305 515 621
515 305 621
186 138 583
138 186 583
171 558 293
558 171 293
0 117 428
117 0 428
0 285 963
285 0 963
64 382 946
382 64 946
379 178 811
178 379 811
375 580 456
580 375 456
423 242 102
242 423 102
673 75 11
75 673 11
116 285 351
285 116 351
14 17 821
17 14 821
351 240 603
240 351 603
430 579 67
579 430 67
384 199 505
199 384 505
109 182 392
182 109 392
537 654 339
654 537 339
580 492 573
492 580 573
178 678 6
678 178 6
201 282 163
282 201 163
300 225 580
225 300 580
523 417 864
417 523 864
301 334 838
334 301 838
371 38 290
38 371 290
638 33 879
33 638 879
318 549 830
549 318 830
173 667 826
667 173 826
271 125 304
125 271 304
660 652 500
652 660 500
133 258 623
258 133 623
375 215 424
215 375 424
644 289 871
289 644 871
382 588 826
588 382 826
546 89 431
89 546 431
584 454 890
454 584 890
604 341 797
341 604 797
216 465 841
465 216 841
229 517 708
517 229 708
422 392 605
392 422 605
218 345 95
345 218 95
67 200 207
200 67 207
57 324 965
324 57 965
251 304 812
304 251 812
104 125 270
125 104 270
5 391 258
391 5 258
512 47 767
47 512 767
232 405 894
405 232 894
152 168 933
168 152 933
448 309 15
309 448 15
305 656 747
656 305 747
75 523 219
523 75 219
642 561 300
561 642 300
211 314 743
314 211 743
246 78 828
78 246 828
574 526 753
526 574 753
281 215 309
215 281 309
474 440 847
440 474 847
162 447 28
447 162 28
12 44 948
44 12 948
31 311 80
311 31 80
292 98 255
98 292 255
170 301 221
301 170 221
86 454 571
454 86 571
199 499 791
499 199 791
580 284 784
284 580 784
40 427 622
427 40 622
63 19 794
19 63 794
442 237 549
237 442 549
24 169 75
169 24 75
419 545 49
545 419 49
96 303 175
303 96 175
348 130 204
130 348 204
414 619 588
619 414 588
573 268 153
268 573 153
542 134 827
134 542 827
394 201 342
201 394 342
280 147 915
147 280 915
242 490 594
490 242 594
505 329 587
329 505 587
180 61 72
61 180 72
579 390 846
390 579 846
552 18 307
18 552 307
95 597 360
597 95 360
232 464 857
464 232 857
341 138 930
138 341 930
420 624 442
624 420 442
21 550 583
550 21 583
141 20 832
20 141 832
601 471 706
471 601 706
404 417 550
417 404 550
301 346 795
346 301 795
464 643 816
643 464 816
53 377 402
377 53 402
350 166 179
166 350 179
36 290 561
290 36 561
29 338 886
338 29 886
491 10 415
10 491 415
432 108 862
108 432 862
478 576 686
576 478 686
320 524 430
524 320 430
47 122 945
122 47 945
172 8 610
8 172 610
596 277 425
277 596 425
348 222 997
222 348 997
524 184 857
184 524 857
78 248 468
248 78 468
135 573 201
573 135 201
101 82 204
82 101 204
468 20 775
20 468 775
86 125 750
125 86 750
508 639 184
639 508 184
145 614 282
614 145 282
100 295 816
295 100 816
173 476 998
476 173 998
636 211 811
211 636 811
478 411 419
411 478 419
554 174 573
174 554 573
563 512 904
512 563 904
440 522 941
522 440 941
239 378 631
378 239 631
548 403 221
403 548 221
222 325 497
325 222 497
186 388 746
388 186 746
89 111 113
111 89 113
278 547 310
547 278 310
304 320 116
320 304 116
667 177 986
177 667 986
260 510 633
510 260 633
553 242 426
242 553 426
503 213 783
213 503 783
228 216 45
216 228 45
568 32 732
32 568 732
133 326 276
326 133 276
578 65 769
65 578 769
221 144 272
144 221 272
28 523 682
523 28 682
250 383 503
383 250 503
637 20 59
20 637 59
603 29 367
29 603 367
2 626 938
626 2 938
58 613 246
613 58 246
78 303 701
303 78 701
281 374 547
374 281 547
412 218 993
218 412 993
552 139 27
139 552 27
475 643 547
643 475 547
495 150 260
150 495 260
122 316 307
316 122 307
1 250 512
250 1 512
665 426 361
426 665 361
577 267 816
267 577 816
374 571 749
571 374 749
616 25 497
25 616 497
616 263 962
263 616 962
443 90 706
90 443 706
164 12 489
12 164 489
28 674 436
674 28 436
330 247 950
247 330 950
4 117 474
117 4 474
663 196 132
196 663 132
76 153 410
153 76 410
384 320 841
320 384 841
203 405 495
405 203 495
300 675 46
675 300 46
662 531 474
531 662 474
590 314 69
314 590 69
200 10 236
10 200 236
233 282 109
282 233 109
110 136 969
136 110 969
659 257 554
257 659 554
308 212 50
212 308 50
227 180 536
180 227 536
360 543 908
543 360 908
596 211 669
211 596 669
655 29 972
29 655 972
55 170 619
170 55 619
119 541 366
541 119 366
287 316 252
316 287 252
530 597 953
597 530 953
166 83 901
83 166 901
191 269 185
269 191 185
130 93 342
93 130 342
658 4 525
4 658 525
477 40 912
40 477 912
263 264 752
264 263 752
422 126 753
126 422 753
275 226 629
226 275 629
169 293 343
293 169 343
79 673 213
673 79 213
389 610 947
610 389 947
227 127 524
127 227 524
58 36 602
36 58 602
58 442 740
442 58 740
531 437 818
437 531 818
377 232 687
232 377 687
560 66 956
66 560 956
246 146 260
146 246 260
171 519 351
519 171 351
363 67 835
67 363 835
315 368 1000
368 315 1000
265 528 206
528 265 206
419 10 988
10 419 988
179 90 551
90 179 551
291 420 812
420 291 812
558 93 558
93 558 558
574 319 24
319 574 24
495 677 94
677 495 94
45 46 672
46 45 672
223 233 986
233 223 986
115 324 370
324 115 370
67 672 84
672 67 84
448 168 325
168 448 325
165 155 712
155 165 712
179 293 21
293 179 21
208 153 281
153 208 281
623 235 218
235 623 218
312 454 11
454 312 11
664 525 170
525 664 170
388 159 94
159 388 94
418 641 683
641 418 683
186 490 508
490 186 508
474 405 579
405 474 579
494 324 549
324 494 549
319 324 787
324 319 787
636 79 517
79 636 517
46 137 133
137 46 133
237 54 100
54 237 100
117 230 42
230 117 42
347 354 93
354 347 93
391 506 444
506 391 444
323 290 460
290 323 460
651 464 753
464 651 753
79 439 536
439 79 536
282 320 720
320 282 720
305 511 129
511 305 129
176 87 567
87 176 567
20 322 609
322 20 609
305 46 469
46 305 469
6 157 253
157 6 253
372 15 570
15 372 570
252 606 755
606 252 755
234 319 587
319 234 587
474 172 273
172 474 273
454 569 105
569 454 105
298 671 330
671 298 330
292 416 886
416 292 886
269 97 828
97 269 828
556 579 852
579 556 852
427 250 570
250 427 570
115 6 689
6 115 689
142 519 18
519 142 18
147 600 112
600 147 112
516 599 511
599 516 511
279 195 877
195 279 877
568 340 803
340 568 803
15 122 967
122 15 967
322 558 457
558 322 457
275 606 338
606 275 338
272 145 794
145 272 794
558 513 793
513 558 793
616 484 349
484 616 349
53 482 394
482 53 394
598 337 833
337 598 833
561 369 639
369 561 639
204 625 564
625 204 564
417 52 265
52 417 265
13 582 85
582 13 85
666 426 53
426 666 53
412 392 989
392 412 989
458 392 58
392 458 58
536 269 178
269 536 178
2 13 45
13 2 45
111 650 310
650 111 310
320 401 776
401 320 776
201 136 327
136 201 327
657 561 849
561 657 849
599 333 851
333 599 851
440 276 367
276 440 367
335 616 711
616 335 711
15 245 1
245 15 1
152 664 249
664 152 249
393 613 116
613 393 116
92 184 389
184 92 389
133 281 662
281 133 662
83 425 332
425 83 332
576 329 470
329 576 470
175 101 713
101 175 713
421 141 105
141 421 105
325 422 57
422 325 57
15 250 140
250 15 140
209 343 263
343 209 263
397 548 676
548 397 676
90 2 821
2 90 821
301 167 493
167 301 493
327 248 271
248 327 271
146 70 48
70 146 48
194 71 452
71 194 452
226 519 694
519 226 694
295 320 43
320 295 43
540 467 732
467 540 732
26 69 249
69 26 249
338 443 995
443 338 995
151 658 817
658 151 817
164 388 504
388 164 504
111 169 443
169 111 443
553 569 268
569 553 268
666 232 369
232 666 369
257 269 641
269 257 641
195 94 400
94 195 400
142 537 878
537 142 878
18 156 997
156 18 997
166 351 916
351 166 916
95 408 19
408 95 19
389 475 957
475 389 957
211 313 158
313 211 158
89 488 154
488 89 154
143 191 417
191 143 417
334 342 378
342 334 378
557 274 797
274 557 797
95 575 242
575 95 242
427 343 376
343 427 376
360 217 88
217 360 88
594 59 374
59 594 374
208 183 192
183 208 192
679 594 258
594 679 258
658 101 856
101 658 856
540 406 614
406 540 614
445 583 802
583 445 802
433 320 595
320 433 595
452 354 640
354 452 640
201 396 631
396 201 631
547 674 261
674 547 261
38 337 457
337 38 457
406 651 428
651 406 428
679 560 324
560 679 324
658 127 876
127 658 876
577 423 458
423 577 458
163 494 815
494 163 815
521 383 890
383 521 890
252 526 838
526 252 838
597 532 990
532 597 990
373 78 161
78 373 161
452 34 608
34 452 608
240 130 814
130 240 814
72 182 783
182 72 783
431 256 139
256 431 139
308 498 418
498 308 418
573 582 861
582 573 861
77 572 296
572 77 296
190 78 441
78 190 441
310 16 234
16 310 234
227 506 965
506 227 965
647 169 614
169 647 614
110 627 951
627 110 951
33 24 317
24 33 317
421 162 883
162 421 883
617 374 516
374 617 516
440 437 162
437 440 162
307 31 233
31 307 233
45 474 18
474 45 18
81 319 491
319 81 491
62 551 773
551 62 773
605 405 581
405 605 581
638 245 712
245 638 712
49 473 211
473 49 211
521 272 883
272 521 883
293 367 441
367 293 441
543 97 225
97 543 225
259 554 136
554 259 136
192 386 591
386 192 591
409 78 789
78 409 789
45 31 578
31 45 578
407 631 369
631 407 369
56 326 735
326 56 735
445 83 405
83 445 405
283 397 353
397 283 353
147 11 297
11 147 297
496 442 406
442 496 406
166 164 814
164 166 814
600 446 709
446 600 709
625 357 780
357 625 780
549 565 754
565 549 754
183 467 539
467 183 539
385 110 106
110 385 106
370 401 166
401 370 166
288 262 314
262 288 314
64 224 355
224 64 355
262 145 607
145 262 607
284 65 107
65 284 107
220 244 588
244 220 588
293 675 190
675 293 190
24 369 586
369 24 586
637 29 423
29 637 423
442 146 730
146 442 730
656 69 537
69 656 537
282 442 871
442 282 871
29 219 960
219 29 960
566 128 30
128 566 30
269 595 621
595 269 621
68 645 911
645 68 911
298 94 122
94 298 122
110 611 972
611 110 972
158 559 893
559 158 893
175 134 352
134 175 352
658 491 9
491 658 9
220 261 843
261 220 843
231 304 381
304 231 381
146 648 606
648 146 606
559 381 552
381 559 552
173 250 632
250 173 632
409 28 216
28 409 216
9 341 568
341 9 568
627 639 42
639 627 42
158 277 652
277 158 652
61 43 901
43 61 901
311 98 711
98 311 711
328 399 421
399 328 421
43 248 92
248 43 92
4 49 279
49 4 279
23 283 752
283 23 752
108 402 934
402 108 934
536 14 203
14 536 203
515 105 983
105 515 983
305 246 428
246 305 428
402 462 104
462 402 104
335 522 871
522 335 871
610 458 257
458 610 257
462 21 510
21 462 510
313 101 579
101 313 579
592 212 927
212 592 927
123 29 271
29 123 271
530 92 103
92 530 103
565 18 335
18 565 335
351 266 636
266 351 636
432 499 246
499 432 246
410 6 66
6 410 66
560 139 491
139 560 491
597 375 230
375 597 230
64 71 141
71 64 141
457 98 55
98 457 55
633 275 560
275 633 560
160 356 434
356 160 434
263 353 638
353 263 638
560 458 178
458 560 178
257 264 459
264 257 459
586 446 964
446 586 964
545 13 268
13 545 268
520 214 824
214 520 824
454 284 617
284 454 617
514 98 413
98 514 413
501 550 268
550 501 268
31 162 134
162 31 134
656 241 501
241 656 501
150 356 623
356 150 623
654 212 283
212 654 283
258 508 456
508 258 456
236 651 230
651 236 230
646 313 322
313 646 322
131 392 834
392 131 834
161 509 949
509 161 949
131 388 813
388 131 813
282 132 809
132 282 809
93 63 54
63 93 54
41 367 307
367 41 307
454 352 659
352 454 659
576 223 391
223 576 391
230 465 280
465 230 280
643 229 45
229 643 45
116 561 669
561 116 669
585 574 635
574 585 635
464 524 538
524 464 538
524 499 854
499 524 854
404 111 35
111 404 35
101 559 594
559 101 594
311 390 103
390 311 103
29 415 124
415 29 124
652 409 244
409 652 244
70 80 940
80 70 940
632 442 409
442 632 409
270 592 534
592 270 534
438 489 871
489 438 871
657 403 133
403 657 133
10 602 469
602 10 469
531 121 233
121 531 233
574 652 444
652 574 444
245 465 262
465 245 262
259 251 562
251 259 562
425 160 714
160 425 714
31 215 717
215 31 717
169 404 828
404 169 828
488 63 897
63 488 897
606 261 596
261 606 596
631 598 610
598 631 610
465 458 791
458 465 791
567 479 236
479 567 236
349 87 881
87 349 881
604 84 243
84 604 243
58 505 245
505 58 245
316 495 278
495 316 278
385 478 330
478 385 330
500 43 863
43 500 863
0 410 306
410 0 306
626 264 248
264 626 248
249 475 167
475 249 167
481 101 428
101 481 428
527 182 281
182 527 281
226 231 401
231 226 401
531 483 974
483 531 974
13 51 695
51 13 695
560 591 654
591 560 654
234 540 830
540 234 830
376 603 8
603 376 8
31 372 203
372 31 203
131 451 166
451 131 166
65 614 435
614 65 435
167 240 823
240 167 823
99 491 273
491 99 273
653 407 975
407 653 975
404 391 14
391 404 14
400 82 154
82 400 154
79 358 242
358 79 242
408 458 435
458 408 435
117 583 298
583 117 298
206 121 653
121 206 653
657 330 150
330 657 150
201 107 252
107 201 252
620 213 916
213 620 916
304 630 282
630 304 282
340 140 20
140 340 20
235 52 826
52 235 826
335 655 171
655 335 171
232 162 669
162 232 669
102 305 409
305 102 409
61 53 884
53 61 884
151 576 975
576 151 975
600 462 237
462 600 237
127 188 60
188 127 60
168 586 981
586 168 981
253 547 854
547 253 854
32 563 112
563 32 112
286 648 96
648 286 96
540 353 643
353 540 643
358 325 329
325 358 329
113 70 755
70 113 755
138 537 326
537 138 326
369 400 908
400 369 908
513 483 855
483 513 855
406 29 470
29 406 470
539 57 362
57 539 362
175 14 925
14 175 925
276 565 730
565 276 730
534 421 872
421 534 872
312 550 767
550 312 767
297 271 619
271 297 619
35 395 52
395 35 52
641 449 24
449 641 24
404 418 831
418 404 831
459 417 831
417 459 831
306 480 285
480 306 285
548 351 383
351 548 383
64 118 658
118 64 658
498 73 116
73 498 116
560 482 168
482 560 168
248 181 222
181 248 222
443 412 741
412 443 741
526 136 362
136 526 362
413 187 895
187 413 895
105 194 823
194 105 823
76 48 430
48 76 430
407 173 589
173 407 589
465 34 809
34 465 809
544 18 739
18 544 739
549 663 150
663 549 150
295 406 418
406 295 418
69 91 352
91 69 352
110 369 289
369 110 289
300 158 997
158 300 997
610 157 454
157 610 454
242 319 935
319 242 935
487 285 573
285 487 573
130 205 853
205 130 853
36 133 755
133 36 755
564 187 418
187 564 418
156 409 552
409 156 552
91 115 949
115 91 949
675 223 210
223 675 210
603 100 525
100 603 525
228 2 393
2 228 393
667 425 197
425 667 197
190 271 852
271 190 852
373 332 301
332 373 301
310 670 438
670 310 438
416 615 707
615 416 707
343 4 375
4 343 375
661 70 895
70 661 895
330 322 512
322 330 512
61 672 158
672 61 158
53 247 220
247 53 220
389 372 895
372 389 895
528 369 337
369 528 337
626 650 732
650 626 732
279 573 600
573 279 600
573 425 800
425 573 800
518 121 210
121 518 210
246 312 889
312 246 889
135 380 237
380 135 237
643 89 237
89 643 237
75 359 432
359 75 432
524 304 149
304 524 149
506 557 727
557 506 727
291 280 45
280 291 45
157 515 305
515 157 305
287 295 115
295 287 115
326 561 91
561 326 91
81 39 229
39 81 229
103 120 45
120 103 45
504 674 674
674 504 674
570 214 317
214 570 317
646 106 790
106 646 790
310 301 878
301 310 878
558 14 892
14 558 892
122 85 209
85 122 209
253 225 693
225 253 693
447 47 484
47 447 484
312 215 4
215 312 4
548 417 75
417 548 75
180 136 899
136 180 899
500 577 82
577 500 82
157 326 348
326 157 348
549 177 197
177 549 197
555 661 52
661 555 52
664 175 298
175 664 298
443 616 864
616 443 864
416 391 1
391 416 1
280 348 70
348 280 70
444 233 738
233 444 738
633 409 375
409 633 375
631 177 71
177 631 71
655 291 215
291 655 215
331 497 360
497 331 360
512 328 148
328 512 148
384 679 65
679 384 65
459 346 578
346 459 578
262 298 138
298 262 138
140 436 671
436 140 671
562 314 747
314 562 747
601 358 598
358 601 598
189 549 825
549 189 825
219 80 284
80 219 284
415 142 845
142 415 845
341 14 360
14 341 360
255 472 48
472 255 48
277 239 254
239 277 254
397 655 93
655 397 93
239 528 481
528 239 481
138 262 119
262 138 119
376 519 177
519 376 177
309 40 48
40 309 48
118 342 257
342 118 257
355 19 780
19 355 780
669 353 244
353 669 244
92 605 929
605 92 929
129 283 18
283 129 18
24 333 500
333 24 500
352 302 661
302 352 661
609 116 895
116 609 895
130 656 49
656 130 49
128 260 233
260 128 233
322 15 803
15 322 803
102 7 267
7 102 267
18 219 153
219 18 153
50 59 742
59 50 742
320 564 534
564 320 534
280 122 867
122 280 867
475 326 898
326 475 898
201 236 574
236 201 574
568 87 536
87 568 536
263 664 189
664 263 189
61 118 103
118 61 103
436 181 897
181 436 897
397 551 260
551 397 260
438 278 113
278 438 113
637 466 123
466 637 123
44 159 418
159 44 418
358 308 579
308 358 579
371 602 764
602 371 764
404 477 241
477 404 241
419 100 959
100 419 959
277 93 239
93 277 239
247 433 645
433 247 645
424 53 291
53 424 291
503 52 59
52 503 59
484 397 239
397 484 239
603 473 923
473 603 923
469 347 999
347 469 999
173 445 557
445 173 557
618 59 370
59 618 370
376 256 55
256 376 55
76 249 298
249 76 298
522 390 888
390 522 888
258 216 501
216 258 501
207 36 209
36 207 209
365 595 355
595 365 355
475 407 74
407 475 74
435 421 652
421 435 652
103 613 860
613 103 860
426 450 293
450 426 293
3 99 59
99 3 59
136 485 220
485 136 220
570 559 578
559 570 578
446 633 517
633 446 517
264 512 990
512 264 990
115 501 998
501 115 998
199 151 349
151 199 349
243 103 921
103 243 921
131 595 770
595 131 770
273 484 323
484 273 323
334 665 382
665 334 382
112 517 871
517 112 871
521 528 976
528 521 976
572 358 906
358 572 906
480 285 811
285 480 811
43 538 819
538 43 819
104 43 187
43 104 187
28 63 345
63 28 345
188 290 64
290 188 64
126 632 561
632 126 561
103 239 373
239 103 373
278 408 366
408 278 366
570 614 347
614 570 347
271 646 990
646 271 990
363 240 756
240 363 756
108 380 693
380 108 693
216 252 475
252 216 475
488 183 553
183 488 553
564 526 324
526 564 324
374 338 953
338 374 953
119 485 333
485 119 333
515 197 729
197 515 729
646 522 629
522 646 629
63 582 715
582 63 715
19 386 998
386 19 998
615 668 626
668 615 626
449 575 465
575 449 465
13 531 243
531 13 243
365 270 212
270 365 212
346 166 202
166 346 202
8 637 7
637 8 7
109 390 870
390 109 870
102 229 632
229 102 632
537 274 168
274 537 168
662 89 750
89 662 750
168 463 916
463 168 916
119 602 466
602 119 466
13 73 686
73 13 686
461 319 13
319 461 13
494 539 84
539 494 84
141 287 724
287 141 724
258 263 539
263 258 539
209 556 943
556 209 943
281 106 419
106 281 419
377 275 588
275 377 588
157 505 586
505 157 586
261 142 890
142 261 890
35 198 586
198 35 586
353 591 609
591 353 609
314 600 182
600 314 182
454 214 11
214 454 11
583 294 952
294 583 952
462 321 901
321 462 901
647 572 274
572 647 274
587 323 346
323 587 346
506 203 557
203 506 557
254 155 101
155 254 101
593 307 688
307 593 688
655 280 41
280 655 41
332 647 901
647 332 901
631 376 434
376 631 434
634 239 32
239 634 32
247 295 497
295 247 497
23 40 601
40 23 601
539 604 642
604 539 642
78 157 797
157 78 797
146 107 708
107 146 708
652 616 546
616 652 546
73 608 447
608 73 447
440 230 717
230 440 717
503 350 222
350 503 222
76 79 954
79 76 954
418 359 152
359 418 152
311 170 501
170 311 501
126 15 432
15 126 432
485 228 919
228 485 919
381 8 837
8 381 837
311 640 7
640 311 7
361 81 375
81 361 375
514 74 324
74 514 324
329 528 881
528 329 881
331 515 600
515 331 600
110 17 957
17 110 957
290 564 914
564 290 914
378 661 325
661 378 325
399 419 212
419 399 212
386 289 76
289 386 76
514 255 954
255 514 954
1 270 163
270 1 163
23 307 712
307 23 712
495 260 333
260 495 333
20 546 246
546 20 246
545 414 505
414 545 505
258 667 497
667 258 497
92 398 67
398 92 67
310 291 863
291 310 863
512 383 202
383 512 202
568 434 143
434 568 143
179 58 312
58 179 312
156 406 792
406 156 792
86 227 990
227 86 990
257 589 461
589 257 461
384 181 181
181 384 181
96 323 214
323 96 214
15 661 667
661 15 667
472 245 63
245 472 63
217 518 351
518 217 351
282 159 331
159 282 331
7 231 656
231 7 656
623 66 924
66 623 924
118 193 851
193 118 851
604 675 665
675 604 665
257 367 446
367 257 446
269 324 662
324 269 662
549 433 354
433 549 354
569 328 422
328 569 422
242 277 407
277 242 407
241 501 652
501 241 652
97 61 792
61 97 792
539 559 481
559 539 481
650 326 435
326 650 435
36 537 992
537 36 992
508 568 819
568 508 819
73 626 619
626 73 619
443 353 701
353 443 701
266 583 414
583 266 414
618 463 54
463 618 54
337 320 347
320 337 347
592 380 701
380 592 701
597 551 602
551 597 602
519 166 667
166 519 667
40 203 416
203 40 416
175 384 278
384 175 278
16 479 937
479 16 937
448 20 166
20 448 166
121 122 964
122 121 964
245 67 249
67 245 249
473 654 192
654 473 192
388 628 152
628 388 152
76 536 198
536 76 198
581 16 618
16 581 618
361 224 497
224 361 497
340 506 81
506 340 81
0 291 223
291 0 223
638 641 357
641 638 357
268 437 297
437 268 297
405 348 385
348 405 385
178 411 692
411 178 692
358 637 543
637 358 543
259 556 927
556 259 927
136 375 402
375 136 402
418 574 547
574 418 547
355 201 486
201 355 486
203 72 901
72 203 901
536 534 358
534 536 358
376 475 152
475 376 152
156 365 157
365 156 157
193 459 45
459 193 45
328 36 670
36 328 670
583 8 745
8 583 745
334 358 356
358 334 356
230 493 723
493 230 723
483 321 25
321 483 25
467 434 823
434 467 823
662 149 422
149 662 422
110 144 565
144 110 565
358 137 107
137 358 107
163 523 425
523 163 425
35 114 664
114 35 664
514 169 472
169 514 472
666 563 659
563 666 659
659 298 293
298 659 293
414 111 480
111 414 480
39 499 855
499 39 855
431 58 776
58 431 776
393 34 154
34 393 154
35 195 52
195 35 52
76 380 185
380 76 185
169 324 908
324 169 908
340 439 522
439 340 522
302 284 606
284 302 606
185 164 951
164 185 951
84 435 471
435 84 471
565 234 826
234 565 826
516 526 769
526 516 769
207 240 358
240 207 358
543 200 856
200 543 856
662 287 736
287 662 736
451 395 525
395 451 525
492 404 616
404 492 616
590 633 986
633 590 986
410 308 349
308 410 349
443 520 121
520 443 121
130 69 736
69 130 736
87 4 628
4 87 628
637 389 930
389 637 930
483 415 810
415 483 810
671 252 895
252 671 895
608 58 842
58 608 842
57 186 388
186 57 388
523 189 839
189 523 839
213 542 945
542 213 945
248 157 902
157 248 902
569 270 468
270 569 468
578 212 758
212 578 758
307 481 440
481 307 440
296 57 195
57 296 195
284 631 52
631 284 52
251 670 507
670 251 507
431 284 106
284 431 106
224 47 216
47 224 216
433 374 868
374 433 868
296 285 541
285 296 541
149 435 386
435 149 386
312 574 431
574 312 431
207 222 778
222 207 778
634 81 61
81 634 61
173 150 203
150 173 203
548 250 106
250 548 106
422 1 633
1 422 633
50 102 965
102 50 965
553 413 959
413 553 959
81 90 537
90 81 537
355 370 673
370 355 673
20 6 578
6 20 578
306 448 329
448 306 329
622 64 959
64 622 959
260 85 170
85 260 170
125 78 244
78 125 244
220 201 939
201 220 939
10 309 388
309 10 388
65 144 186
144 65 186
259 342 288
342 259 288
499 184 438
184 499 438
91 658 216
658 91 216
508 292 681
292 508 681
28 599 590
599 28 590
437 281 447
281 437 447
653 43 280
43 653 280
657 315 503
315 657 503
240 352 628
352 240 628
419 283 32
283 419 32
266 559 615
559 266 615
321 51 200
51 321 200
332 493 7
493 332 7
244 596 42
596 244 42
403 481 808
481 403 808
196 113 770
113 196 770
277 139 375
139 277 375
43 137 958
137 43 958
285 481 18
481 285 18
190 250 50
250 190 50
450 605 820
605 450 820
61 166 739
166 61 739
230 170 400
170 230 400
635 179 204
179 635 204
191 19 462
19 191 462
678 605 896
605 678 896
427 193 789
193 427 789
84 132 186
132 84 186
124 269 853
269 124 853
327 135 74
135 327 74
127 168 927
168 127 927
410 373 136
373 410 136
556 137 944
137 556 944
668 511 317
511 668 317
244 63 886
63 244 886
484 88 557
88 484 557
607 42 723
42 607 723
620 158 114
158 620 114
122 103 517
103 122 517
17 411 134
411 17 134
454 30 508
30 454 508
367 85 105
85 367 105
522 595 557
595 522 557
314 431 419
431 314 419
461 6 624
6 461 624
377 559 726
559 377 726
667 31 945
31 667 945
455 387 557
387 455 557
297 270 948
270 297 948
265 490 632
490 265 632
607 470 950
470 607 950
46 532 997
532 46 997
632 527 43
527 632 43
111 617 206
617 111 206
477 224 29
224 477 29
628 245 780
245 628 780
507 566 804
566 507 804
203 627 967
627 203 967
606 404 550
404 606 550
382 634 680
634 382 680
419 441 118
441 419 118
581 152 297
152 581 297
391 505 963
505 391 963
619 258 720
258 619 720
326 501 276
501 326 276
53 272 608
272 53 608
131 38 905
38 131 905
184 597 87
597 184 87
100 503 318
503 100 318
544 76 841
76 544 841
163 186 827
186 163 827
427 203 35
203 427 35
179 151 341
151 179 341
451 199 474
199 451 474
318 35 848
35 318 848
199 489 745
489 199 745
227 646 875
646 227 875
306 576 244
576 306 244
8 589 848
589 8 848
363 593 429
593 363 429
460 651 53
651 460 53
638 383 908
383 638 908
632 434 218
434 632 218
87 302 610
302 87 610
329 322 838
322 329 838
459 263 19
263 459 19
457 326 182
326 457 182
454 487 152
487 454 152
186 326 746
326 186 746
579 324 400
324 579 400
84 12 525
12 84 525
13 36 274
36 13 274
15 91 865
91 15 865
256 145 304
145 256 304
672 474 238
474 672 238
606 458 537
458 606 537
385 195 900
195 385 900
188 647 114
647 188 114
292 428 201
428 292 201
424 471 701
471 424 701
361 195 881
195 361 881
637 290 967
290 637 967
540 512 661
512 540 661
498 103 944
103 498 944
183 511 793
511 183 793
241 133 869
133 241 869
217 582 754
582 217 754
353 16 489
16 353 489
147 298 771
298 147 771
250 93 32
93 250 32
609 21 956
21 609 956
409 665 665
665 409 665
617 364 97
364 617 97
53 80 302
80 53 302
85 633 902
633 85 902
65 370 555
370 65 555
280 615 976
615 280 976
653 59 635
59 653 635
309 377 680
377 309 680
129 490 651
490 129 651
159 437 580
437 159 580
164 221 987
221 164 987
559 543 694
543 559 694
161 675 112
675 161 112
261 423 989
423 261 989
578 654 145
654 578 145
469 350 467
350 469 467
174 181 161
181 174 161
70 565 382
565 70 382
570 283 464
283 570 464
26 125 265
125 26 265
138 64 749
64 138 749
109 425 983
425 109 983
60 540 299
540 60 299
640 71 83
71 640 83
678 26 975
26 678 975
35 206 765
206 35 765
617 553 313
553 617 313
493 126 3
126 493 3
515 204 371
204 515 371
443 577 381
577 443 381
458 70 317
70 458 317
107 567 526
567 107 526
100 281 262
281 100 262
646 554 275
554 646 275
486 136 59
136 486 59
394 483 974
483 394 974
517 403 910
403 517 910
354 394 552
394 354 552
377 427 832
427 377 832
190 557 943
557 190 943
407 666 164
666 407 164
327 206 962
206 327 962
565 280 508
280 565 508
656 671 882
671 656 882
409 112 694
112 409 694
674 468 819
468 674 819
511 36 157
36 511 157
215 390 528
390 215 528
275 114 457
114 275 457
257 28 351
28 257 351
373 445 472
445 373 472
57 224 524
224 57 524
411 550 398
550 411 398
113 154 356
154 113 356
545 606 473
606 545 473
517 530 385
530 517 385
333 249 745
249 333 745
236 506 52
506 236 52
474 476 534
476 474 534
46 283 493
283 46 493
145 184 422
184 145 422
398 138 958
138 398 958
25 304 15
304 25 15
138 244 914
244 138 914
421 538 837
538 421 837
198 635 340
635 198 340
93 87 867
87 93 867
529 4 388
4 529 388
41 351 769
351 41 769
581 17 168
17 581 168
558 536 321
536 558 321
380 604 754
604 380 754
88 476 99
476 88 99
432 454 634
454 432 634
399 156 805
156 399 805
410 604 254
604 410 254
254 3 349
3 254 349
662 404 343
404 662 343
301 522 504
522 301 504
464 267 139
267 464 139
503 113 903
113 503 903
377 27 165
27 377 165
561 269 699
269 561 699
84 411 883
411 84 883
356 391 46
391 356 46
172 626 557
626 172 557
253 542 178
542 253 178
651 56 507
56 651 507
515 332 559
332 515 559
536 255 962
255 536 962
543 234 528
234 543 528
600 181 636
181 600 636
371 481 88
481 371 88
560 288 659
288 560 659
490 7 546
7 490 546
553 537 470
537 553 470
44 140 764
140 44 764
366 612 26
612 366 26
71 191 201
191 71 201
347 198 348
198 347 348
561 366 317
366 561 317
125 672 343
672 125 343
9 1 309
1 9 309
386 33 908
33 386 908
544 555 940
555 544 940
299 567 325
567 299 325
144 589 804
589 144 804
629 582 764
582 629 764
234 575 157
575 234 157
479 672 375
672 479 375
202 131 81
131 202 81
354 4 674
4 354 674
606 509 393
509 606 393
619 363 488
363 619 488
537 23 279
23 537 279
351 532 807
532 351 807
649 128 84
128 649 84
12 457 320
457 12 320
98 620 763
620 98 763
77 255 605
255 77 605
15 513 870
513 15 870
448 324 528
324 448 528
9 426 219
426 9 219
373 216 631
216 373 631
332 188 836
188 332 836
652 163 270
163 652 270
528 247 695
247 528 695
125 20 651
20 125 651
495 351 907
351 495 907
346 626 644
626 346 644
419 273 433
273 419 433
119 477 75
477 119 75
517 70 541
70 517 541
174 68 318
68 174 318
483 239 455
239 483 455
498 129 150
129 498 150
424 84 876
84 424 876
572 1 623
1 572 623
660 71 839
71 660 839
81 439 426
439 81 426
143 247 569
247 143 569
186 205 845
205 186 845
149 429 626
429 149 626
322 639 224
639 322 224
449 341 831
341 449 831
177 181 884
181 177 884
487 493 980
493 487 980
471 355 682
355 471 682
46 202 947
202 46 947
560 72 4
72 560 4
112 327 117
327 112 117
349 545 42
545 349 42
251 263 157
263 251 157
353 423 416
423 353 416
510 249 83
249 510 83
418 144 90
144 418 90
477 165 813
165 477 813
572 197 523
197 572 523
628 77 76
77 628 76
63 616 304
616 63 304
82 580 110
580 82 110
521 315 291
315 521 291
108 323 672
323 108 672
509 460 665
460 509 665
137 193 125
193 137 125
614 669 509
669 614 509
391 648 464
648 391 464
129 548 930
548 129 930
382 394 731
394 382 731
582 419 492
419 582 492
482 373 901
373 482 901
579 6 52
6 579 52
1 650 534
650 1 534
474 174 266
174 474 266
352 110 121
110 352 121
529 601 750
601 529 750
2 160 949
160 2 949
87 614 622
614 87 622
645 7 721
7 645 721
606 641 887
641 606 887
419 169 736
169 419 736
377 197 676
197 377 676
277 511 256
511 277 256
543 468 643
468 543 643
47 448 951
448 47 951
214 650 302
650 214 302
168 616 822
616 168 822
600 57 634
57 600 634
404 331 218
331 404 218
515 601 722
601 515 722
32 256 759
256 32 759
591 606 805
606 591 805
353 91 570
91 353 570
14 249 553
249 14 553
229 237 132
237 229 132
20 268 132
268 20 132
537 351 955
351 537 955
46 612 669
612 46 669
118 387 112
387 118 112
173 184 121
184 173 121
267 188 881
188 267 881
16 508 31
508 16 31
498 264 195
264 498 195
660 259 521
259 660 521
422 329 825
329 422 825
613 408 8
408 613 8
404 19 270
19 404 270
619 487 617
487 619 617
415 317 612
317 415 612
372 477 107
477 372 107
591 468 563
468 591 563
119 309 159
309 119 159
343 243 34
243 343 34
109 353 121
353 109 121
442 339 460
339 442 460
647 411 276
411 647 276
632 223 447
223 632 447
598 255 991
255 598 991
171 605 609
605 171 609
434 661 108
661 434 108
331 529 205
529 331 205
374 39 833
39 374 833
563 290 667
290 563 667
642 67 901
67 642 901
130 599 512
599 130 512
538 41 365
41 538 365
122 270 337
270 122 337
416 556 46
556 416 46
518 168 893
168 518 893
114 635 398
635 114 398
199 369 392
369 199 392
313 215 643
215 313 643
45 419 70
419 45 70
276 670 325
670 276 325
199 39 542
39 199 542
633 416 1000
416 633 1000
467 420 62
420 467 62
485 493 392
493 485 392
283 48 469
48 283 469
573 347 412
347 573 412
98 192 850
192 98 850
513 427 112
427 513 112
439 276 293
276 439 293
108 439 673
439 108 673
160 120 765
120 160 765
129 33 263
33 129 263
488 324 588
324 488 588
163 671 445
671 163 445
410 495 632
495 410 632
525 636 209
636 525 209
540 675 810
675 540 810
467 213 771
213 467 771
660 568 314
568 660 314
560 41 759
41 560 759
368 295 949
295 368 949
256 199 744
199 256 744
295 511 320
511 295 320
624 537 104
537 624 104
440 493 717
493 440 717
260 424 427
424 260 427
150 181 344
181 150 344
663 605 348
605 663 348
146 62 378
62 146 378
267 151 347
151 267 347
486 413 350
413 486 350
668 195 652
195 668 652
480 302 422
302 480 422
327 75 226
75 327 226
259 250 235
250 259 235
330 332 641
332 330 641
612 2 953
2 612 953
216 178 48
178 216 48
102 112 370
112 102 370
167 130 640
130 167 640
55 380 652
380 55 652
537 195 157
195 537 157
206 32 233
32 206 233
167 53 108
53 167 108
337 245 479
245 337 479
508 465 813
465 508 813
39 313 556
313 39 556
406 53 793
53 406 793
618 45 413
45 618 413
371 1 864
1 371 864
434 559 726
559 434 726
646 305 170
305 646 170
653 181 901
181 653 901
596 521 280
521 596 280
473 125 178
125 473 178
127 353 100
353 127 100
233 261 409
261 233 409
248 141 748
141 248 748
0 538 951
538 0 951
358 547 468
547 358 468
285 120 368
120 285 368
379 82 139
82 379 139
258 360 454
360 258 454
436 407 773
407 436 773
212 671 718
671 212 718
663 579 183
579 663 183
48 272 592
272 48 592
541 224 26
224 541 26
51 171 909
171 51 909
234 472 686
472 234 686
92 653 785
653 92 785
345 82 476
82 345 476
472 634 282
634 472 282
377 469 489
469 377 489
569 400 663
400 569 663
315 181 843
181 315 843
111 147 508
147 111 508
653 586 320
586 653 320
573 370 85
370 573 85
266 230 986
230 266 986
365 121 704
121 365 704
595 498 69
498 595 69
391 141 858
141 391 858
378 241 182
241 378 182
11 48 421
48 11 421
69 351 170
351 69 170
207 664 249
664 207 249
366 529 173
529 366 173
560 256 163
256 560 163
549 560 974
560 549 974
302 458 795
458 302 795
565 266 306
266 565 306
405 195 939
195 405 939
25 483 683
483 25 683
43 372 483
372 43 483
566 599 275
599 566 275
623 325 583
325 623 583
433 109 378
109 433 378
129 160 391
160 129 391
557 257 81
257 557 81
333 634 296
634 333 296
309 149 244
149 309 244
519 150 22
150 519 22
207 397 146
397 207 146
289 457 105
457 289 105
499 291 479
291 499 479
606 117 438
117 606 438
413 368 265
368 413 265
331 611 592
611 331 592
516 405 591
405 516 591
80 472 243
472 80 243
179 577 682
577 179 682
417 293 137
293 417 137
560 642 186
642 560 186
612 412 965
412 612 965
480 113 108
113 480 108
502 433 4
433 502 4
115 531 590
531 115 590
645 438 46
438 645 46
379 558 667
558 379 667
287 240 918
240 287 918
234 593 263
593 234 263
626 54 612
54 626 612
319 553 847
553 319 847
565 77 1
77 565 1
60 0 742
0 60 742
159 85 93
85 159 93
114 115 516
115 114 516
8 563 436
563 8 436
284 164 920
164 284 920
364 219 595
219 364 595
591 323 393
323 591 393
446 210 542
210 446 542
299 103 437
103 299 437
476 348 965
348 476 965
658 41 624
41 658 624
568 551 974
551 568 974
292 666 588
666 292 588
580 481 965
481 580 965
398 326 421
326 398 421
679 92 631
92 679 631
665 585 427
585 665 427
619 373 414
373 619 414
535 483 426
483 535 426
3 186 741
186 3 741
153 1 10
1 153 10
559 13 539
13 559 539
82 375 344
375 82 344
375 68 649
68 375 649
594 432 780
432 594 780
594 438 73
438 594 73
24 118 718
118 24 718
257 135 909
135 257 909
635 137 682
137 635 682
268 0 964
0 268 964
6 460 34
460 6 34
410 472 262
472 410 262
486 317 622
317 486 622
277 342 754
342 277 754
612 21 86
21 612 86
110 667 723
667 110 723
559 259 930
259 559 930
501 292 211
292 501 211
94 653 798
653 94 798
157 53 892
53 157 892
226 448 879
448 226 879
551 497 896
497 551 896
664 81 617
81 664 617
494 221 142
221 494 142
200 508 497
508 200 497
650 537 921
537 650 921
627 353 442
353 627 442
323 298 128
298 323 128
261 457 573
457 261 573
310 493 253
493 310 253
604 313 374
313 604 374
308 667 91
667 308 91
548 230 225
230 548 225
408 572 380
572 408 380
373 609 418
609 373 418
297 639 730
639 297 730
613 321 628
321 613 628
662 87 361
87 662 361
664 178 304
178 664 304
359 494 244
494 359 244
137 297 423
297 137 423
48 663 938
663 48 938
49 33 998
33 49 998
480 373 172
373 480 172
389 645 680
645 389 680
58 632 894
632 58 894
161 619 192
619 161 192
206 445 661
445 206 661
294 547 575
547 294 575
262 418 471
418 262 471
397 403 541
403 397 541
174 415 843
415 174 843
384 548 630
548 384 630
639 149 612
149 639 612
457 627 135
627 457 135
116 467 692
467 116 692
476 295 216
295 476 216
275 310 797
310 275 797
627 534 553
534 627 553
124 442 474
442 124 474
46 477 495
477 46 495
641 647 140
647 641 140
156 335 984
335 156 984
315 598 335
598 315 335
130 24 85
24 130 85
30 427 685
427 30 685
394 345 965
345 394 965
532 371 212
371 532 212
399 523 240
523 399 240
146 57 568
57 146 568
529 143 196
143 529 196
70 139 845
139 70 845
185 647 496
647 185 496
419 19 201
19 419 201
431 115 232
115 431 232
370 259 528
259 370 528
591 53 496
53 591 496
166 372 400
372 166 400
276 638 944
638 276 944
116 12 828
12 116 828
106 7 611
7 106 611
0 609 209
609 0 209
529 617 280
617 529 280
100 660 648
660 100 648
3 483 796
483 3 796
13 226 557
226 13 557
649 461 100
461 649 100
602 58 789
58 602 789
127 599 276
599 127 276
65 602 884
602 65 884
91 627 357
627 91 357
142 444 579
444 142 579
501 44 250
44 501 250
406 551 839
551 406 839
656 506 168
506 656 168
429 66 851
66 429 851
34 49 221
49 34 221
401 191 717
191 401 717
430 123 227
123 430 227
488 158 276
158 488 276
437 321 353
321 437 353
424 102 147
102 424 147
60 501 719
501 60 719
121 643 937
643 121 937
342 459 877
459 342 877
191 594 37
594 191 37
19 442 1000
442 19 1000
265 90 108
90 265 108
663 587 987
587 663 987
528 401 330
401 528 330
322 269 385
269 322 385
526 502 197
502 526 197
140 505 677
505 140 677
253 115 48
115 253 48
205 369 886
369 205 886
485 546 638
546 485 638
452 309 903
309 452 903
505 350 251
350 505 251
131 658 941
658 131 941
615 635 177
635 615 177
447 505 627
505 447 627
15 342 743
342 15 743
393 556 577
556 393 577
228 676 843
676 228 843
47 649 720
649 47 720
513 448 738
448 513 738
187 71 259
71 187 259
519 222 170
222 519 170
477 414 764
414 477 764
361 440 270
440 361 270
274 182 997
182 274 997
139 274 877
274 139 877
241 281 893
281 241 893
617 351 680
351 617 680
416 33 299
33 416 299
21 273 548
273 21 548
230 369 865
369 230 865
1 269 856
269 1 856
34 88 914
88 34 914
443 489 558
489 443 558
158 503 217
503 158 217
224 574 274
574 224 274
628 463 16
463 628 16
58 187 964
187 58 964
394 482 368
482 394 368
366 264 612
264 366 612
137 554 680
554 137 680
70 15 52
15 70 52
142 243 845
243 142 845
654 443 580
443 654 580
383 500 941
500 383 941
308 187 789
187 308 789
199 431 976
431 199 976
588 572 246
572 588 246
153 68 298
68 153 298
220 362 27
362 220 27
353 403 432
403 353 432
130 208 821
208 130 821
193 671 73
671 193 73
523 517 439
517 523 439
266 200 217
200 266 217
264 25 801
25 264 801
28 122 970
122 28 970
170 455 880
455 170 880
89 140 255
140 89 255
283 195 794
195 283 794
60 3 197
3 60 197
429 89 216
89 429 216
79 631 243
631 79 243
185 391 354
391 185 354
431 298 865
298 431 865
114 585 176
585 114 176
511 519 546
519 511 546
545 38 799
38 545 799
335 155 539
155 335 539
654 203 840
203 654 840
490 322 760
322 490 760
488 487 375
487 488 375
551 312 507
312 551 507
657 361 510
361 657 510
522 444 767
444 522 767
487 428 260
428 487 260
471 310 955
310 471 955
545 555 270
555 545 270
491 609 615
609 491 615
324 198 813
198 324 813
274 354 943
354 274 943
80 416 843
416 80 843
388 439 911
439 388 911
206 430 206
430 206 206
407 159 378
159 407 378
334 442 352
442 334 352
510 138 347
138 510 347
117 579 153
579 117 153
374 485 93
485 374 93
401 501 408
501 401 408
126 319 598
319 126 598
300 31 517
31 300 517
432 192 366
192 432 366
211 95 57
95 211 57
173 107 484
107 173 484
74 319 884
319 74 884
204 413 805
413 204 805
512 218 438
218 512 438
282 515 566
515 282 566
305 132 465
132 305 465
191 647 718
647 191 718
64 653 492
653 64 492
225 392 700
392 225 700
203 364 781
364 203 781
277 408 67
408 277 67
319 281 509
281 319 509
359 440 537
440 359 537
627 82 605
82 627 605
645 639 163
639 645 163
337 470 718
470 337 718
211 452 172
452 211 172
570 18 608
18 570 608
501 16 845
16 501 845
367 186 550
186 367 550
668 203 413
203 668 413
617 49 594
49 617 594
414 660 455
660 414 455
534 556 407
556 534 407
528 385 340
385 528 340
630 642 674
642 630 674
567 320 395
320 567 395
549 230 874
230 549 874
45 636 495
636 45 495
630 421 780
421 630 780
514 666 721
666 514 721
200 524 852
524 200 852
663 62 131
62 663 131
594 648 186
648 594 186
327 273 570
273 327 570
512 411 228
411 512 228
566 535 481
535 566 481
610 553 963
553 610 963
205 398 542
398 205 542
376 233 512
233 376 512
582 149 503
149 582 503
113 509 40
509 113 40
412 57 43
57 412 43
242 653 773
653 242 773
384 313 542
313 384 542
423 324 703
324 423 703
13 397 982
397 13 982
453 178 636
178 453 636
232 609 89
609 232 89
403 303 221
303 403 221
195 92 861
92 195 861
461 481 671
481 461 671
189 471 556
471 189 556
33 403 249
403 33 249
222 450 23
450 222 23
256 213 184
213 256 184
291 322 486
322 291 486
65 119 686
119 65 686
231 656 126
656 231 126
114 355 392
355 114 392
465 252 876
252 465 876
489 56 331
56 489 331
573 580 255
580 573 255
274 645 633
645 274 633
108 307 416
307 108 416
295 167 812
167 295 812
649 286 834
286 649 834
535 677 453
677 535 453
50 655 704
655 50 704
505 60 25
60 505 25
305 66 226
66 305 226
114 343 676
343 114 676
102 385 631
385 102 631
394 116 614
116 394 614
164 568 339
568 164 339
368 501 805
501 368 805
486 568 790
568 486 790
120 390 22
390 120 22
156 537 815
537 156 815
538 621 341
621 538 341
292 391 750
391 292 750
330 119 352
119 330 352
282 90 927
90 282 927
165 596 608
596 165 608
97 472 558
472 97 558
58 296 764
296 58 764
466 536 473
536 466 473
55 534 5
534 55 5
630 442 695
442 630 695
26 265 75
265 26 75
245 146 911
146 245 911
510 281 103
281 510 103
475 190 0
190 475 0
577 662 945
662 577 945
341 33 353
33 341 353
91 22 759
22 91 759
203 669 362
669 203 362
577 81 297
81 577 297
335 80 668
80 335 668
151 289 668
289 151 668
504 39 968
39 504 968
276 169 37
169 276 37
81 530 274
530 81 274
418 626 7
626 418 7
542 121 624
121 542 624
336 399 210
399 336 210
350 291 174
291 350 174
338 661 806
661 338 806
506 542 631
542 506 631
678 382 592
382 678 592
41 541 199
541 41 199
69 123 274
123 69 274
274 470 621
470 274 621
151 528 615
528 151 615
513 120 429
120 513 429
200 188 957
188 200 957
581 82 707
82 581 707
361 245 673
245 361 673
523 187 233
187 523 233
566 221 998
221 566 998
245 275 981
275 245 981
221 150 136
150 221 136
658 473 791
473 658 791
502 174 797
174 502 797
389 98 699
98 389 699
307 84 384
84 307 384
547 528 475
528 547 475
491 459 479
459 491 479
455 524 313
524 455 313
31 306 442
306 31 442
305 208 980
208 305 980
661 56 761
56 661 761
505 17 18
17 505 18
578 20 623
20 578 623
332 404 606
404 332 606
80 261 703
261 80 703
352 589 619
589 352 619
377 654 315
654 377 315
145 153 146
153 145 146