431 394 265
394 431 265
525 431 414
431 525 414
310 431 366
431 310 366
223 431 288
431 223 288
143 394 633
394 143 633
258 223 722
223 258 722
151 525 101
525 151 101
75 143 483
143 75 483
104 143 444
143 104 444
330 104 655
104 330 655
213 75 488
75 213 488
464 75 266
75 464 266
63 464 940
464 63 940
575 394 95
394 575 95
419 213 844
213 419 844
1 419 847
419 1 847
352 151 747
151 352 747
344 525 195
525 344 195
235 151 822
151 235 822
150 352 458
352 150 458
96 525 327
525 96 327
541 419 111
419 541 111
321 352 298
352 321 298
132 352 340
352 132 340
578 258 986
258 578 986
307 575 93
575 307 93
414 330 589
330 414 589
260 104 188
104 260 188
202 307 191
307 202 191
34 235 672
235 34 672
282 419 70
419 282 70
95 75 897
75 95 897
164 525 862
525 164 862
86 578 857
578 86 857
570 352 534
352 570 534
259 63 916
63 259 916
460 352 461
352 460 461
538 541 84
541 538 84
359 151 498
151 359 498
371 464 248
464 371 248
17 352 119
352 17 119
243 321 813
321 243 813
188 96 436
96 188 436
67 258 801
258 67 801
163 67 224
67 163 224
49 259 649
259 49 649
82 431 127
431 82 127
214 538 850
538 214 850
135 578 93
578 135 93
420 151 37
151 420 37
24 464 984
464 24 984
211 163 126
163 211 126
539 63 744
63 539 744
69 188 23
188 69 23
483 359 103
359 483 103
299 223 226
223 299 226
83 17 308
17 83 308
402 414 184
414 402 184
70 95 478
95 70 478
44 538 103
538 44 103
451 464 266
464 451 266
415 83 749
83 415 749
540 539 923
539 540 923
198 307 989
307 198 989
66 150 865
150 66 865
191 188 542
188 191 542
295 419 611
419 295 611
512 541 13
541 512 13
279 211 921
211 279 921
337 66 939
66 337 939
184 163 397
163 184 397
491 95 157
95 491 157
334 431 468
431 334 468
439 330 343
330 439 343
438 143 557
143 438 557
168 352 245
352 168 245
454 451 360
451 454 360
365 259 689
259 365 689
217 438 969
438 217 969
529 217 135
217 529 135
428 359 397
359 428 397
449 539 848
539 449 848
389 330 1
330 389 1
357 132 715
132 357 715
201 150 245
150 201 245
133 428 458
428 133 458
231 133 581
133 231 581
527 539 32
539 527 32
246 491 428
491 246 428
472 357 726
357 472 726
26 96 456
96 26 456
37 164 718
164 37 718
99 83 540
83 99 540
544 415 929
415 544 929
346 454 773
454 346 773
0 223 506
223 0 506
203 359 857
359 203 857
291 258 828
258 291 828
508 539 192
539 508 192
341 428 85
428 341 85
518 37 133
37 518 133
9 24 972
24 9 972
424 539 323
539 424 323
3 414 14
414 3 14
452 0 2
0 452 2
515 133 541
133 515 541
384 464 195
464 384 195
77 454 664
454 77 664
126 538 286
538 126 286
436 321 102
321 436 102
302 126 944
126 302 944
254 529 83
529 254 83
15 570 935
570 15 935
289 9 811
9 289 811
78 436 262
436 78 262
91 389 533
389 91 533
524 389 660
389 524 660
227 575 892
575 227 892
107 570 871
570 107 871
13 143 41
143 13 41
139 231 265
231 139 265
367 371 969
371 367 969
244 13 581
13 244 581
555 143 866
143 555 866
490 244 718
244 490 718
399 389 506
389 399 506
470 449 924
449 470 924
304 302 381
302 304 381
573 163 212
163 573 212
251 439 9
439 251 9
97 538 277
538 97 277
224 133 808
133 224 808
249 321 346
321 249 346
519 104 42
104 519 42
180 17 153
17 180 153
391 439 369
439 391 369
270 164 300
164 270 300
79 367 748
367 79 748
162 464 315
464 162 315
123 249 746
249 123 746
48 454 412
454 48 412
565 357 306
357 565 306
287 414 101
414 287 101
385 244 485
244 385 485
234 231 127
231 234 127
332 202 716
202 332 716
347 126 38
126 347 38
208 201 752
201 208 752
477 359 941
359 477 941
118 385 384
385 118 384
558 541 67
541 558 67
560 96 202
96 560 202
517 299 62
299 517 62
273 525 100
525 273 100
278 565 531
565 278 531
200 289 942
289 200 942
349 477 731
477 349 731
479 483 433
483 479 433
56 544 225
544 56 225
182 477 795
477 182 795
120 436 196
436 120 196
262 202 65
202 262 65
499 151 924
151 499 924
379 78 770
78 379 770
485 24 121
24 485 121
361 518 262
518 361 262
149 379 43
379 149 43
574 483 638
483 574 638
108 307 202
307 108 202
333 0 370
0 333 370
400 538 107
538 400 107
435 555 151
555 435 151
411 424 653
424 411 653
497 77 898
77 497 898
381 399 695
399 381 695
237 470 510
470 237 510
468 400 895
400 468 895
147 79 624
79 147 624
160 525 348
525 160 348
523 428 837
428 523 837
239 104 537
104 239 537
110 66 617
66 110 617
115 203 596
203 115 596
220 115 723
115 220 723
355 1 819
1 355 819
58 224 889
224 58 889
29 1 230
1 29 230
100 330 307
330 100 307
11 289 338
289 11 338
127 538 889
538 127 889
501 524 991
524 501 991
292 573 391
573 292 391
409 304 34
304 409 34
444 321 694
321 444 694
403 444 614
444 403 614
55 501 436
501 55 436
165 439 548
439 165 548
467 515 845
515 467 845
376 508 622
508 376 622
461 70 871
70 461 871
18 574 906
574 18 906
2 11 186
11 2 186
242 573 583
573 242 583
204 201 67
201 204 67
393 295 965
295 393 965
248 165 417
165 248 417
312 291 63
291 312 63
134 379 957
379 134 957
105 451 293
451 105 293
276 575 964
575 276 964
31 244 427
244 31 427
119 490 911
490 119 911
493 115 83
115 493 83
549 147 155
147 549 155
296 452 36
452 296 36
503 107 395
107 503 395
377 464 103
464 377 103
390 376 155
376 390 155
20 75 612
75 20 612
511 164 645
164 511 645
272 307 716
307 272 716
458 361 354
361 458 354
167 291 802
291 167 802
413 260 902
260 413 902
50 200 717
200 50 717
396 349 647
349 396 647
288 361 127
361 288 127
576 110 636
110 576 636
255 18 869
18 255 869
112 508 818
508 112 818
256 127 893
127 256 893
106 224 881
224 106 881
169 104 800
104 169 800
339 15 380
15 339 380
171 91 365
91 171 365
548 235 979
235 548 979
39 112 956
112 39 956
36 555 261
555 36 261
25 249 682
249 25 682
500 332 896
332 500 896
193 402 95
402 193 95
553 376 514
376 553 514
465 384 519
384 465 519
280 553 116
553 280 116
137 126 913
126 137 913
505 77 945
77 505 945
76 25 107
25 76 107
373 1 101
1 373 101
374 467 159
467 374 159
30 2 457
2 30 457
395 381 427
381 395 427
32 470 941
470 32 941
306 220 258
220 306 258
74 472 72
472 74 72
122 26 708
26 122 708
33 237 356
237 33 356
176 143 850
143 176 850
222 29 72
29 222 72
554 334 212
334 554 212
5 3 674
3 5 674
129 310 300
310 129 300
351 464 955
464 351 955
566 107 879
107 566 879
146 346 464
346 146 464
116 280 352
280 116 352
263 191 28
191 263 28
209 355 343
355 209 343
456 477 303
477 456 303
532 149 188
149 532 188
567 17 105
17 567 105
513 349 160
349 513 160
366 438 968
438 366 968
136 289 323
289 136 323
492 555 242
555 492 242
189 477 381
477 189 381
417 321 881
321 417 881
142 330 403
330 142 403
81 460 135
460 81 135
423 517 563
517 423 563
421 491 605
491 421 605
427 560 652
560 427 652
354 188 254
188 354 254
447 11 652
11 447 652
533 202 385
202 533 385
412 223 427
223 412 427
324 50 208
50 324 208
375 118 975
118 375 975
481 49 973
49 481 973
194 483 283
483 194 283
121 412 620
412 121 620
170 576 950
576 170 950
416 544 786
544 416 786
441 272 178
272 441 178
266 106 348
106 266 348
546 491 363
491 546 363
484 67 494
67 484 494
219 118 1
118 219 1
474 548 7
548 474 7
233 560 117
560 233 117
319 423 623
423 319 623
173 377 723
377 173 723
506 82 694
82 506 694
535 227 556
227 535 556
434 287 647
287 434 647
23 451 276
451 23 276
46 394 262
394 46 262
432 532 911
532 432 911
430 288 104
288 430 104
283 239 290
239 283 290
218 434 87
434 218 87
43 259 811
259 43 811
298 200 546
200 298 546
370 44 542
44 370 542
284 389 69
389 284 69
469 208 289
208 469 289
155 441 535
441 155 535
240 366 107
366 240 107
471 81 413
81 471 413
317 477 452
477 317 452
425 121 643
121 425 643
158 529 126
529 158 126
141 403 410
403 141 410
545 184 573
184 545 573
340 239 647
239 340 647
277 119 223
119 277 223
285 30 711
30 285 711
301 262 504
262 301 504
380 34 454
34 380 454
178 334 763
334 178 763
300 307 908
307 300 908
364 436 26
436 364 26
207 193 400
193 207 400
537 143 866
143 537 866
318 86 703
86 318 703
528 17 702
17 528 702
579 2 6
2 579 6
215 96 118
96 215 118
372 431 276
431 372 276
542 301 716
301 542 716
175 91 144
91 175 144
466 441 294
441 466 294
103 539 444
539 103 444
286 108 393
108 286 393
93 108 431
108 93 431
405 458 151
458 405 151
275 438 536
438 275 536
192 191 213
191 192 213
109 288 357
288 109 357
509 376 437
376 509 437
521 395 398
395 521 398
475 254 814
254 475 814
117 413 962
413 117 962
128 319 727
319 128 727
28 467 34
467 28 34
153 340 86
340 153 86
572 346 372
346 572 372
40 285 693
285 40 693
102 107 625
107 102 625
199 370 88
370 199 88
478 351 769
351 478 769
190 523 421
523 190 421
316 414 647
414 316 647
480 146 681
146 480 681
445 421 952
421 445 952
507 511 594
511 507 594
315 30 260
30 315 260
489 465 220
465 489 220
232 391 43
391 232 43
27 307 166
307 27 166
247 431 296
431 247 296
457 310 143
310 457 143
47 20 696
20 47 696
156 43 406
43 156 406
392 15 464
15 392 464
138 411 622
411 138 622
65 218 904
218 65 904
59 499 330
499 59 330
387 169 914
169 387 914
245 251 29
251 245 29
382 541 194
541 382 194
274 17 214
17 274 214
388 468 192
468 388 192
152 304 688
304 152 688
557 65 308
65 557 308
236 146 880
146 236 880
305 251 493
251 305 493
267 445 245
445 267 245
35 200 956
200 35 956
433 460 9
460 433 9
350 306 741
306 350 741
338 132 939
132 338 939
326 32 471
32 326 471
343 44 87
44 343 87
60 244 101
244 60 101
113 31 905
31 113 905
174 50 627
50 174 627
57 390 572
390 57 572
325 150 981
150 325 981
148 470 501
470 148 501
185 66 860
66 185 860
230 523 327
523 230 327
363 69 570
69 363 570
250 298 554
298 250 554
172 445 303
445 172 303
386 566 619
566 386 619
407 492 649
492 407 649
225 162 237
162 225 237
10 44 629
44 10 629
80 527 750
527 80 750
368 470 223
470 368 223
261 65 675
65 261 675
6 245 548
245 6 548
476 20 879
20 476 879
45 415 393
415 45 393
257 44 994
44 257 994
526 115 235
115 526 235
510 372 288
372 510 288
205 387 851
387 205 851
226 164 530
164 226 530
308 405 335
405 308 335
216 501 643
501 216 643
462 332 596
332 462 596
157 337 829
337 157 829
12 447 516
447 12 516
328 29 599
29 328 599
21 257 132
257 21 132
406 217 999
217 406 999
179 129 78
129 179 78
125 338 211
338 125 211
514 170 785
170 514 785
221 13 750
13 221 750
124 510 239
510 124 239
410 523 623
523 410 623
130 141 510
141 130 510
92 469 853
469 92 853
22 532 610
532 22 610
398 30 466
30 398 466
342 258 981
258 342 981
264 533 668
533 264 668
183 372 900
372 183 900
550 45 976
45 550 976
536 423 321
423 536 321
84 224 140
224 84 140
455 478 195
478 455 195
360 363 298
363 360 298
448 34 213
34 448 213
51 120 743
120 51 743
309 381 883
381 309 883
520 103 743
103 520 743
281 249 352
249 281 352
195 200 17
200 195 17
442 441 552
441 442 552
41 392 645
392 41 645
87 523 22
523 87 22
320 158 62
158 320 62
14 244 46
244 14 46
7 78 968
78 7 968
429 149 68
149 429 68
531 282 353
282 531 353
440 503 139
503 440 139
564 436 459
436 564 459
297 491 366
491 297 366
206 472 664
472 206 664
229 47 804
47 229 804
498 105 391
105 498 391
8 105 912
105 8 912
181 136 544
136 181 544
552 65 703
65 552 703
494 548 777
548 494 777
52 194 943
194 52 943
88 105 976
105 88 976
303 231 3
231 303 3
362 337 636
337 362 636
487 566 860
566 487 860
543 102 151
102 543 151
68 574 243
574 68 243
140 399 968
399 140 968
19 6 917
6 19 917
144 382 806
382 144 806
530 375 172
375 530 172
559 371 437
371 559 437
463 539 635
539 463 635
495 339 727
339 495 727
114 284 616
284 114 616
54 573 348
573 54 348
577 292 27
292 577 27
504 140 910
140 504 910
53 74 91
74 53 91
322 477 687
477 322 687
154 339 241
339 154 241
426 110 166
110 426 166
348 435 276
435 348 276
437 495 402
495 437 402
16 56 543
56 16 543
271 427 480
427 271 480
62 113 544
113 62 544
534 354 268
354 534 268
64 169 404
169 64 404
145 248 354
248 145 354
473 307 21
307 473 21
293 387 35
387 293 35
269 109 696
109 269 696
568 199 794
199 568 794
323 475 780
475 323 780
238 350 541
350 238 541
547 497 395
497 547 395
294 515 118
515 294 118
356 6 991
6 356 991
290 319 690
319 290 690
569 109 896
109 569 896
397 389 938
389 397 938
186 372 866
372 186 866
38 211 578
211 38 578
196 117 371
117 196 371
353 319 330
319 353 330
571 476 615
476 571 615
268 497 1
497 268 1
482 385 582
385 482 582
61 442 128
442 61 128
228 104 971
104 228 971
453 426 931
426 453 931
422 566 765
566 422 765
404 292 71
292 404 71
369 130 285
130 369 285
562 147 542
147 562 542
101 198 674
198 101 674
446 120 593
120 446 593
90 571 647
571 90 647
563 343 772
343 563 772
329 366 318
366 329 318
212 63 438
63 212 438
551 375 968
375 551 968
197 277 350
277 197 350
161 536 810
536 161 810
111 258 768
258 111 768
418 56 803
56 418 803
561 343 369
343 561 369
383 460 575
460 383 575
345 169 921
169 345 921
42 247 541
247 42 541
166 376 646
376 166 646
335 356 19
356 335 19
253 76 281
76 253 281
187 514 79
514 187 79
486 553 761
553 486 761
488 453 916
453 488 916
94 292 168
292 94 168
502 191 950
191 502 950
265 172 962
172 265 962
159 222 447
222 159 447
556 445 624
445 556 624
241 37 314
37 241 314
4 323 11
323 4 11
516 33 207
33 516 207
522 225 395
225 522 395
327 325 713
325 327 713
72 68 363
68 72 363
443 573 577
573 443 577
252 528 841
528 252 841
71 225 485
225 71 485
450 79 42
79 450 42
89 153 369
153 89 369
73 184 195
184 73 195
177 4 482
4 177 482
85 141 950
141 85 950
496 578 322
578 496 322
331 304 783
304 331 783
408 427 416
427 408 416
459 234 609
234 459 609
210 476 887
476 210 887
314 404 61
404 314 61
311 304 914
304 311 914
131 348 722
348 131 722
401 82 747
82 401 747
378 67 843
67 378 843
358 220 352
220 358 352
336 357 82
357 336 82
98 513 206
513 98 206
313 528 717
528 313 717
554 116 529
116 554 529
181 479 774
479 181 774
531 85 156
85 531 156
359 239 656
239 359 656
369 86 917
86 369 917
545 334 197
334 545 197
181 280 831
280 181 831
494 161 163
161 494 163
466 79 487
79 466 487
459 402 556
402 459 556
357 329 351
329 357 351
525 428 106
428 525 106
398 478 583
478 398 583
297 286 853
286 297 853
267 369 370
369 267 370
139 162 324
162 139 324
321 58 751
58 321 751
304 235 345
235 304 345
165 163 423
163 165 423
540 471 815
471 540 815
325 539 614
539 325 614
435 315 940
315 435 940
217 205 55
205 217 55
195 480 618
480 195 618
129 240 576
240 129 576
229 462 185
462 229 185
282 229 821
229 282 821
567 403 972
403 567 972
174 66 366
66 174 366
291 399 26
399 291 26
199 96 181
96 199 181
476 63 330
63 476 330
181 331 763
331 181 763
294 504 82
504 294 82
211 502 882
502 211 882
261 456 28
456 261 28
90 291 856
291 90 856
449 466 367
466 449 367
341 463 991
463 341 991
164 349 930
349 164 930
90 441 982
441 90 982
460 394 385
394 460 385
405 182 967
182 405 967
450 118 164
118 450 164
147 262 655
262 147 655
373 579 968
579 373 968
132 16 981
16 132 981
225 163 231
163 225 231
505 481 336
481 505 336
497 465 360
465 497 360
256 149 899
149 256 899
514 487 372
487 514 372
98 48 395
48 98 395
98 63 166
63 98 166
143 148 735
148 143 735
237 560 19
560 237 19
578 364 522
364 578 522
310 359 48
359 310 48
289 558 797
558 289 797
200 414 428
414 200 428
448 175 728
175 448 728
306 48 372
48 306 372
422 272 546
272 422 546
80 439 132
439 80 132
510 313 674
313 510 674
199 291 441
291 199 441
448 395 482
395 448 482
350 112 938
112 350 938
172 137 660
137 172 660
348 407 942
407 348 942
337 222 282
222 337 282
345 382 555
382 345 555
541 54 897
54 541 897
553 354 41
354 553 41
178 185 987
185 178 987
126 94 898
94 126 898
135 347 730
347 135 730
230 414 786
414 230 786
221 363 443
363 221 443
384 88 618
88 384 618
362 485 173
485 362 173
109 54 420
54 109 420
262 121 780
121 262 780
353 78 955
78 353 955
59 128 146
128 59 146
315 114 645
114 315 645
212 483 200
483 212 200
566 239 740
239 566 740
207 535 389
535 207 389
243 474 564
474 243 564
550 570 698
570 550 698
308 189 384
189 308 384
493 153 137
153 493 137
180 254 627
254 180 627
507 108 31
108 507 31
183 225 474
225 183 474
454 217 796
217 454 796
92 72 743
72 92 743
331 48 173
48 331 173
200 119 168
119 200 168
169 34 537
34 169 537
79 323 365
323 79 365
266 286 700
286 266 700
139 205 791
205 139 791
456 262 350
262 456 350
38 542 545
542 38 545
208 236 757
236 208 757
408 298 240
298 408 240
267 28 399
28 267 399
463 404 313
404 463 313
226 526 832
526 226 832
341 349 151
349 341 151
143 563 109
563 143 109
105 562 113
562 105 113
136 435 384
435 136 384
231 259 10
259 231 10
227 247 836
247 227 836
348 277 110
277 348 110
206 59 598
59 206 598
554 64 831
64 554 831
339 262 575
262 339 575
177 217 799
217 177 799
228 435 26
435 228 26
333 563 418
563 333 418
493 309 725
309 493 725
45 567 21
567 45 21
270 57 175
57 270 175
195 98 54
98 195 54
557 527 659
527 557 659
45 103 238
103 45 238
482 8 40
8 482 40
426 3 275
3 426 275
61 269 564
269 61 564
250 114 271
114 250 271
355 171 553
171 355 553
156 499 309
499 156 309
347 181 70
181 347 70
337 322 402
322 337 402
313 226 569
226 313 569
544 513 493
513 544 493
171 15 303
15 171 303
385 232 831
232 385 831
0 48 674
48 0 674
402 123 600
123 402 600
311 242 7
242 311 7
164 45 571
45 164 571
269 126 953
126 269 953
114 311 355
311 114 355
475 508 702
508 475 702
143 76 232
76 143 232
290 471 281
471 290 281
112 104 507
104 112 507
480 453 948
453 480 948
509 99 79
99 509 79
298 124 231
124 298 231
65 350 881
350 65 881
208 39 294
39 208 294
204 348 675
348 204 675
489 194 393
194 489 393
224 367 410
367 224 410
480 186 889
186 480 889
463 339 671
339 463 671
388 489 442
489 388 442
533 489 996
489 533 996
368 194 887
194 368 887
384 426 925
426 384 925
474 244 456
244 474 456
349 117 955
117 349 955
374 501 951
501 374 951
275 397 234
397 275 234
254 343 998
343 254 998
325 543 525
543 325 525
303 313 848
313 303 848
50 10 514
10 50 514
471 64 238
64 471 238
141 329 700
329 141 700
431 544 483
544 431 483
340 250 912
250 340 912
106 550 49
550 106 49
17 526 95
526 17 95
532 393 742
393 532 742
318 110 115
110 318 115
355 47 28
47 355 28
25 67 8
67 25 8
338 94 4
94 338 4
224 107 841
107 224 841
204 389 758
389 204 758
140 2 868
2 140 868
431 551 918
551 431 918
328 512 549
512 328 549
239 25 232
25 239 232
328 338 486
338 328 486
394 448 215
448 394 215
350 243 630
243 350 630
189 202 596
202 189 596
153 65 846
65 153 846
405 229 656
229 405 656
270 563 94
563 270 94
176 452 731
452 176 731
452 423 24
423 452 24
234 162 388
162 234 388
119 301 206
301 119 206
221 228 512
228 221 512
244 131 108
131 244 108
577 470 521
470 577 521
429 559 182
559 429 182
498 71 347
71 498 347
97 21 260
21 97 260
305 529 578
529 305 578
268 286 839
286 268 839
25 229 254
229 25 254
199 348 793
348 199 793
308 132 457
132 308 457
258 85 414
85 258 414
14 255 439
255 14 439
505 554 488
554 505 488
577 385 233
385 577 233
195 121 368
121 195 368
534 560 992
560 534 992
161 246 192
246 161 192
432 329 646
329 432 646
490 44 158
44 490 158
475 460 342
460 475 342
379 144 399
144 379 399
292 216 508
216 292 508
55 400 400
400 55 400
214 192 908
192 214 908
197 292 741
292 197 741
528 29 531
29 528 531
522 455 155
455 522 155
238 390 612
390 238 612
195 164 248
164 195 248
145 277 569
277 145 569
18 394 44
394 18 44
540 270 248
270 540 248
41 255 676
255 41 676
302 90 435
90 302 435
441 275 505
275 441 505
55 149 381
149 55 381
210 507 734
507 210 734
309 185 449
185 309 449
277 144 68
144 277 68
118 50 772
50 118 772
91 56 976
56 91 976
250 543 724
543 250 724
4 296 913
296 4 913
65 82 21
82 65 21
257 119 89
119 257 89
462 216 553
216 462 553
296 223 983
223 296 983
162 253 658
253 162 658
293 155 389
155 293 389
327 159 67
159 327 67
529 323 770
323 529 770
419 134 429
134 419 429
232 317 85
317 232 85
321 280 628
280 321 628
260 369 376
369 260 376
349 68 264
68 349 264
254 7 285
7 254 285
413 338 393
338 413 393
482 192 233
192 482 233
567 26 45
26 567 45
479 545 641
545 479 641
336 62 64
62 336 64
345 154 445
154 345 445
301 60 746
60 301 746
132 107 444
107 132 444
391 234 906
234 391 906
282 139 722
139 282 722
183 306 32
306 183 32
81 567 393
567 81 393
227 117 298
117 227 298
388 444 762
444 388 762
516 451 346
451 516 346
446 85 14
85 446 14
485 294 839
294 485 839
541 146 339
146 541 339
123 117 101
117 123 101
401 406 978
406 401 978
279 176 584
176 279 584
515 197 76
197 515 76
97 62 35
62 97 35
551 576 355
576 551 355
508 314 856
314 508 856
458 239 710
239 458 710
171 10 206
10 171 206
520 572 161
572 520 161
189 572 997
572 189 997
71 393 221
393 71 221
68 158 131
158 68 131
447 401 680
401 447 680
394 201 676
201 394 676
528 469 893
469 528 893
364 570 86
570 364 86
575 233 822
233 575 822
524 333 728
333 524 728
427 248 525
248 427 525
331 28 885
28 331 885
531 26 424
26 531 424
196 187 851
187 196 851
205 490 82
490 205 82
487 364 178
364 487 178
535 505 643
505 535 643
51 441 32
441 51 32
321 75 653
75 321 653
189 365 891
365 189 891
425 340 560
340 425 560
266 135 802
135 266 802
74 563 143
563 74 143
116 83 804
83 116 804
57 179 287
179 57 287
112 554 973
554 112 973
425 486 501
486 425 501
531 490 433
490 531 433
152 411 533
411 152 533
211 548 723
548 211 723
53 326 31
326 53 31
280 389 315
389 280 315
341 29 925
29 341 925
97 309 15
309 97 15
247 383 423
383 247 423
470 345 252
345 470 252
397 481 274
481 397 274
476 550 482
550 476 482
70 574 726
574 70 726
418 507 207
507 418 207
122 273 226
273 122 226
430 208 190
208 430 190
177 33 557
33 177 557
414 355 238
355 414 238
406 182 249
182 406 249
131 97 902
97 131 902
435 306 536
306 435 536
46 96 739
96 46 739
88 204 63
204 88 63
216 400 390
400 216 390
268 57 217
57 268 217
60 488 538
488 60 538
238 452 129
452 238 129
527 486 11
486 527 11
389 373 763
373 389 763
386 564 690
564 386 690
354 462 996
462 354 996
128 386 264
386 128 264
365 120 600
120 365 600
373 549 878
549 373 878
49 69 523
69 49 523
512 14 254
14 512 254
564 270 614
270 564 614
453 484 13
484 453 13
558 199 682
199 558 682
315 138 849
138 315 849
434 38 657
38 434 657
554 391 23
391 554 23
154 204 623
204 154 623
407 192 484
192 407 484
430 281 142
281 430 142
577 535 960
535 577 960
542 40 873
40 542 873
433 386 592
386 433 592
368 38 305
38 368 305
98 500 193
500 98 193
550 272 271
272 550 271
101 400 521
400 101 521
287 563 774
563 287 774
187 482 856
482 187 856
504 509 265
509 504 265
84 430 467
430 84 467
345 539 808
539 345 808
467 566 469
566 467 469
337 344 206
344 337 206
452 351 812
351 452 812
431 272 962
272 431 962
11 468 928
468 11 928
27 492 9
492 27 9
1 96 622
96 1 622
400 240 985
240 400 985
193 363 842
363 193 842
397 457 878
457 397 878
480 246 596
246 480 596
536 227 716
227 536 716
578 237 14
237 578 14
187 423 361
423 187 361
493 343 201
343 493 201
285 100 814
100 285 814
115 356 673
356 115 673
273 268 417
268 273 417
106 525 55
525 106 55
448 95 661
95 448 661
79 196 87
196 79 87
125 240 339
240 125 339
409 415 347
415 409 347
48 545 672
545 48 672
421 534 1000
534 421 1000
348 372 276
372 348 276
217 494 823
494 217 823
499 436 524
436 499 524
116 311 731
311 116 731
45 429 431
429 45 431
262 125 784
125 262 784
573 78 598
78 573 598
289 127 764
127 289 764
437 173 702
173 437 702
9 92 268
92 9 268
354 15 650
15 354 650
445 453 845
453 445 845
502 168 8
168 502 8
17 419 997
419 17 997
48 490 417
490 48 417
60 348 907
348 60 907
414 425 647
425 414 647
287 231 719
231 287 719
230 112 49
112 230 49
549 462 936
462 549 936
260 214 613
214 260 613
10 180 573
180 10 573
434 526 414
526 434 414
252 299 760
299 252 760
14 522 148
522 14 148
401 251 659
251 401 659
119 435 850
435 119 850
26 530 294
530 26 294
492 222 216
222 492 216
6 104 885
104 6 885
211 418 792
418 211 792
184 330 654
330 184 654
170 479 791
479 170 791
385 61 137
61 385 137
524 175 6
175 524 6
364 208 338
208 364 338
198 527 381
527 198 381
119 554 461
554 119 461
542 62 481
62 542 481
502 345 86
345 502 86
449 545 449
545 449 449
326 6 555
6 326 555
426 177 436
177 426 436
212 438 928
438 212 928
413 347 659
347 413 659
80 404 320
404 80 320
558 491 146
491 558 146
56 570 393
570 56 393
98 227 680
227 98 680
279 418 274
418 279 274
98 283 360
283 98 360
53 261 605
261 53 605
285 140 524
140 285 524
128 39 795
39 128 795
196 538 742
538 196 742
343 392 350
392 343 350
369 151 255
151 369 255
365 577 113
577 365 113
65 360 784
360 65 784
374 443 24
443 374 24
212 61 114
61 212 114
17 489 40
489 17 40
392 220 349
220 392 349
189 534 494
534 189 494
125 431 830
431 125 830
193 53 760
53 193 760
117 379 944
379 117 944
67 426 538
426 67 538
574 60 712
60 574 712
266 271 218
271 266 218
414 498 638
498 414 638
468 442 322
442 468 322
528 183 581
183 528 581
347 369 439
369 347 439
185 553 377
553 185 377
350 506 246
506 350 246
503 129 985
129 503 985
76 265 601
265 76 601
382 8 243
8 382 243
405 477 329
477 405 329
374 347 864
347 374 864
351 73 177
73 351 177
265 524 915
524 265 915
7 426 209
426 7 209
355 315 619
315 355 619
122 472 553
472 122 553
356 296 300
296 356 300
148 423 524
423 148 524
248 316 864
316 248 864
526 141 748
141 526 748
96 67 196
67 96 196
18 149 867
149 18 867
210 494 82
494 210 82
33 38 294
38 33 294
64 125 833
125 64 833
158 60 55
60 158 55
524 44 342
44 524 342
499 366 629
366 499 629
311 309 316
309 311 316
450 12 873
12 450 873
437 152 225
152 437 225
26 449 997
449 26 997
99 482 17
482 99 17
562 372 978
372 562 978
291 336 240
336 291 240
150 243 807
243 150 807
203 317 93
317 203 93
185 97 790
97 185 790
253 2 284
2 253 284
506 262 930
262 506 930
100 256 140
256 100 140
249 169 264
169 249 264
294 218 148
218 294 148
142 105 80
105 142 80
162 526 997
526 162 997
58 242 891
242 58 891
352 199 550
199 352 550
426 573 773
573 426 773
142 389 919
389 142 919
412 50 4
50 412 4
332 119 758
119 332 758
310 179 130
179 310 130
208 62 551
62 208 551
243 353 326
353 243 326
50 147 467
147 50 467
340 41 236
41 340 236
427 409 102
409 427 102
102 293 278
293 102 278
190 556 602
556 190 602
194 167 292
167 194 292
85 230 67
230 85 67
160 557 116
557 160 116
203 563 872
563 203 872
48 88 147
88 48 147
124 209 917
209 124 917
265 376 779
376 265 779
239 337 271
337 239 271
195 318 385
318 195 385
369 211 352
211 369 352
148 343 562
343 148 562
304 516 582
516 304 582
278 570 312
570 278 312
87 90 779
90 87 779
328 296 479
296 328 479
134 185 89
185 134 89
508 502 411
502 508 411
555 482 689
482 555 689
140 400 33
400 140 33
248 36 246
36 248 246
203 267 416
267 203 416
184 450 217
450 184 217
383 242 223
242 383 223
568 99 196
99 568 196
9 562 133
562 9 133
376 73 590
73 376 590
551 550 615
550 551 615
172 456 688
456 172 688
463 202 359
202 463 359
128 276 718
276 128 718
570 2 451
2 570 451
511 329 698
329 511 698
377 151 146
151 377 146
553 229 483
229 553 483
99 354 855
354 99 855
484 230 336
230 484 336
434 472 629
472 434 629
470 356 379
356 470 379
472 171 881
171 472 881
162 226 943
226 162 943
137 344 496
344 137 496
194 347 529
347 194 529
245 477 118
477 245 118
228 178 327
178 228 327
454 232 925
232 454 925
55 393 302
393 55 302
197 130 666
130 197 666
267 172 36
172 267 36
332 195 78
195 332 78
266 479 539
479 266 539
292 293 358
293 292 358
56 560 897
560 56 897
264 513 758
513 264 758
503 120 142
120 503 142
442 265 433
265 442 433
115 359 306
359 115 306
559 231 698
231 559 698
138 341 103
341 138 103
547 395 532
395 547 532
188 34 881
34 188 881
527 68 841
68 527 841
263 566 719
566 263 719
378 236 166
236 378 166
465 555 695
555 465 695
329 499 977
499 329 977
356 374 13
374 356 13
256 332 723
332 256 723
347 479 868
479 347 868
239 279 108
279 239 108
324 203 276
203 324 276
144 146 592
146 144 592
125 243 725
243 125 725
168 385 847
385 168 847
297 44 355
44 297 355
175 5 652
5 175 652
510 148 927
148 510 927
541 535 668
535 541 668
76 377 794
377 76 794
26 347 253
347 26 253
111 390 463
390 111 463
301 330 783
330 301 783
33 514 592
514 33 592
212 71 132
71 212 132
542 488 397
488 542 397
393 23 97
23 393 97
320 417 242
417 320 242
456 370 86
370 456 86
65 208 460
208 65 460
307 113 989
113 307 989
429 539 646
539 429 646
416 422 636
422 416 636
130 144 625
144 130 625
563 376 164
376 563 164
151 136 109
136 151 109
60 566 202
566 60 202
62 463 271
463 62 271
446 476 135
476 446 135
290 492 973
492 290 973
237 419 212
419 237 212
192 209 725
209 192 725
302 282 446
282 302 446
240 300 636
300 240 636
165 372 420
372 165 420
251 399 255
399 251 255
315 495 452
495 315 452
468 316 437
316 468 437
448 226 373
226 448 373
77 246 571
246 77 571
206 519 98
519 206 98
419 561 879
561 419 879
113 426 243
426 113 243
363 291 431
291 363 431
402 535 615
535 402 615
497 430 285
430 497 285
345 314 684
314 345 684
405 394 992
394 405 992
347 431 95
431 347 95
192 405 463
405 192 463
242 373 383
373 242 383
303 209 558
209 303 558
381 440 409
440 381 409
419 452 4
452 419 4
126 215 742
215 126 742
119 317 557
317 119 557
524 38 796
38 524 796
430 544 104
544 430 104
72 546 758
546 72 758
415 395 943
395 415 943
15 574 455
574 15 455
108 68 264
68 108 264
400 281 721
281 400 721
414 401 387
401 414 387
1 490 102
490 1 102
240 357 645
357 240 645
350 493 262
493 350 262
343 171 474
171 343 474
571 131 857
131 571 857
65 501 435
501 65 435
75 221 993
221 75 993
25 121 355
121 25 355
562 158 484
158 562 484
19 554 352
554 19 352
423 149 190
149 423 190
288 362 331
362 288 331
321 274 485
274 321 485
441 306 21
306 441 21
3 52 746
52 3 746
563 58 202
58 563 202
325 542 564
542 325 564
391 164 503
164 391 503
157 19 811
19 157 811
195 65 12
65 195 12
2 134 69
134 2 69
269 519 675
519 269 675
246 212 710
212 246 710
331 45 628
45 331 628
412 119 80
119 412 80
342 321 557
321 342 557
53 521 756
521 53 756
525 2 631
2 525 631
506 179 459
179 506 459
101 121 65
121 101 65
359 527 354
527 359 354
35 462 390
462 35 390
39 194 496
194 39 496
368 331 0
331 368 0
360 546 689
546 360 689
62 349 408
349 62 408
550 172 731
172 550 731
283 530 560
530 283 560
387 43 428
43 387 428
497 28 38
28 497 38
130 520 981
520 130 981
195 240 67
240 195 67
106 542 236
542 106 236
236 132 639
132 236 639
275 56 187
56 275 187
290 337 794
337 290 794
518 239 965
239 518 965
95 339 664
339 95 664
115 330 669
330 115 669
551 51 691
51 551 691
550 115 296
115 550 296
407 281 318
281 407 318
187 538 163
538 187 163
154 120 917
120 154 917
126 107 484
107 126 484
194 298 309
298 194 309
185 164 600
164 185 600
136 542 778
542 136 778
303 279 61
279 303 61
319 50 952
50 319 952
498 155 561
155 498 561
276 305 897
305 276 897
279 130 41
130 279 41
188 99 377
99 188 377
151 173 316
173 151 316
70 431 33
431 70 33
67 56 895
56 67 895
411 559 664
559 411 664
389 565 20
565 389 20
401 79 814
79 401 814
3 365 726
365 3 726
191 227 206
227 191 206
9 64 443
64 9 443
449 524 484
524 449 484
14 38 744
38 14 744
435 241 104
241 435 104
48 274 747
274 48 747
124 404 133
404 124 133
449 482 981
482 449 981
570 496 254
496 570 254
0 267 917
267 0 917
382 166 936
166 382 936
364 378 715
378 364 715
252 230 930
230 252 930
284 76 579
76 284 579
99 200 619
200 99 619
45 156 752
156 45 752
121 190 517
190 121 517
388 96 8
96 388 8
431 332 263
332 431 263
549 123 190
123 549 190
227 293 752
293 227 752
271 304 282
304 271 282
209 565 893
565 209 893
17 237 939
237 17 939
199 364 204
364 199 204
203 38 812
38 203 812
547 208 647
208 547 647
176 380 194
380 176 194
227 373 361
373 227 361
10 452 980
452 10 980
427 57 570
57 427 570
507 95 653
95 507 653
542 39 403
39 542 403
86 221 549
221 86 549
417 499 941
499 417 941
456 82 762
82 456 762
492 428 342
428 492 342
21 151 792
151 21 792
136 106 671
106 136 671
115 554 378
554 115 378
418 91 175
91 418 175
290 204 892
204 290 892
438 510 292
510 438 292
188 146 5
146 188 5
34 262 337
262 34 337
237 45 239
45 237 239
450 2 936
2 450 936
95 327 771
327 95 771
444 229 896
229 444 896
252 440 607
440 252 607
103 28 373
28 103 373
107 352 428
352 107 428
47 127 491
127 47 491
169 60 782
60 169 782
419 292 629
292 419 629
547 157 775
157 547 775
230 485 157
485 230 157
264 350 455
350 264 455
20 222 64
222 20 64
262 525 308
525 262 308
11 518 157
518 11 157
33 523 407
523 33 407
351 161 924
161 351 924
221 380 551
380 221 551
130 269 475
269 130 475
367 33 619
33 367 619
141 566 258
566 141 258
170 557 622
557 170 622
101 321 511
321 101 511
101 196 207
196 101 207
124 81 748
81 124 748
526 460 988
460 526 988
541 12 568
12 541 568
231 533 729
533 231 729
307 34 504
34 307 504
148 488 358
488 148 358
89 495 536
495 89 536
320 459 761
459 320 761
577 11 825
11 577 825
578 445 215
445 578 215
469 183 68
183 469 68
413 508 169
508 413 169
229 97 956
97 229 956
290 545 866
545 290 866
281 479 500
479 281 500
222 568 349
568 222 349
561 255 793
255 561 793
163 27 944
27 163 944
422 567 403
567 422 403
94 291 314
291 94 314
224 571 143
571 224 143
208 66 956
66 208 956
109 376 45
376 109 45
414 293 482
293 414 482
217 418 51
418 217 51
565 140 576
140 565 576
79 358 264
358 79 264
449 283 365
283 449 365
249 144 934
144 249 934
245 188 337
188 245 337
452 424 639
424 452 639
254 370 673
370 254 673
469 392 184
392 469 184
151 577 414
577 151 414
45 20 93
20 45 93
406 136 966
136 406 966
534 536 685
536 534 685
323 236 148
236 323 148
264 276 780
276 264 780
130 55 274
55 130 274
334 123 476
123 334 476
178 457 298
457 178 298
440 475 251
475 440 251
361 303 999
303 361 999
251 109 822
109 251 822
413 290 158
290 413 158
508 265 600
265 508 600
320 277 178
277 320 178
246 545 167
545 246 167
81 445 678
445 81 678
107 78 387
78 107 387
178 528 317
528 178 317
466 431 193
431 466 193
283 501 173
501 283 173
314 262 486
262 314 486
505 428 730
428 505 730
418 116 918
116 418 918
77 211 387
211 77 387
26 185 474
185 26 474
62 385 723
385 62 723
385 70 943
70 385 943
78 273 647
273 78 647
367 476 622
476 367 622
0 481 83
481 0 83
9 458 873
458 9 873
283 6 923
6 283 923
237 253 463
253 237 463
136 405 641
405 136 641
147 476 267
476 147 267
239 485 844
485 239 844
231 503 652
503 231 652
551 315 691
315 551 691
8 37 339
37 8 339
90 130 816
130 90 816
283 494 828
494 283 828
83 287 357
287 83 357
160 397 231
397 160 231
548 191 128
191 548 128
281 455 101
455 281 101
27 112 123
112 27 123
300 270 204
270 300 204
553 71 322
71 553 322
356 475 603
475 356 603
348 571 678
571 348 678
417 535 18
535 417 18
220 81 200
81 220 200
186 450 726
450 186 726
254 317 450
317 254 450
147 254 49
254 147 49
8 335 541
335 8 541
401 358 559
358 401 559
557 125 325
125 557 325
405 106 338
106 405 338
547 551 739
551 547 739
307 437 825
437 307 825
287 431 86
431 287 86
378 235 872
235 378 872
48 254 56
254 48 56
380 317 683
317 380 683
467 198 691
198 467 691
135 171 749
171 135 749
239 232 978
232 239 978
326 335 634
335 326 634
65 179 214
179 65 214
230 371 610
371 230 610
576 151 907
151 576 907
14 213 424
213 14 424
349 393 64
393 349 64
224 340 768
340 224 768
375 173 795
173 375 795
206 521 536
521 206 536
157 269 337
269 157 337
366 90 890
90 366 890
43 87 810
87 43 810
94 175 410
175 94 410
286 476 916
476 286 916
375 575 219
575 375 219
19 23 412
23 19 412
342 224 941
224 342 941
115 53 194
53 115 194
497 165 79
165 497 79
142 196 861
196 142 861
482 149 601
149 482 601
11 62 124
62 11 124
348 74 444
74 348 444
100 107 863
107 100 863
483 90 39
90 483 39
37 0 904
0 37 904
123 118 576
118 123 576
549 489 374
489 549 374
9 291 385
291 9 385
473 304 343
304 473 343
161 134 621
134 161 621
255 87 617
87 255 617
441 203 143
203 441 143
179 203 767
203 179 767
409 249 182
249 409 182
366 354 811
354 366 811
207 411 456
411 207 456
93 252 102
252 93 102
37 386 11
386 37 11
540 409 351
409 540 351
360 74 821
74 360 821
372 398 603
398 372 603
399 579 67
579 399 67
437 238 304
238 437 304
30 326 892
326 30 892
44 128 339
128 44 339
411 26 573
26 411 573
354 494 6
494 354 6
499 385 752
385 499 752
314 405 696
405 314 696
498 279 810
279 498 810
325 81 479
81 325 479
121 202 414
202 121 414
132 8 830
8 132 830
15 519 826
519 15 826
432 215 304
215 432 304
56 473 819
473 56 819
320 151 623
151 320 623
207 479 424
479 207 424
414 23 871
23 414 871
110 182 80
182 110 80
221 369 884
369 221 884
206 94 657
94 206 657
48 514 841
514 48 841
192 180 708
180 192 708
378 232 605
232 378 605
435 357 95
357 435 95
373 78 207
78 373 207
322 55 28
55 322 28
236 215 270
215 236 270
480 222 453
222 480 453
212 359 319
359 212 319
14 84 933
84 14 933
576 54 15
54 576 15
161 386 730
386 161 730
405 20 977
20 405 977
358 40 300
40 358 300
361 239 743
239 361 743
375 204 828
204 375 828
139 478 753
478 139 753
267 479 309
479 267 309
129 400 885
400 129 885
257 260 683
260 257 683
217 127 948
127 217 948
148 216 80
216 148 80
365 122 548
122 365 548
279 272 331
272 279 331
206 314 733
314 206 733
341 411 829
411 341 829
499 135 895
135 499 895
309 263 218
263 309 218
265 415 505
415 265 505
438 352 664
352 438 664
135 292 175
292 135 175
323 204 533
204 323 533
219 246 153
246 219 153
274 443 827
443 274 827
394 103 671
103 394 671
240 252 810
252 240 810
256 43 12
43 256 12
462 316 72
316 462 72
579 324 846
324 579 846
28 9 307
9 28 307
336 560 360
560 336 360
359 575 857
575 359 857
368 75 442
75 368 442
25 183 583
183 25 583
68 319 832
319 68 832
223 160 706
160 223 706
498 159 69
159 498 69
575 67 816
67 575 816
99 251 402
251 99 402
326 160 751
160 326 751
50 450 110
450 50 110
34 17 403
17 34 403
257 194 175
194 257 175
433 307 686
307 433 686
285 514 531
514 285 531
393 101 831
101 393 831
445 395 693
395 445 693
164 328 504
328 164 504
562 214 857
214 562 857
204 275 468
275 204 468
100 18 217
18 100 217
259 204 122
204 259 122
319 364 337
364 319 337
298 347 184
347 298 184
328 354 56
354 328 56
338 15 774
15 338 774
290 361 811
361 290 811
433 288 419
288 433 419
174 97 573
97 174 573
41 457 941
457 41 941
82 561 233
561 82 233
272 562 409
562 272 409
534 255 585
255 534 585
529 4 113
4 529 113
200 108 310
108 200 310
260 285 116
285 260 116
519 42 633
42 519 633
220 252 426
252 220 426
351 63 783
63 351 783
138 48 45
48 138 45
446 272 732
272 446 732
320 21 882
21 320 882
451 122 603
122 451 603
366 165 345
165 366 345
384 492 503
492 384 503
382 319 59
319 382 59
513 436 367
436 513 367
170 376 938
376 170 938
109 36 246
36 109 246
204 292 701
292 204 701
267 555 547
555 267 547
176 435 993
435 176 993
28 185 27
185 28 27
488 67 547
67 488 547
455 254 260
254 455 260
393 404 307
404 393 307
231 384 512
384 231 512
124 496 361
496 124 361
115 118 816
118 115 816
555 266 749
266 555 749
173 147 497
147 173 497
173 306 962
306 173 962
556 505 79
505 556 79
322 165 366
165 322 366
22 189 953
189 22 953
528 452 810
452 528 810
287 487 836
487 287 836
199 482 132
482 199 132
198 88 410
88 198 410
437 285 841
285 437 841
317 271 144
271 317 144
121 49 420
49 121 420
295 487 607
487 295 607
239 78 889
78 239 889
250 548 298
548 250 298
126 92 964
92 126 964
506 516 931
516 506 931
282 313 50
313 282 50
476 462 536
462 476 536
65 106 908
106 65 908
395 361 669
361 395 669
436 107 548
107 436 548
208 535 366
535 208 366
534 404 252
404 534 252
536 560 953
560 536 953
501 509 185
509 501 185
541 103 153
103 541 153
452 562 322
562 452 322
306 3 752
3 306 752
378 515 753
515 378 753
53 111 629
111 53 629
238 441 343
441 238 343
37 493 42
493 37 42
476 116 524
116 476 524
109 50 602
50 109 602
109 263 740
263 109 740
295 440 818
440 295 818
251 359 687
359 251 687
508 520 956
520 508 956
375 103 260
103 375 260
87 344 351
344 87 351
178 373 835
373 178 835
190 247 1000
247 190 1000
489 557 206
557 489 206
352 250 988
250 352 988
556 469 410
469 556 410
541 443 875
443 541 875
139 158 24
158 139 24
455 332 94
332 455 94
304 24 672
24 304 672
459 474 986
474 459 986
18 247 248
247 18 248
98 357 782
357 98 782
576 84 325
84 576 325
441 96 66
96 441 66
88 427 647
427 88 647
350 390 164
390 350 164
206 213 161
213 206 161
525 333 585
333 525 585
420 544 378
544 420 378
483 255 885
255 483 885
256 356 261
356 256 261
317 313 809
313 317 809
152 265 321
265 152 321
290 268 847
268 290 847
24 374 133
374 24 133
390 39 100
39 390 100
287 77 42
77 287 42
131 99 604
99 131 604
455 229 666
229 455 666
440 172 14
172 440 14
418 285 720
285 418 720
161 296 129
296 161 129
46 331 300
331 46 300
261 161 775
161 261 775
24 494 584
494 24 584
306 363 270
363 306 270
210 284 755
284 210 755
244 158 587
158 244 587
129 101 273
101 129 273
206 7 105
7 206 105
471 300 704
300 471 704
365 448 886
448 365 886
509 258 828
258 509 828
302 579 852
579 302 852
384 210 201
210 384 201
143 344 18
344 143 18
240 362 112
362 240 112
563 150 511
150 563 511
553 421 877
421 553 877
446 430 803
430 446 803
567 393 967
393 567 967
261 7 929
7 261 929
53 284 338
284 53 338
419 173 109
173 419 109
509 349 394
349 509 394
181 456 833
456 181 833
40 412 639
412 40 639
396 29 564
29 396 564
498 140 265
140 498 265
504 0 85
0 504 85
237 496 53
496 237 53
176 232 989
232 176 989
175 232 58
232 175 58
343 509 178
509 343 178
170 504 45
504 170 45
4 571 310
571 4 310
285 417 776
417 285 776
301 168 837
168 301 837
40 150 827
150 40 827
531 468 367
468 531 367
173 567 502
567 173 502
431 14 161
14 431 161
374 153 989
153 374 989
36 91 895
91 36 895
214 433 455
433 214 455
267 460 332
460 267 332
307 464 470
464 307 470
33 377 713
377 33 713
523 68 105
68 523 105
80 378 57
378 80 57
567 384 140
384 567 140
70 330 263
330 70 263
410 561 676
561 410 676
170 279 341
279 170 341
437 275 271
275 437 271
103 548 48
548 103 48
551 465 452
465 551 452
111 344 694
344 111 694
338 285 43
285 338 43
418 312 732
312 418 732
91 401 249
401 91 249
34 556 995
556 34 995
425 517 817
517 425 817
505 323 553
323 505 553
238 84 184
84 238 184
7 456 176
456 7 176
359 27 976
27 359 976
506 509 641
509 506 641
421 339 400
339 421 400
143 44 878
44 143 878
9 162 997
162 9 997
372 336 168
336 372 168
235 243 813
243 235 813
488 361 968
361 488 968
479 529 142
529 479 142
273 71 191
71 273 191
510 325 19
325 510 19
387 546 352
546 387 352
336 1 242
1 336 242
330 65 793
65 330 793
65 521 88
521 65 88
245 392 66
392 245 66
226 292 369
292 226 369
222 517 217
517 222 217
418 11 614
11 418 614
79 268 802
268 79 802
289 285 595
285 289 595
131 291 631
291 131 631
108 315 261
315 108 261
144 456 457
456 144 457
11 172 428
172 11 428
27 508 324
508 27 324
517 116 876
116 517 876
115 93 458
93 115 458
449 152 815
152 449 815
388 492 890
492 388 890
478 560 423
560 478 423
31 204 161
204 31 161
52 398 674
398 52 674
30 431 374
431 30 374
162 282 451
282 162 451
205 0 861
0 205 861
539 57 296
57 539 296
204 550 3
550 204 3
339 476 629
476 339 629
62 238 614
238 62 614
92 6 951
6 92 951
45 240 180
240 45 180
400 380 124
380 400 124
571 440 162
440 571 162
148 169 735
169 148 735
304 129 18
129 304 18
552 158 491
158 552 491
572 228 773
228 572 773
413 317 581
317 413 581
202 269 712
269 202 712
123 142 211
142 123 211
388 419 883
419 388 883
441 550 982
550 441 982
106 258 225
258 106 225
174 391 880
391 174 880
554 331 204
331 554 204
304 148 578
148 304 578
426 27 914
27 426 914
530 79 31
79 530 31
386 410 353
410 386 353
240 234 297
234 240 297
569 263 406
263 569 406
505 362 827
362 505 827
248 29 508
29 248 508
8 538 754
538 8 754
226 312 539
312 226 539
233 92 106
92 233 106
155 417 166
417 155 166
273 549 314
549 273 314
249 149 355
149 249 355
549 499 61
499 549 61
384 573 957
573 384 957
222 441 290
441 222 290
127 415 285
415 127 285
382 436 423
436 382 423
263 103 730
103 263 730
401 561 640
561 401 640
263 436 983
436 263 983
408 210 828
210 408 828
83 34 349
34 83 349
130 271 813
271 130 813
277 339 122
339 277 122
92 221 972
221 92 972
201 33 891
33 201 891
443 117 909
117 443 909
517 17 9
17 517 9
573 113 843
113 573 843
156 260 381
260 156 381
103 90 606
90 103 606
10 241 966
241 10 966
15 384 632
384 15 632
331 165 216
165 331 216
300 408 412
408 300 412
347 243 898
243 347 898
201 164 652
164 201 652
316 119 901
119 316 901
216 227 421
227 216 421
119 275 92
275 119 92
452 123 279
123 452 279
193 381 220
381 193 220
343 360 203
360 343 203
134 213 983
213 134 983
161 375 428
375 161 428
511 453 104
453 511 104
457 175 257
175 457 257
453 25 510
25 453 510
377 313 52
313 377 52
313 436 271
436 313 271
536 424 800
424 536 800
538 9 335
9 538 335
372 524 636
524 372 636
194 341 246
341 194 246
218 191 99
191 218 99
185 426 152
426 185 152
207 112 133
112 207 133
465 48 40
48 465 40
483 19 488
19 483 488
71 85 240
85 71 240
130 306 222
306 130 222
508 175 178
175 508 178
506 3 459
3 506 459
564 248 964
248 564 964
504 456 804
456 504 804
154 403 824
403 154 824
206 499 617
499 206 617
20 199 440
199 20 440
456 148 171
148 456 171
519 516 501
516 519 501
254 500 623
500 254 623
128 313 283
313 128 283
151 298 456
298 151 456
503 172 230
172 503 230
484 141 25
141 484 25
232 570 436
570 232 436
578 450 809
450 578 809
541 135 54
135 541 54
526 432 463
432 526 463
542 307 922
307 542 922
459 338 108
338 459 108
514 421 814
421 514 814
67 192 45
192 67 45
540 40 669
40 540 669
139 575 897
575 139 897
383 341 854
341 383 854
4 570 217
570 4 217
216 324 103
324 216 103
436 355 124
355 436 124
56 331 244
331 56 244
548 16 940
16 548 940
263 80 209
80 263 209
211 161 542
161 211 542
145 168 892
168 145 892
169 250 707
250 169 707
494 295 252
295 494 252
169 139 159
139 169 159
455 269 430
269 455 430
351 55 562
55 351 562
460 85 714
85 460 714
148 479 717
479 148 717
238 565 49
565 238 49
284 113 596
113 284 596
426 181 610
181 426 610
514 175 791
175 514 791
486 548 862
548 486 862
66 46 881
46 66 881
94 38 243
38 94 243
109 43 245
43 109 245
404 455 278
455 404 278
233 433 330
433 233 330
301 203 310
203 301 310
46 376 104
376 46 104
373 205 965
205 373 965
488 149 323
149 488 323
377 179 812
179 377 812
543 30 281
30 543 281
111 156 401
156 111 401
295 504 450
504 295 450
508 333 654
333 508 654
244 418 830
418 244 830
136 513 8
513 136 8
148 363 203
363 148 203
578 361 805
361 578 805
451 328 435
328 451 435
466 398 823
398 466 823
35 17 273
17 35 273
114 575 929
575 114 929
527 259 154
259 527 154
311 553 168
553 311 168
175 92 143
92 175 143
268 474 956
474 268 956
64 32 653
32 64 653
168 189 150
189 168 150
467 32 137
32 467 137
63 260 452
260 63 452
354 430 745
430 354 745
383 150 390
150 383 390
140 359 171
359 140 171
104 161 409
161 104 409
316 99 884
99 316 884
425 307 975
307 425 975
362 453 237
453 362 237
116 305 60
305 116 60
84 564 981
564 84 981
473 108 854
108 473 854
272 254 880
254 272 880
522 90 96
90 522 96
418 458 643
458 418 643
311 80 329
80 311 329
447 548 755
548 447 755
44 285 980
285 44 980
412 527 908
527 412 908
11 436 470
436 11 470
321 322 362
322 321 362
33 360 925
360 33 925
468 538 730
538 468 730
345 523 872
523 345 872
379 183 767
183 379 767
242 432 619
432 242 619
187 211 55
211 187 55
171 132 586
132 171 586
387 566 465
566 387 465
481 412 537
412 481 537
372 152 133
152 372 133
512 195 549
195 512 549
91 508 157
508 91 157
574 275 424
275 574 424
458 556 257
556 458 257
478 316 260
316 478 260
61 213 532
213 61 532
198 514 677
514 198 677
15 514 470
514 15 470
438 9 739
9 438 739
8 118 391
118 8 391
11 205 888
205 11 888
401 86 352
86 401 352
92 412 289
412 92 289
385 201 997
201 385 997
87 252 941
252 87 941
158 409 573
409 158 573
163 50 455
50 163 455
61 205 139
205 61 139
331 241 34
241 331 34
18 121 569
121 18 569
276 513 56
513 276 56
562 138 711
138 562 711
170 343 134
343 170 134
460 165 639
165 460 639
432 31 458
31 432 458
173 310 43
310 173 43
342 448 563
448 342 563
330 333 692
333 330 692
452 138 429
138 452 429
548 189 787
189 548 787
261 186 362
186 261 362
98 479 741
479 98 741
99 528 220
528 99 220
243 363 895
363 243 895
557 412 337
412 557 337
376 571 732
571 376 732
553 460 800
460 553 800
568 32 210
32 568 210
375 379 889
379 375 889
100 297 237
297 100 237
67 529 237
529 67 237
386 407 432
407 386 432
260 477 629
477 260 629
546 469 671
469 546 671
163 134 305
134 163 305
534 338 115
338 534 115
40 26 681
26 40 681
552 47 229
47 552 229
163 424 366
424 163 366
303 403 317
403 303 317
484 518 790
518 484 790
310 279 878
279 310 878
360 393 507
393 360 507
105 473 841
473 105 841
314 257 531
257 314 531
114 379 158
379 114 158
223 561 465
561 223 465
438 462 641
462 438 641
301 115 82
115 301 82
109 8 634
8 109 634
165 293 693
293 165 693
125 211 161
211 125 161
33 474 551
474 33 551
173 448 951
448 173 951
431 323 70
323 431 70
495 474 738
474 495 738
19 331 375
331 19 375
426 184 667
184 426 667
469 296 770
296 469 770
179 487 360
487 179 360
41 208 796
208 41 796
437 27 65
27 437 65
566 98 214
98 566 214
79 383 292
383 79 292
389 239 747
239 389 747
223 311 598
311 223 598
159 8 825
8 159 825
408 16 284
16 408 284
355 143 845
143 355 845
360 478 309
478 360 309
51 214 718
214 51 718
164 82 254
82 164 254
410 99 47
99 410 47
557 559 611
559 557 611
549 107 273
107 549 273
344 468 485
468 344 485
214 512 19
512 214 19
176 477 448
477 176 448
262 458 244
458 262 244
413 241 673
241 413 673
344 415 820
415 344 820
531 473 339
473 531 339
278 334 63
334 278 63
135 83 652
83 135 652
169 261 786
261 169 786
567 104 506
104 567 506
209 9 568
9 209 568
517 428 379
428 517 379
285 161 867
161 285 867
393 488 694
488 393 694
503 401 527
401 503 527
46 418 253
418 46 253
120 11 362
11 120 362
512 424 292
424 512 292
12 410 520
410 12 520
5 335 156
335 5 156
15 382 980
382 15 980
225 244 839
244 225 839
127 420 418
420 127 418
311 282 579
282 311 579
81 141 241
141 81 241
352 299 959
299 352 959
164 541 239
541 164 239
528 289 645
289 528 645
99 170 262
170 99 262
140 70 998
70 140 998
126 410 239
410 126 239
513 142 923
142 513 923
15 79 557
79 15 557
13 245 370
245 13 370
136 392 55
392 136 55
198 205 298
205 198 298
457 324 888
324 457 888
151 48 501
48 151 501
286 50 209
50 286 209
454 130 355
130 454 355
488 439 165
439 488 165
523 36 860
36 523 860
496 472 293
472 496 293
186 35 59
35 186 59
507 303 606
303 507 606
98 248 985
248 98 985
19 268 104
268 19 104
41 18 359
18 41 359
425 509 735
509 425 735
578 130 770
130 578 770
126 545 398
545 126 398
124 388 244
388 124 244
180 388 957
388 180 957
557 57 724
57 557 724
311 481 727
481 311 727
409 119 70
119 409 70
236 119 187
119 236 187
165 135 345
135 165 345
305 198 927
198 305 927
515 450 633
450 515 633
82 156 156
156 82 156
574 315 472
315 574 472
328 192 307
192 328 307
484 178 437
178 484 437
381 297 693
297 381 693
48 543 142
543 48 142
226 4 644
4 226 644
478 340 124
340 478 124
34 208 712
208 34 712
507 537 680
537 507 680
134 490 729
490 134 729
484 457 629
457 484 629
135 0 715
0 135 715
309 73 895
73 309 895
171 1 465
1 171 465
504 465 77
465 504 77
105 119 937
119 105 937
2 445 380
445 2 380
151 434 711
434 151 711
324 104 347
104 324 347
44 117 168
117 44 168
308 529 750
529 308 750
84 89 916
89 84 916
208 8 487
8 208 487
265 158 13
158 265 13
152 321 84
321 152 84
68 534 724
534 68 724
151 306 539
306 151 539
70 302 943
302 70 943
267 518 419
518 267 419
251 53 588
53 251 588
43 113 5
113 43 5
187 95 586
95 187 586
458 333 609
333 458 609
239 362 182
362 239 182
206 403 11
403 206 11
268 49 952
49 268 952
453 559 901
559 453 901
62 57 274
57 62 274
229 275 629
275 229 629
72 518 778
518 72 778
497 17 458
17 497 458
62 426 273
426 62 273
130 112 781
112 130 781
82 95 750
95 82 750
528 338 497
338 528 497
193 321 547
321 193 547
204 103 899
103 204 899
467 56 804
56 467 804
173 488 549
488 173 549
58 51 891
51 58 891
77 351 392
351 77 392
458 198 631
198 458 631
387 407 152
407 387 152
216 502 501
502 216 501
515 567 432
567 515 432
507 138 919
138 507 919
10 445 837
445 10 837
216 209 7
209 216 7
493 552 375
552 493 375
20 544 324
544 20 324
464 557 881
557 464 881
179 134 600
134 179 600
92 74 957
74 92 957
125 277 118
277 125 118
352 119 650
119 352 650
23 168 219
168 23 219
283 231 209
231 283 209
499 193 589
193 499 589
455 537 300
537 455 300
182 505 664
505 182 664
197 238 7
238 197 7
519 534 656
534 519 656
295 310 315
310 295 315
41 492 202
492 41 202
446 327 143
327 446 143
109 298 139
298 109 139
11 364 413
364 11 413
506 102 461
102 506 461
437 12 181
12 437 181
229 549 270
549 229 270
125 51 502
51 125 502
540 521 914
521 540 914
568 475 640
475 568 640
420 364 506
364 420 506
156 520 924
520 156 924
512 346 851
346 512 851
94 121 665
121 94 665
506 448 864
448 506 864
509 8 114
8 509 114
28 7 996
7 28 996
462 252 33
252 462 33
225 516 359
516 225 359
258 316 792
316 258 792
321 559 967
559 321 967
571 92 225
92 571 225
44 298 527
298 44 527
265 556 896
556 265 896
458 524 517
524 458 517
45 13 562
13 45 562
69 456 326
456 69 326
192 211 462
211 192 462
560 228 602
228 560 602
344 526 256
526 344 256
437 81 628
81 437 628
486 576 300
576 486 300
361 32 947
32 361 947
393 269 757
269 393 757
373 374 784
374 373 784
142 128 192
128 142 192
537 560 64
560 537 64
343 467 779
467 343 779
276 493 854
493 276 854
350 149 497
149 350 497
430 428 928
428 430 928
203 469 223
469 203 223
202 483 357
483 202 357
246 440 297
440 246 297
317 323 385
323 317 385
354 288 692
288 354 692
311 382 543
382 311 543
302 207 402
207 302 402
387 139 547
139 387 547
477 577 624
577 477 624
343 345 358
345 343 358
136 488 152
488 136 152
162 454 157
454 162 157
346 566 45
566 346 45
50 268 946
268 50 946
445 325 572
325 445 572
572 77 715
77 572 715
353 559 25
559 353 25
312 327 823
327 312 823
308 96 422
96 308 422
92 85 572
85 92 572
374 384 1000
384 374 1000
449 405 425
405 449 425
187 370 664
370 187 664
20 238 472
238 20 472
237 441 533
441 237 533
4 530 807
530 4 807
47 341 855
341 47 855
431 109 776
109 431 776
153 52 154
52 153 154
187 421 52
421 187 52
198 297 185
297 198 185
238 430 651
430 238 651
422 278 163
278 422 163
491 505 951
505 491 951
38 485 471
485 38 471
538 244 826
244 538 826
563 478 769
478 563 769
286 398 358
398 286 358
106 78 856
78 106 856
308 534 736
534 308 736
562 26 990
26 562 990
19 218 31
218 19 31
509 556 490
556 509 490
139 401 736
401 139 736
46 452 628
452 46 628
382 243 930
243 382 930
355 471 678
471 355 678
58 109 842
109 58 842
322 255 388
255 322 388
405 159 839
159 405 839
63 274 945
274 63 945
275 7 209
7 275 209
552 21 579
21 552 579
545 183 438
183 545 438
322 403 163
403 322 163
426 211 795
211 426 795
55 188 507
188 55 507
431 499 106
499 431 106
149 212 216
212 149 216
289 555 868
555 289 868
342 409 541
409 342 541
96 485 386
485 96 386
379 139 431
139 379 431
286 562 778
562 286 778
112 552 61
552 112 61
15 254 203
254 15 203
561 384 106
384 561 106
378 231 633
231 378 633
428 104 965
104 428 965
220 5 959
5 220 959
552 561 934
561 552 934
477 155 673
155 477 673
319 98 626
98 319 626
576 178 284
178 576 284
249 294 170
294 249 170
215 204 244
204 215 244
573 250 485
250 573 485
35 451 603
451 35 603
58 235 288
235 58 288
341 214 438
214 341 438
86 517 216
517 86 216
298 365 681
365 298 681
165 150 590
150 165 590
440 267 447
267 440 447
114 119 280
119 114 280
168 190 503
190 168 503
398 542 628
542 398 628
352 95 868
95 352 868
524 559 450
559 524 450
461 429 515
429 461 515
151 222 251
222 151 251
243 169 852
169 243 852
545 482 283
482 545 283
164 138 709
138 164 709
119 374 958
374 119 958
409 545 18
545 409 18
384 420 90
420 384 90
413 316 612
316 413 612
77 502 400
502 77 400
423 204 823
204 423 823
501 309 462
309 501 462
494 413 896
413 494 896
346 38 561
38 346 561
58 470 826
470 58 826
509 100 74
100 509 74
116 84 927
84 116 927
218 31 136
31 218 136
302 374 944
374 302 944
296 240 258
240 296 258
135 126 835
126 135 835
558 72 511
72 558 511
532 270 85
270 532 85
289 393 837
393 289 837
268 74 227
74 268 227
519 2 508
2 519 508
294 452 885
452 294 885
457 130 557
130 457 557
239 431 419
431 239 419
251 519 713
519 251 713
148 59 736
59 148 736
253 72 203
72 253 203
105 489 231
489 105 231
397 24 793
24 397 793
157 543 43
543 157 43
4 380 206
380 4 206
141 149 29
149 141 29
537 269 780
269 537 780
439 210 804
210 439 804
6 284 586
284 6 586
159 110 230
110 159 230
352 577 118
577 352 118
276 14 297
14 276 297
43 219 7
219 43 7
199 417 681
417 199 681
99 419 608
419 99 608
578 144 905
144 578 905
214 560 87
560 214 87
299 351 318
351 299 318
438 198 841
198 438 841
449 255 827
255 449 827
570 425 341
425 570 341
487 132 544
132 487 544
145 476 296
476 145 296
307 280 364
280 307 364
102 178 174
178 102 174
125 444 404
444 125 404
539 202 274
202 539 274
327 390 865
390 327 865
46 278 610
278 46 610
464 261 838
261 464 838
566 306 19
306 566 19
371 110 767
110 371 767
206 560 853
560 206 853
255 579 304
579 255 304
185 38 713
38 185 713
217 562 487
562 217 487
50 492 270
492 50 270
86 392 590
392 86 590
434 98 261
98 434 261
36 284 340
284 36 340
561 233 280
233 561 280
305 62 114
62 305 114
365 406 201
406 365 201
160 493 280
493 160 280
382 418 453
418 382 453
195 226 215
226 195 215
516 320 869
320 516 869
521 0 754
0 521 754
458 322 317
322 458 317
384 541 32
541 384 32
334 25 956
25 334 956
331 124 665
124 331 665
380 196 97
196 380 97
99 16 302
16 99 302
294 19 902
19 294 902
451 155 555
155 451 555
73 114 379
114 73 379
54 251 680
251 54 680
241 256 651
256 241 651
420 440 580
440 420 580
505 122 987
122 505 987
106 570 290
570 106 290
254 113 344
113 254 344
21 128 145
128 21 145
326 181 131
181 326 131
12 120 236
120 12 236
538 388 472
388 538 472
229 91 700
91 229 700
215 116 611
116 215 611
249 434 37
434 249 37
461 418 299
418 461 299
209 465 83
465 209 83
494 91 975
91 494 975
187 64 765
64 187 765
380 220 313
220 380 313
353 515 3
515 353 3
134 396 371
396 134 371
556 115 381
115 556 381
175 548 317
548 175 317
467 101 777
101 467 777
299 267 262
267 299 262
484 174 275
174 484 275
133 70 0
70 133 0
180 169 910
169 180 910
131 394 552
394 131 552
251 546 943
546 251 943
237 379 598
379 237 598
64 538 671
538 64 671
356 471 882
471 356 882
331 280 694
280 331 694
315 367 819
367 315 819
296 50 157
50 296 157
479 324 528
324 479 528
53 370 457
370 53 457
506 165 351
165 506 351
31 79 472
79 31 472
322 149 524
149 322 524
288 183 398
183 288 398
447 167 356
167 447 356
284 362 694
362 284 694
180 536 385
536 180 385
531 205 745
205 531 745
503 211 261
211 503 261
161 24 673
24 161 673
437 214 422
214 437 422
147 260 15
260 147 15
222 523 70
523 222 70
95 423 340
423 95 340
541 46 867
46 541 867
230 452 388
452 230 388
526 372 769
372 526 769
276 74 168
74 276 168
87 343 321
343 87 321
297 94 754
94 297 754
558 508 752
508 558 752
194 206 634
206 194 634
227 162 805
162 227 805
218 94 254
94 218 254
186 509 787
509 186 787
308 286 786
286 308 786
279 457 504
457 279 504
575 289 150
289 575 150
162 351 283
351 162 283
251 137 165
137 251 165
40 509 699
509 40 699
38 288 883
288 38 883
500 49 865
49 500 865
101 376 557
376 101 557
473 274 178
274 473 178
172 530 507
530 172 507
134 429 559
429 134 559
343 283 962
283 343 962
106 244 528
244 106 528
362 12 636
12 362 636
81 545 88
545 81 88
508 273 659
273 508 659
256 547 546
547 256 546
220 44 470
44 220 470
127 383 764
383 127 764
348 224 26
224 348 26
465 501 201
501 465 201
95 109 357
109 95 357
348 240 981
240 348 981
215 98 343
98 215 343
300 231 309
231 300 309
45 438 706
438 45 706
293 277 603
277 293 603
102 550 96
550 102 96
244 1 157
1 244 157
486 98 375
98 486 375
76 578 81
578 76 81
131 452 674
452 131 674
284 22 393
22 284 393
219 178 488
178 219 488
44 193 279
193 44 279
372 157 807
157 372 807
318 83 84
83 318 84
217 371 320
371 217 320
270 539 901
539 270 901
283 567 904
567 283 904
576 90 818
90 576 818
300 496 219
496 300 219
31 48 631
48 31 631
429 305 836
305 429 836
56 449 270
449 56 270
557 528 695
528 557 695
215 319 651
319 215 651
455 372 907
372 455 907
376 352 813
352 376 813
410 208 322
208 410 322
438 180 236
180 438 236
166 97 495
97 166 495
471 82 455
82 471 455
195 241 150
241 195 150
38 57 87
57 38 87
465 552 651
552 465 651
21 71 997
71 21 997
528 459 229
459 528 229
163 96 281
96 163 281
261 347 224
347 261 224
171 12 884
12 171 884
353 160 975
160 353 975
477 24 758
24 477 758
76 508 600
508 76 600
223 280 598
280 223 598
524 66 664
66 524 664
243 55 253
55 243 253
349 458 344
458 349 344
526 42 933
42 526 933
205 389 378
389 205 378
472 141 659
141 472 659
57 490 523
490 57 523
537 539 76
539 537 76
135 173 304
173 135 304
259 411 110
411 259 110
388 190 291
190 388 291
381 229 672
229 381 672
22 444 665
444 22 665
374 346 125
346 374 125
328 262 509
262 328 509
90 229 899
229 90 899
241 561 930
561 241 930
110 394 731
394 110 731
0 352 492
352 0 492
349 31 901
31 349 901
579 211 87
211 579 87
571 161 261
161 571 261
97 263 339
263 97 339
92 139 755
139 92 755
230 223 750
223 230 750
170 85 949
85 170 949
46 328 622
328 46 622
277 547 721
547 277 721
284 483 887
483 284 887
352 238 736
238 352 736
251 490 676
490 251 676
164 296 256
296 164 256
106 367 643
367 106 643
212 576 951
576 212 951
403 571 302
571 403 302
84 173 822
173 84 822
362 322 634
322 362 634
179 390 208
390 179 208
223 272 374
272 223 374
333 284 805
284 333 805
458 86 570
86 458 570
360 205 553
205 360 553
192 390 132
390 192 132
319 246 132
246 319 132
44 372 955
372 44 955
24 224 669
224 24 669
512 253 112
253 512 112
15 214 121
214 15 121
118 305 881
305 118 881
298 282 451
282 298 451
3 403 621
403 3 621
453 378 12
378 453 12
36 574 8
574 36 8
309 567 892
567 309 892
219 355 933
355 219 933
422 363 924
363 422 924
141 384 170
384 141 170
367 73 148
73 367 148
54 56 10
56 54 10
86 434 222
434 86 222
139 263 264
263 139 264
440 62 923
62 440 923
288 417 905
417 288 905
459 51 921
51 459 921
181 283 991
283 181 991
87 413 609
413 87 609
327 125 108
125 327 108
179 230 205
230 179 205
555 47 833
47 555 833
358 373 901
373 358 901
150 186 695
186 150 695
337 96 734
96 337 734
526 507 205
507 526 205
105 215 446
215 105 446
302 49 887
49 302 887
568 84 893
84 568 893
370 423 398
423 370 398
412 326 593
326 412 593
479 304 17
304 479 17
337 468 43
468 337 43
277 47 542
47 277 542
19 448 1000
448 19 1000
312 368 62
368 312 62
507 353 392
353 507 392
494 6 583
6 494 583
554 254 651
254 554 651
468 441 175
441 468 175
85 241 414
241 85 414
566 565 670
565 566 670
449 471 445
471 449 445
218 455 632
455 218 632
525 290 209
290 525 209
418 121 810
121 418 810
312 63 771
63 312 771
446 284 99
284 446 99
526 247 749
247 526 749
338 392 740
392 338 740
338 296 320
296 338 320
75 44 104
44 75 104
353 406 112
406 353 112
12 93 642
93 12 642
413 109 342
109 413 342
572 387 150
387 572 150
425 192 86
192 425 86
5 521 821
521 5 821
421 481 903
481 421 903
278 462 598
462 278 598
386 396 623
396 386 623
384 171 922
171 384 922
189 429 641
429 189 641
224 170 953
170 224 953
48 354 48
354 48 48
104 280 370
280 104 370
466 107 971
107 466 971
297 421 157
421 297 157
64 272 233
272 64 233
466 99 108
99 466 108
456 269 479
269 456 479
298 514 813
514 298 813
47 327 189
327 47 189
99 13 128
13 99 128
476 81 87
81 476 87
327 484 877
484 327 877
161 333 720
333 161 720
114 12 901
12 114 901
395 388 280
388 395 280
142 215 178
215 142 178
116 458 100
458 116 100
474 113 409
113 474 409
275 68 748
68 275 748
203 337 951
337 203 951
311 374 169
374 311 169
552 409 595
409 552 595
232 366 36
366 232 36
162 151 712
151 162 712
65 87 292
87 65 292
313 471 718
471 313 718
579 115 672
115 579 672
419 535 167
535 419 167
307 281 454
281 307 454
244 51 686
51 244 686
114 357 36
357 114 36
68 51 230
51 68 230
354 251 605
251 354 605
322 7 88
7 322 88
190 12 843
12 190 843
4 240 508
240 4 508
114 564 320
564 114 320
155 201 117
201 155 117
77 32 704
32 77 704
130 195 69
195 130 69
68 321 947
321 68 947
516 110 145
110 516 145
216 401 699
401 216 699
372 333 953
333 372 953
286 120 249
120 286 249
348 230 173
230 348 173
508 392 163
392 508 163
8 508 974
508 8 974
278 175 795
175 278 795
538 524 306
524 538 306
317 421 939
421 317 939
147 119 402
119 147 402
495 210 20
210 495 20
189 80 583
80 189 583
289 434 378
434 289 378
241 338 295
338 241 295
506 428 459
428 506 459
112 484 485
484 112 485
96 280 826
280 96 826
344 254 22
254 344 22
286 410 146
410 286 146
23 371 105
371 23 105
341 469 479
469 341 479
284 287 438
287 284 438
5 247 265
247 5 265
179 221 592
221 179 592
563 317 591
317 563 591
16 51 243
51 16 243
115 498 293
498 115 293
270 508 576
508 270 576
58 176 965
176 58 965
481 447 108
447 481 108
340 289 4
289 340 4
18 295 590
295 18 590
277 335 46
335 277 46
366 534 437
534 366 437
244 497 263
497 244 263
376 39 612
39 376 612
158 220 847
220 158 847
538 539 1
539 538 1
461 203 742
203 461 742
420 294 93
294 420 93
370 18 516
18 370 516
445 22 163
22 445 163
505 196 948
196 505 948
408 333 464
333 408 464
343 248 987
248 343 987
69 335 782
335 69 782
398 323 965
323 398 965
517 526 624
526 517 624
446 228 974
228 446 974
365 237 588
237 365 588
411 545 965
545 411 965
379 216 917
216 379 917
27 124 679
124 27 679
406 219 211
219 406 211
45 510 599
510 45 599
21 186 720
186 21 720
255 88 87
88 255 87
330 504 539
504 330 539
259 207 344
207 259 344
207 271 649
271 207 649
194 335 73
335 194 73
415 512 718
512 415 718
506 100 909
100 506 909
423 374 682
374 423 682
246 203 964
203 246 964
444 86 310
86 444 310
51 351 86
351 51 86
422 164 19
164 422 19
224 25 86
25 224 86
92 519 723
519 92 723
199 365 211
365 199 211
339 114 798
114 339 798
99 111 228
111 99 228
228 487 896
487 228 896
120 552 617
552 120 617
152 122 142
122 152 142
78 298 497
298 78 497
571 44 921
44 571 921
6 458 442
458 6 442
229 304 802
304 229 802
113 371 573
371 113 573
310 353 253
353 310 253
94 392 31
392 94 31
519 26 537
26 519 537
77 50 719
50 77 719
574 57 380
57 574 380
31 334 418
334 31 418
242 347 730
347 242 730
36 559 628
559 36 628
308 46 361
46 308 361
120 354 304
354 120 304
407 152 244
152 407 244
374 242 423
242 374 423
123 45 998
45 123 998
481 31 172
31 481 172
243 277 680
277 243 680
109 570 297
570 109 297
292 64 138
64 292 138
49 108 575
108 49 575
549 387 471
387 549 471
410 169 541
169 410 541
97 355 843
355 97 843
437 561 630
561 437 630
347 96 612
96 347 612
371 6 135
6 371 135
540 312 692
312 540 692
338 503 488
503 338 488
310 6 539
6 310 539
4 470 266
470 4 266
487 24 847
24 487 847
141 271 874
271 141 874
483 62 140
62 483 140
162 190 467
190 162 467
528 415 85
415 528 85
2 394 84
394 2 84
157 81 212
81 157 212
227 405 240
405 227 240
103 322 568
322 103 568
230 71 196
71 230 196
548 185 845
185 548 845
491 62 496
62 491 496
352 309 201
309 352 201
431 18 232
18 431 232
155 90 170
90 155 170
99 62 774
62 99 774
363 185 177
185 363 177
202 540 79
540 202 79
518 547 611
547 518 611
203 334 209
334 203 209
230 380 280
380 230 280
299 186 599
186 299 599
504 111 557
111 504 557
318 341 675
341 318 675
109 116 20
116 109 20
417 451 675
451 417 675
86 6 357
6 86 357
143 495 579
495 143 579
199 127 250
127 199 250
11 228 839
228 11 839
574 427 703
427 574 703
520 52 140
52 520 140
272 417 838
417 272 838
501 399 676
399 501 676
288 565 85
565 288 85
417 440 481
440 417 481
128 104 147
104 128 147
461 199 719
199 461 719
32 67 937
67 32 937
235 566 877
566 235 877
501 460 448
460 501 448
263 489 911
489 263 911
77 557 276
557 77 276
300 261 349
261 300 349
236 478 858
478 236 858
340 165 538
165 340 538
43 473 868
473 43 868
18 214 45
214 18 45
412 507 991
507 412 991
182 54 903
54 182 903
43 326 251
326 43 251
578 517 941
517 578 941
73 423 177
423 73 177
257 43 627
43 257 627
567 235 743
235 567 743
153 302 577
302 153 577
138 475 843
475 138 843
212 318 720
318 212 720
576 61 243
61 576 243
554 344 525
344 554 525
333 141 727
141 333 727
197 493 637
493 197 637
567 117 250
117 567 250
185 117 877
117 185 877
516 267 893
267 516 893
380 372 680
372 380 680
448 45 299
45 448 299
25 502 716
502 25 716
77 412 865
412 77 865
231 509 856
509 231 856
52 558 914
558 52 914