431 394 265
394 431 265
525 431 414
431 525 414
310 431 366
431 310 366
601 431 516
431 601 516
142 525 143
525 142 143
97 601 818
601 97 818
258 601 722
601 258 722
624 525 317
525 624 317
102 431 920
431 102 920
343 258 573
258 343 573
105 142 444
142 105 444
329 102 655
102 329 655
213 624 488
624 213 488
464 213 533
213 464 533
272 394 824
394 272 824
575 394 95
394 575 95
419 394 626
394 419 626
519 343 249
343 519 249
342 525 195
525 342 195
599 258 244
258 599 244
149 419 458
419 149 458
93 525 327
525 93 327
539 272 111
272 539 111
318 419 298
419 318 298
131 419 340
419 131 340
576 97 986
97 576 986
584 519 294
519 584 294
474 525 610
525 474 610
410 343 589
343 410 589
255 102 188
102 255 188
200 576 191
576 200 191
33 575 487
575 33 487
71 142 695
142 71 695
140 102 945
102 140 945
40 142 919
142 40 919
586 131 857
131 586 857
567 419 534
419 567 534
254 213 916
213 254 916
455 567 281
567 455 281
490 200 676
200 490 676
387 142 332
142 387 332
125 200 601
200 125 601
366 329 248
329 366 248
16 419 119
419 16 119
240 539 813
539 240 813
187 149 436
149 187 436
66 97 801
97 66 801
163 16 224
16 163 224
49 586 649
586 49 649
594 254 696
254 594 696
81 431 127
431 81 127
212 254 850
254 212 850
135 131 93
131 135 93
415 135 118
135 415 118
39 254 22
254 39 22
222 105 735
105 222 735
143 255 215
255 143 215
68 366 23
366 68 23
615 584 635
584 615 635
116 135 266
135 116 266
79 464 73
464 79 73
346 93 446
93 346 446
209 310 515
310 209 515
531 142 610
142 531 610
118 594 204
594 118 204
301 240 926
240 301 926
537 149 714
149 537 714
238 258 807
258 238 807
186 599 350
599 186 350
610 33 120
33 610 120
507 93 13
93 507 13
543 212 921
212 543 921
587 455 664
455 587 664
413 49 857
49 413 857
293 342 574
342 293 574
12 68 759
68 12 759
91 125 756
125 91 756
52 186 287
186 52 287
165 255 780
255 165 780
561 240 624
240 561 624
340 240 604
240 340 604
161 455 397
455 161 397
486 343 1
343 486 1
232 125 163
125 232 163
288 474 652
474 288 652
527 163 727
163 527 727
489 601 411
601 489 411
495 232 726
232 495 726
54 149 456
149 54 456
76 71 718
71 76 718
194 143 540
143 194 540
581 507 618
507 581 618
0 601 506
601 0 506
392 455 857
455 392 857
559 97 828
97 559 828
498 318 561
318 498 561
104 581 133
581 104 133
18 81 972
81 18 972
503 490 3
490 503 3
266 431 734
431 266 734
3 527 541
527 3 541
126 318 121
318 126 121
250 254 286
254 250 286
230 329 487
329 230 487
482 561 83
561 482 83
27 40 935
40 27 935
555 126 811
126 555 811
152 33 136
33 152 136
429 464 892
464 429 892
199 40 871
40 199 871
24 142 41
142 24 41
267 489 265
489 267 265
395 187 960
187 395 960
56 152 767
152 56 767
620 194 659
194 620 659
572 340 445
340 572 445
463 24 550
24 463 550
233 576 384
576 233 384
372 567 9
567 372 9
90 342 277
342 90 277
219 366 808
366 219 808
244 194 95
194 244 95
224 503 635
503 224 635
23 142 276
142 23 276
111 342 597
342 111 597
193 187 404
187 193 404
358 575 300
575 358 300
77 244 748
244 77 748
166 329 315
329 166 315
123 519 309
519 123 309
277 232 306
232 277 306
284 584 101
584 284 101
373 224 485
224 373 485
231 489 127
489 231 127
324 410 716
410 324 716
335 429 38
429 335 38
206 288 752
288 206 752
452 455 941
455 452 941
115 498 825
498 115 825
427 93 67
93 427 67
533 149 202
149 533 202
496 222 62
222 496 62
270 525 100
525 270 100
276 496 531
496 276 531
201 56 942
56 201 942
337 39 433
39 337 433
57 392 225
392 57 225
181 125 441
125 181 441
137 194 117
194 137 117
43 258 924
258 43 924
367 620 770
620 367 770
460 81 121
81 460 121
350 3 262
3 350 262
151 343 970
343 151 970
545 39 638
39 545 638
103 576 202
576 103 202
325 498 370
498 325 370
384 254 107
254 384 107
418 23 151
23 418 151
398 250 653
250 398 653
472 152 898
152 472 898
369 193 695
193 369 695
614 161 853
161 614 853
355 358 650
358 355 650
469 81 555
81 469 555
433 222 9
222 433 9
248 340 837
340 248 837
235 102 537
102 235 537
107 118 617
118 107 617
552 455 862
455 552 862
281 137 301
137 281 301
510 90 67
90 510 67
566 149 528
149 566 528
616 343 67
343 616 67
168 71 41
71 168 41
220 310 777
310 220 777
603 56 338
56 603 338
617 387 819
387 617 819
109 248 471
248 109 471
280 166 391
166 280 391
388 77 34
77 388 34
420 539 694
539 420 694
571 284 776
284 571 776
439 342 764
342 439 764
315 212 296
212 315 296
396 350 427
350 396 427
600 224 865
224 600 865
577 503 622
503 577 622
434 615 871
615 434 871
583 142 672
142 583 672
1 434 186
434 1 186
226 166 583
166 226 583
189 288 67
288 189 67
368 537 965
537 368 965
611 91 791
91 611 791
307 18 829
18 307 829
294 272 167
272 294 167
478 33 244
33 478 244
215 396 849
396 215 849
259 464 964
464 259 964
26 224 427
224 26 427
106 111 911
111 106 911
456 571 83
571 456 83
509 617 155
617 509 155
613 76 421
76 613 421
28 103 477
103 28 477
302 463 48
463 302 48
74 90 796
90 74 796
120 142 33
142 120 33
459 384 135
384 459 135
484 161 107
161 484 107
536 427 664
427 536 664
275 49 392
49 275 392
606 478 796
478 606 796
382 474 902
474 382 902
45 103 717
103 45 717
365 325 647
325 365 647
269 433 127
433 269 127
530 420 636
420 530 636
237 26 869
26 237 869
98 503 818
503 98 818
239 583 893
583 239 893
535 302 124
302 535 124
412 237 804
237 412 804
154 102 800
102 154 800
319 395 380
395 319 380
604 163 466
163 604 466
295 106 647
106 295 647
59 105 923
105 59 923
31 23 261
23 31 261
19 373 682
373 19 682
461 337 896
337 461 896
177 68 95
68 177 95
511 215 514
215 511 514
564 231 430
231 564 430
416 52 968
52 416 968
92 567 436
567 92 436
465 152 945
152 465 945
69 576 425
576 69 425
51 131 425
131 51 425
136 600 977
600 136 977
22 106 457
106 22 457
362 168 427
168 362 427
25 358 941
358 25 941
286 439 258
439 286 258
70 76 72
76 70 72
113 194 708
194 113 708
29 495 356
495 29 356
164 525 850
525 164 850
205 120 374
120 205 374
64 460 914
460 64 914
138 135 3
135 138 3
185 235 689
235 185 689
628 51 922
51 628 922
121 1 7
1 121 7
273 577 706
577 273 706
17 372 879
372 17 879
141 559 464
559 141 464
110 25 352
25 110 352
619 284 133
284 619 133
30 27 370
27 30 370
314 22 983
22 314 983
282 367 959
367 282 959
492 248 188
248 492 188
522 387 105
387 522 105
476 325 160
325 476 160
349 293 968
293 349 968
129 56 323
56 129 323
454 23 242
23 454 242
180 137 381
137 180 381
389 539 881
539 389 881
134 343 403
343 134 403
78 567 135
567 78 135
397 350 563
350 397 563
391 543 605
543 391 605
401 460 652
460 401 652
338 366 254
366 338 254
422 434 652
434 422 652
493 410 385
410 493 385
385 601 427
601 385 427
312 154 208
154 312 208
356 43 975
43 356 975
446 187 973
187 446 973
184 39 283
39 184 283
117 52 814
52 117 814
432 509 189
509 432 189
407 98 178
98 407 178
249 461 348
461 249 348
504 543 363
543 504 363
447 16 494
16 447 494
207 43 1
43 207 1
440 416 7
416 440 7
221 460 117
460 221 117
602 151 558
151 602 558
585 165 434
165 585 434
466 66 694
66 466 694
488 233 556
233 488 556
402 270 647
270 402 647
15 79 276
79 15 276
42 394 262
394 42 262
399 454 911
454 399 911
569 106 455
106 569 455
108 166 362
166 108 362
297 266 609
266 297 609
87 519 72
519 87 72
278 103 546
103 278 546
348 116 542
116 348 542
262 486 69
486 262 69
428 181 289
181 428 289
529 238 587
238 529 587
534 555 544
555 534 544
119 459 978
459 119 978
554 28 759
28 554 759
299 137 452
137 299 452
381 447 643
447 381 643
157 561 126
561 157 126
144 611 410
611 144 410
609 69 142
69 609 142
579 350 362
350 579 362
500 536 223
536 500 223
505 205 711
205 505 711
524 369 504
369 524 504
62 604 307
604 62 307
169 185 53
185 169 53
242 213 363
213 242 363
506 259 909
259 506 909
8 454 68
454 8 68
88 106 6
106 88 6
386 149 118
149 386 118
4 452 894
452 4 894
326 572 144
572 326 144
623 57 195
57 623 195
130 239 471
239 130 471
363 307 172
307 363 172
364 382 663
382 364 663
480 293 458
293 480 458
176 129 323
129 176 323
160 27 932
27 160 932
218 604 357
604 218 357
442 269 826
269 442 826
550 215 747
215 550 747
260 266 449
266 260 449
245 42 727
42 245 727
58 478 34
478 58 34
285 169 86
169 285 86
225 396 58
396 225 58
208 372 625
372 208 625
351 554 88
554 351 88
590 201 789
201 590 789
417 459 469
459 417 469
63 62 713
62 63 713
596 442 979
442 596 979
512 488 465
488 512 465
568 123 721
123 568 721
556 199 345
199 556 345
322 149 44
149 322 44
61 486 358
486 61 358
5 181 670
181 5 670
9 507 65
507 9 65
516 351 227
351 516 227
477 117 943
117 477 943
287 461 197
461 287 197
414 534 104
534 414 104
114 614 330
614 114 330
553 433 261
433 553 261
38 349 45
349 38 45
251 577 82
577 251 82
274 129 354
129 274 354
247 250 257
250 247 257
378 418 529
418 378 529
481 123 493
123 481 493
438 114 245
114 438 245
60 103 956
103 60 956
99 601 471
601 99 471
327 378 448
378 327 448
36 484 505
484 36 505
309 154 120
154 309 120
65 387 246
387 65 246
80 52 423
52 80 423
573 429 451
429 573 451
406 455 837
455 406 837
300 432 772
432 300 772
580 26 40
26 580 40
629 581 255
581 629 255
333 267 131
267 333 131
551 496 956
496 551 956
246 614 445
614 246 445
84 117 921
117 84 921
202 119 554
119 202 554
528 250 728
250 528 728
210 319 526
319 210 526
423 416 549
416 423 549
443 373 279
373 443 279
174 624 121
624 174 121
435 114 101
114 435 101
146 327 424
327 146 424
188 24 291
24 188 291
612 36 675
36 612 675
6 80 548
80 6 548
370 530 879
530 370 879
41 346 393
346 41 393
467 115 121
115 467 121
523 504 367
504 523 367
179 285 733
285 179 733
513 493 676
493 513 676
217 395 757
395 217 757
597 244 66
244 597 66
377 325 690
325 377 690
257 372 382
372 257 382
462 286 293
286 462 293
437 489 140
489 437 140
595 258 566
258 595 566
375 248 375
248 375 375
444 242 25
242 444 25
607 301 897
301 607 897
308 165 999
165 308 999
153 30 78
30 153 78
122 210 211
210 122 211
592 146 508
146 592 508
441 423 712
423 441 712
175 90 750
90 175 750
112 153 239
153 112 239
588 307 361
307 588 361
475 569 135
569 475 135
497 121 922
121 497 922
89 381 853
381 89 853
20 454 610
454 20 610
303 205 466
205 303 466
264 97 981
97 264 981
192 184 668
184 192 668
155 160 900
160 155 900
404 444 976
444 404 976
598 70 559
70 598 559
279 516 868
516 279 868
73 284 140
284 73 140
502 613 720
613 502 720
173 441 324
441 173 324
263 307 966
307 263 966
50 27 39
27 50 39
292 481 765
481 292 765
228 168 883
168 228 883
379 260 743
260 379 743
560 480 231
480 560 231
241 220 687
220 241 687
159 103 17
103 159 17
331 221 552
221 331 552
48 99 645
99 48 645
156 280 22
280 156 22
449 505 62
505 449 62
21 224 46
224 21 46
11 620 968
620 11 968
589 248 68
248 589 68
72 220 995
220 72 995
608 45 139
45 608 139
223 59 445
59 223 445
162 571 319
571 162 319
195 623 336
623 195 336
393 611 9
611 393 9
400 162 270
162 400 270
515 134 823
134 515 823
451 84 42
84 451 42
542 346 418
346 542 418
374 489 3
489 374 3
491 610 636
610 491 636
508 192 750
192 508 750
170 490 337
490 170 337
261 192 848
192 261 848
197 193 968
193 197 968
32 595 917
595 32 917
196 573 806
573 196 806
562 527 735
527 562 735
95 269 949
269 95 949
622 135 635
135 622 635
473 414 153
414 473 153
627 599 258
599 627 258
354 595 755
595 354 755
403 213 640
213 403 640
46 628 91
628 46 91
376 137 687
137 376 687
183 511 241
511 183 241
544 420 166
420 544 166
445 510 276
510 445 276
540 26 15
26 540 15
341 389 922
389 341 922
328 312 480
312 328 480
44 435 544
435 44 544
625 231 956
231 625 956
53 177 404
177 53 404
158 28 354
28 158 354
557 576 21
576 557 21
323 65 35
65 323 35
316 351 696
351 316 696
345 63 780
63 345 780
271 528 541
528 271 541
618 616 395
616 618 395
317 27 118
27 317 118
408 595 991
595 408 991
311 42 690
42 311 690
436 486 938
486 436 938
204 107 866
107 204 866
10 15 835
15 10 835
85 504 159
504 85 159
582 220 371
220 582 371
211 500 300
500 211 300
234 185 801
185 234 801
291 348 441
348 291 441
132 394 807
394 132 807
124 207 44
207 124 44
321 531 349
531 321 349
621 601 971
601 621 971
487 286 931
286 487 931
458 282 765
282 458 765
425 226 71
226 425 71
380 279 285
279 380 285
563 617 542
617 563 542
139 531 674
531 139 674
457 472 593
472 457 593
94 139 647
139 94 647
549 443 772
443 549 772
332 134 318
134 332 318
229 213 438
213 229 438
558 407 968
407 558 968
214 242 350
242 214 350
167 379 810
379 167 810
128 97 768
97 128 768
405 418 803
418 405 803
517 443 369
443 517 369
359 567 575
567 359 575
336 177 921
177 336 921
13 378 541
378 13 541
148 215 646
215 148 646
306 124 19
124 306 19
591 121 585
121 591 585
227 312 189
312 227 189
357 165 586
165 357 586
390 22 761
22 390 761
605 515 884
515 605 884
453 126 980
126 453 980
182 235 451
235 182 451
67 502 649
502 67 649
353 422 258
422 353 258
411 114 624
114 411 624
305 581 314
581 305 314
34 211 11
211 34 11
265 302 780
302 265 780
383 435 446
435 383 446
593 612 713
612 593 713
37 354 363
354 37 363
541 166 577
166 541 577
296 364 841
364 296 841
35 597 485
597 35 485
521 452 42
452 521 42
100 556 369
556 100 369
2 507 195
507 2 195
150 100 482
100 150 482
82 524 950
524 82 950
55 524 402
524 55 402
191 312 416
312 191 416
216 367 413
367 216 413
371 214 61
214 371 61
252 77 914
77 252 914
203 316 722
316 203 722
86 306 44
306 86 44
494 439 352
439 494 352
147 161 573
161 147 573
290 389 206
389 290 206
520 349 335
349 520 335
479 110 801
110 479 801
243 336 957
336 243 957
347 384 774
384 347 774
578 400 565
400 578 565
145 455 647
455 145 647
450 388 656
388 450 656
421 140 917
140 421 917
546 62 837
62 546 837
83 294 663
294 83 663
570 261 625
261 570 625
256 32 534
32 256 534
178 550 934
550 178 934
518 452 487
452 518 487
471 68 556
68 471 556
101 13 351
13 101 351
7 340 106
340 7 106
424 516 583
516 424 583
430 245 853
245 430 853
360 167 370
167 360 370
565 219 139
219 565 139
334 539 186
539 334 186
190 342 345
342 190 345
574 294 45
294 574 45
468 209 715
209 468 715
339 612 933
612 339 933
96 510 366
510 96 366
133 122 55
122 133 55
514 414 618
414 514 618
330 144 576
144 330 576
538 112 185
112 538 185
47 491 821
491 47 821
268 611 972
611 268 972
313 118 366
118 313 366
171 193 26
193 171 26
320 149 181
149 320 181
352 213 330
213 352 330
426 520 763
520 426 763
547 132 487
132 547 487
127 212 548
212 127 548
409 129 28
129 409 28
548 359 98
359 548 98
172 550 367
550 172 367
236 445 991
445 236 991
75 325 930
325 75 930
532 221 982
221 532 982
198 394 385
394 198 385
483 398 967
398 483 967
448 43 164
43 448 164
283 369 655
369 283 655
501 29 965
29 501 965
499 480 968
480 499 968
14 271 981
271 14 981
470 240 231
240 470 231
304 249 336
249 304 336
298 362 360
362 298 360
289 248 899
248 289 899
485 473 372
473 485 372
626 533 395
533 626 395
253 433 952
433 253 952
526 142 703
142 526 703
361 220 152
220 361 152
344 131 843
131 344 843
326 558 3
558 326 3
455 163 795
163 455 795
56 360 626
360 56 626
367 103 689
103 367 689
84 584 428
584 84 428
331 471 935
471 331 935
442 185 944
185 442 944
533 438 522
438 533 522
98 383 409
383 98 409
413 284 417
284 413 417
178 9 989
9 178 989
18 228 917
228 18 917
331 64 482
64 331 482
528 31 938
31 528 938
179 286 660
286 179 660
316 217 942
217 316 942
514 610 855
610 514 855
141 356 906
356 141 906
182 573 555
573 182 555
93 499 626
499 93 626
328 22 282
22 328 282
387 626 329
626 387 329
370 429 547
429 370 547
49 57 730
57 49 730
41 584 786
584 41 786
155 467 443
467 155 443
555 562 618
562 555 618
622 469 173
469 622 173
351 328 420
328 351 420
369 426 940
426 369 940
447 563 115
563 447 115
309 512 146
512 309 146
38 341 645
341 38 645
148 39 200
39 148 200
282 388 740
388 282 740
538 623 303
623 538 303
202 125 298
125 202 298
494 228 35
228 494 35
441 391 384
391 441 384
275 556 137
556 275 137
324 267 627
267 324 627
553 107 31
107 553 31
292 574 407
574 292 407
473 91 657
91 473 657
165 73 557
73 165 557
520 533 173
533 520 173
103 536 168
536 103 168
177 255 537
255 177 537
452 211 365
211 452 365
602 245 700
245 602 700
219 122 791
122 219 791
129 369 350
369 129 350
425 218 545
218 425 545
181 333 757
333 181 757
479 119 240
119 479 240
246 568 399
568 246 399
445 214 313
214 445 313
592 308 832
308 592 832
266 325 151
325 266 151
142 538 609
538 142 609
336 429 713
429 336 713
120 236 659
236 120 659
501 128 113
128 501 113
78 344 172
344 78 172
629 489 812
489 629 812
586 343 118
343 586 118
378 316 325
316 378 325
199 374 377
374 199 377
47 110 682
110 47 682
311 511 944
511 311 944
369 546 564
546 369 564
165 332 942
332 165 942
510 576 847
576 510 847
552 336 418
336 552 418
298 275 448
275 298 448
444 180 21
180 444 21
171 206 941
206 171 941
188 168 906
168 188 906
11 256 54
256 11 54
629 495 659
495 629 659
320 444 342
444 320 342
465 94 894
94 465 894
170 323 634
323 170 634
230 391 853
391 230 853
549 85 564
85 549 564
523 341 271
341 523 271
315 564 553
564 315 553
60 614 309
614 60 309
289 57 467
57 289 467
610 158 402
158 610 402
178 592 569
592 178 569
392 389 493
389 392 493
564 395 303
395 564 303
276 274 831
274 276 831
498 533 674
533 498 674
68 427 600
427 68 600
145 456 7
456 145 7
71 444 571
444 71 571
283 85 731
85 283 731
429 341 572
341 429 572
556 63 893
63 556 893
503 142 247
142 503 247
461 321 858
321 461 858
609 312 230
312 609 230
102 132 363
132 102 363
229 590 93
590 229 93
165 119 587
119 165 587
404 19 756
19 404 756
36 528 881
528 36 881
181 92 294
92 181 294
509 316 675
316 509 675
251 504 393
504 251 393
526 284 851
284 526 851
244 462 363
462 244 363
458 445 234
445 458 234
300 251 442
251 300 442
184 251 996
251 184 996
462 504 887
504 462 887
555 323 925
323 555 925
402 224 456
224 402 456
325 596 955
596 325 955
164 1 951
1 164 951
225 487 234
487 225 234
267 443 998
443 267 998
612 627 525
627 612 525
95 178 848
178 95 848
154 377 514
377 154 514
609 311 238
311 609 238
524 13 700
13 524 700
431 392 483
392 431 483
169 523 912
523 169 912
461 228 49
228 461 49
190 387 416
387 190 416
559 454 205
454 559 205
363 420 115
420 363 115
315 438 28
438 315 28
69 16 8
16 69 8
210 593 4
593 210 4
284 372 841
372 284 841
14 470 957
470 14 957
509 486 758
486 509 758
403 106 868
106 403 868
431 306 918
306 431 918
497 238 549
238 497 549
388 69 232
69 388 232
497 210 486
210 497 486
394 331 215
331 394 215
528 125 630
125 528 630
391 410 596
410 391 596
556 36 846
36 556 846
285 491 656
491 285 656
206 236 529
236 206 529
392 17 967
17 392 967
482 493 24
493 482 24
201 115 388
115 201 388
536 360 999
360 536 999
8 28 431
28 8 431
332 458 123
458 332 123
450 152 709
152 450 709
44 358 521
358 44 521
393 544 182
544 393 182
508 371 347
371 508 347
277 89 260
89 277 260
551 561 578
561 551 578
457 245 839
245 457 839
69 491 254
491 69 254
9 316 793
316 9 793
441 318 457
318 441 457
97 147 414
147 97 414
162 59 439
59 162 439
70 110 488
110 70 488
44 276 233
276 44 233
11 447 368
447 11 368
408 198 954
198 408 954
460 227 700
227 460 700
54 226 307
226 54 307
13 111 968
111 13 968
116 384 351
384 116 351
567 260 890
260 567 890
355 376 399
376 355 399
226 175 508
175 226 508
307 281 400
281 307 400
163 208 908
208 163 908
591 226 741
226 591 741
364 600 531
600 364 531
150 548 596
548 150 596
241 545 648
545 241 648
234 424 951
424 234 951
269 532 451
532 269 451
71 29 499
29 71 499
499 242 569
242 499 569
26 394 44
394 26 44
209 206 248
206 209 248
72 485 229
485 72 229
24 359 435
359 24 435
221 225 505
225 221 505
307 248 381
248 307 381
347 553 734
553 347 734
156 370 449
370 156 449
242 376 68
376 242 68
43 154 772
154 43 772
572 418 976
418 572 976
523 627 724
627 523 724
100 382 913
382 100 913
36 66 21
66 36 21
607 536 89
536 607 89
112 268 583
268 112 583
175 100 215
100 175 215
601 115 543
115 601 543
10 157 389
157 10 389
82 296 67
296 82 67
561 14 993
14 561 993
211 272 208
272 211 208
264 274 319
274 264 319
288 539 785
539 288 785
25 361 991
361 25 991
474 320 884
320 474 884
167 36 157
36 167 157
354 492 112
492 354 112
409 195 285
195 409 285
412 210 393
210 412 393
94 208 233
208 94 233
426 180 958
180 426 958
194 240 158
240 194 158
62 47 577
47 62 577
317 531 978
531 317 978
182 557 445
557 182 445
8 174 746
174 8 746
318 372 444
372 318 444
304 335 779
335 304 779
201 200 121
200 201 121
292 185 32
185 292 32
422 180 393
180 422 393
233 596 298
596 233 298
300 368 762
368 300 762
2 79 346
79 2 346
517 147 14
147 517 14
469 132 839
132 469 839
93 492 339
492 93 339
427 596 101
596 427 101
361 421 427
421 361 427
186 17 584
17 186 584
27 591 76
591 27 76
313 277 496
277 313 496
40 306 860
306 40 860
295 556 99
556 295 99
578 239 181
239 578 181
564 377 206
377 564 206
289 449 356
449 289 356
472 391 738
391 472 738
322 371 872
371 322 872
613 98 476
98 613 476
505 277 283
277 505 283
421 394 85
394 421 85
364 381 893
381 364 893
326 40 86
40 326 86
253 464 299
464 253 299
463 552 728
552 463 728
312 28 525
28 312 525
520 568 885
568 520 885
400 194 424
194 400 424
380 34 851
34 380 851
122 111 82
111 122 82
409 473 331
473 409 331
617 108 246
108 617 246
48 221 32
221 48 32
539 624 653
624 539 653
391 52 891
52 391 891
500 169 560
169 500 560
602 49 802
49 602 802
628 336 143
336 628 143
522 75 57
75 522 57
188 303 287
303 188 287
330 31 259
31 330 259
500 265 501
265 500 501
400 111 433
111 400 433
580 566 533
566 580 533
212 416 723
416 212 723
53 423 31
423 53 31
25 486 315
486 25 315
266 600 925
600 266 925
277 156 15
156 277 15
378 453 423
453 378 423
358 182 252
182 358 252
487 249 274
249 487 274
375 228 482
228 375 482
615 235 726
235 615 726
390 553 207
553 390 207
121 151 226
151 121 226
262 181 190
181 262 190
494 273 557
273 494 557
584 315 238
315 584 238
20 398 249
398 20 249
450 277 902
277 450 902
514 510 762
510 514 762
185 390 792
390 185 792
278 149 739
149 278 739
562 509 63
509 562 63
175 281 390
281 175 390
457 188 217
188 457 217
174 383 538
383 174 538
234 482 129
482 234 129
495 265 11
265 495 11
486 29 763
29 486 763
513 451 690
451 513 690
356 112 996
112 356 996
512 513 264
513 512 264
52 472 600
472 52 600
29 606 878
606 29 878
187 415 523
415 187 523
238 162 254
162 238 254
451 206 614
206 451 614
229 466 13
466 229 13
532 367 359
367 532 359
38 327 849
327 38 849
297 425 657
425 297 657
110 335 23
335 110 23
557 509 623
509 557 623
217 208 484
208 217 484
262 21 142
21 262 142
44 108 960
108 44 960
218 61 873
61 218 873
501 202 405
202 501 405
339 462 712
462 339 712
425 87 690
87 425 690
256 51 193
51 256 193
228 98 271
98 228 271
405 281 521
281 405 521
270 75 529
75 270 529
34 94 856
94 34 856
625 590 265
590 625 265
560 262 467
262 560 467
182 135 808
135 182 808
478 282 469
282 478 469
610 519 206
519 610 206
75 482 876
482 75 876
314 431 845
431 314 845
98 434 632
434 98 632
603 247 624
247 603 624
397 102 690
102 397 690
575 149 622
149 575 622
281 144 985
144 281 985
136 467 842
467 136 842
487 481 878
481 487 878
414 54 596
54 414 596
379 233 716
233 379 716
131 220 14
220 131 14
548 34 279
34 548 279
477 275 891
275 477 891
443 26 326
26 443 326
577 571 508
571 577 508
151 253 605
253 151 605
457 153 600
153 457 600
461 525 55
525 461 55
331 499 32
499 331 32
452 380 87
380 452 87
264 144 339
144 264 339
189 346 347
346 189 347
533 62 672
62 533 672
385 408 1000
408 385 1000
316 289 934
289 316 934
160 401 917
401 160 917
165 32 823
32 165 823
614 199 524
199 614 524
522 145 731
145 522 731
444 298 458
298 444 458
155 369 622
369 155 622
264 166 702
166 264 702
620 47 791
47 620 791
56 583 764
583 56 764
345 399 702
399 345 702
126 73 268
73 126 268
356 395 650
395 356 650
114 229 845
229 114 845
37 12 8
12 37 8
387 298 15
298 387 15
533 111 417
111 533 417
174 316 907
316 174 907
584 500 647
500 584 647
270 489 719
489 270 719
41 96 767
96 41 767
31 49 214
49 31 214
112 474 48
474 112 48
198 377 135
377 198 135
450 297 416
297 450 416
444 216 56
216 444 56
162 150 148
150 162 148
421 123 659
123 421 659
536 320 978
320 536 978
510 194 590
194 510 590
183 602 274
602 183 274
141 45 412
45 141 412
102 212 536
212 102 536
507 343 654
343 507 654
207 384 791
384 207 791
276 549 137
549 276 137
463 442 6
442 463 6
326 181 338
181 326 338
339 531 88
531 339 88
406 536 259
536 406 259
451 218 698
218 451 698
317 544 548
544 317 548
182 527 82
527 182 82
62 449 392
449 62 392
595 150 491
150 595 491
494 502 531
502 494 531
293 412 147
412 293 147
257 214 320
214 257 320
367 543 146
543 367 146
418 40 393
40 418 393
256 233 680
233 256 680
186 390 274
390 186 274
256 428 360
428 256 360
53 437 605
437 53 605
506 403 524
403 506 524
512 92 795
92 512 795
380 254 742
254 380 742
443 99 350
99 443 350
167 258 255
258 167 255
334 52 486
52 334 486
395 36 445
36 395 445
164 191 24
191 164 24
148 549 114
549 148 114
387 7 367
7 387 367
490 99 184
99 490 184
590 391 497
391 590 497
271 264 1
264 271 1
136 53 760
53 136 760
596 355 944
355 596 944
16 323 538
323 16 538
235 174 712
174 235 712
602 133 495
133 602 495
269 584 724
584 269 724
508 483 845
483 508 845
603 253 452
253 603 452
524 339 335
339 524 335
292 471 787
471 292 787
57 167 439
167 57 439
370 22 377
22 370 377
528 569 246
569 528 246
45 30 985
30 45 985
113 541 601
541 113 601
573 170 243
170 573 243
198 285 638
285 198 638
137 386 249
386 137 249
57 314 563
314 57 563
603 541 721
541 603 721
236 463 915
463 236 915
195 323 209
323 195 209
315 483 366
483 315 366
14 121 726
121 14 726
76 100 508
100 76 508
382 42 399
42 382 399
493 167 206
167 493 206
287 308 322
308 287 322
149 16 196
16 149 196
26 499 851
499 26 851
248 347 469
347 248 469
161 273 513
273 161 513
602 311 429
311 602 429
505 174 55
174 505 55
463 116 342
116 463 342
614 134 629
134 614 629
145 156 316
156 145 316
252 475 873
475 252 873
345 580 225
580 345 225
194 161 997
161 194 997
0 94 17
94 0 17
330 128 338
128 330 338
236 18 922
18 236 922
570 51 20
51 570 20
125 104 843
104 125 843
579 0 835
0 579 835
320 370 726
370 320 726
277 190 964
190 277 964
626 305 981
305 626 981
106 184 302
184 106 302
369 577 604
577 369 604
19 427 133
427 19 133
177 492 507
492 177 507
529 181 752
181 529 752
338 120 80
120 338 80
115 308 997
308 115 997
396 456 891
456 396 891
320 419 359
419 320 359
296 323 694
323 296 694
166 338 83
338 166 83
117 198 754
198 117 754
154 601 915
601 154 915
337 536 758
536 337 758
468 310 428
310 468 428
123 181 496
181 123 496
35 125 515
125 35 515
506 154 685
154 506 685
617 261 324
261 617 324
72 416 963
416 72 963
312 189 102
189 312 102
5 10 278
10 5 278
477 35 602
35 477 602
504 535 292
535 504 292
147 41 67
41 147 67
109 629 116
629 109 116
426 104 529
104 426 529
533 562 147
562 533 147
404 349 917
349 404 917
541 215 779
215 541 779
388 610 271
610 388 271
11 363 385
363 11 385
167 212 352
212 167 352
6 443 562
443 6 562
77 2 582
2 77 582
545 40 312
40 545 312
608 359 779
359 608 779
190 497 215
497 190 215
376 74 400
74 376 400
54 503 548
503 54 548
437 23 518
23 437 518
403 281 33
281 403 33
28 465 246
465 28 246
104 532 387
532 104 387
308 507 908
507 308 908
252 365 538
365 252 538
456 535 503
535 456 503
0 307 946
307 0 946
126 128 133
128 126 133
499 215 563
215 499 563
574 306 654
306 574 654
228 448 404
448 228 404
129 445 655
445 129 655
501 410 359
410 501 359
512 459 718
459 512 718
40 106 451
106 40 451
237 13 698
13 237 698
365 258 146
258 365 146
22 491 483
491 22 483
0 499 282
499 0 282
466 41 336
41 466 336
297 76 629
76 297 629
358 124 379
124 358 379
526 76 235
76 526 235
115 592 943
592 115 943
286 519 496
519 286 496
504 57 529
57 504 529
80 137 118
137 80 118
332 386 327
386 332 327
91 274 925
274 91 925
307 613 302
613 307 302
591 279 666
279 591 666
246 179 36
179 246 36
337 11 78
11 337 78
602 384 539
384 602 539
226 283 501
283 226 501
5 418 599
418 5 599
460 360 439
360 460 439
389 45 119
45 389 119
472 496 452
496 472 452
541 598 959
598 541 959
571 455 306
455 571 306
544 360 87
360 544 87
327 266 103
266 327 103
291 64 532
64 291 532
366 255 881
255 366 881
352 495 476
495 352 476
476 268 263
268 476 263
546 333 166
333 546 166
362 23 695
23 362 695
514 13 163
13 514 163
124 164 13
164 124 13
19 337 723
337 19 723
448 57 884
57 448 884
384 127 635
127 384 635
388 186 108
186 388 108
432 104 276
104 432 276
376 468 798
468 376 798
492 339 429
339 492 429
125 12 144
12 125 144
542 116 355
116 542 355
442 619 652
619 442 652
153 6 927
6 153 927
93 108 668
108 93 668
113 365 794
365 113 794
194 127 738
127 194 738
57 185 893
185 57 893
357 269 463
269 357 463
8 343 783
343 8 783
273 192 592
192 273 592
148 371 132
371 148 132
218 7 671
7 218 671
383 188 946
188 383 946
613 87 97
87 613 97
223 401 242
401 223 242
129 554 86
554 129 86
36 181 460
181 36 460
576 435 989
435 576 989
393 135 646
135 393 646
440 558 636
558 440 636
279 376 625
376 279 625
101 336 199
336 101 199
355 258 273
258 355 273
429 174 724
174 429 724
282 106 496
106 282 496
445 389 527
389 445 527
375 324 623
324 375 623
321 397 973
397 321 973
220 272 212
272 220 212
208 349 725
349 208 725
24 200 446
200 24 446
144 4 636
4 144 636
294 160 420
160 294 420
123 193 255
193 123 255
38 540 452
540 38 452
603 287 437
287 603 437
331 592 373
592 331 373
47 152 89
152 47 89
578 374 134
374 578 134
18 272 972
272 18 972
605 435 670
435 605 670
323 362 402
362 323 402
18 155 58
155 18 58
108 448 174
448 108 174
262 117 539
117 262 539
358 578 684
578 358 684
285 394 992
394 285 992
57 431 95
431 57 95
208 285 463
285 208 463
456 29 383
29 456 383
430 95 267
95 430 267
191 168 960
168 191 960
515 257 15
257 515 15
482 601 109
601 482 109
176 536 319
536 176 319
55 463 513
463 55 513
262 392 104
392 262 104
55 585 758
585 55 758
346 64 943
64 346 943
395 235 455
235 395 455
107 354 264
354 107 264
281 21 721
21 281 721
424 584 574
584 424 574
246 575 983
575 246 983
111 126 317
126 111 317
232 528 213
528 232 213
314 443 235
443 314 235
473 548 516
548 473 516
450 36 191
36 450 191
73 624 603
624 73 603
155 283 239
283 155 239
447 556 525
556 447 525
505 341 643
341 505 643
46 110 352
110 46 352
493 248 190
248 493 190
604 622 331
622 604 331
539 406 485
406 539 485
221 185 21
185 221 21
230 196 746
196 230 746
336 396 202
396 336 202
612 283 339
283 612 339
494 335 33
335 494 33
582 588 913
588 582 913
46 11 376
11 46 376
329 106 580
106 329 580
74 186 502
186 74 502
231 54 736
54 231 736
148 520 414
520 148 414
361 117 212
117 361 212
561 263 23
263 561 23
55 53 734
53 55 734
417 525 202
525 417 202
569 303 459
303 569 459
405 447 65
447 405 65
455 495 354
495 455 354
84 112 390
112 84 390
92 504 496
504 92 496
462 520 0
520 462 0
159 585 689
585 159 689
317 325 408
325 317 408
228 179 731
179 228 731
313 448 309
448 313 309
183 371 378
371 183 378
534 303 837
303 534 837
268 616 354
616 268 354
254 279 449
279 254 449
11 144 67
144 11 67
461 218 236
218 461 236
333 318 639
318 333 639
225 418 187
418 225 187
321 610 794
610 321 794
3 388 965
388 3 965
499 33 234
33 499 234
571 343 669
343 571 669
306 48 691
48 306 691
228 571 296
571 228 296
217 21 318
21 217 318
34 254 163
254 34 163
557 472 917
472 557 917
429 372 484
372 429 484
504 119 309
119 504 309
370 71 600
71 370 600
78 218 778
218 78 778
95 186 61
186 95 61
42 154 952
154 42 952
508 157 561
157 508 561
459 551 897
551 459 897
186 279 41
279 186 41
366 0 377
0 366 377
258 399 316
399 258 316
615 431 33
431 615 33
16 418 895
418 16 895
548 566 481
566 548 481
486 268 142
268 486 142
599 421 138
421 599 138
230 52 726
52 230 726
301 298 795
298 301 795
233 28 840
28 233 840
126 311 443
311 126 443
161 463 484
463 161 484
162 425 744
425 162 744
510 521 104
521 510 104
533 406 747
406 533 747
404 214 133
214 404 133
161 94 981
94 161 981
40 290 254
290 40 254
498 246 917
246 498 917
573 353 936
353 573 936
326 546 715
546 326 715
430 216 401
216 430 401
299 113 579
113 299 579
0 103 619
103 0 619
444 60 752
60 444 752
447 477 517
477 447 517
300 149 8
149 300 8
431 337 263
337 431 263
606 427 190
427 606 190
233 10 752
10 233 752
618 77 282
77 618 282
349 496 893
496 349 893
387 220 939
220 387 939
9 326 204
326 9 204
104 425 812
425 104 812
291 181 647
181 291 647
17 88 194
88 17 194
233 29 361
29 233 361
377 482 980
482 377 980
312 188 570
188 312 570
553 33 653
33 553 653
218 92 403
92 218 403
140 155 549
155 140 549
401 614 941
614 401 941
129 66 762
66 129 762
397 340 342
340 397 342
89 258 792
258 89 792
78 461 671
461 78 671
571 110 378
110 571 378
390 572 175
572 390 175
321 509 892
509 321 892
518 485 607
485 518 607
293 153 292
153 293 292
366 492 5
492 366 5
255 304 162
304 255 162
176 220 911
220 176 911
444 69 597
69 444 597
252 106 936
106 252 936
33 82 771
82 33 771
368 491 896
491 368 896
216 515 607
515 216 607
260 568 373
568 260 373
372 419 428
419 372 428
438 583 491
583 438 491
177 174 782
174 177 782
483 272 682
272 483 682
226 344 766
344 226 766
291 588 775
588 291 775
41 469 157
469 41 157
50 528 455
528 50 455
530 141 64
141 530 64
369 101 2
101 369 2
262 434 101
434 262 101
325 273 180
273 325 180
597 314 534
314 597 534
155 88 551
88 155 551
279 85 475
85 279 475
244 273 619
273 244 619
524 282 258
282 524 258
207 629 622
629 207 622
405 539 511
539 405 511
405 380 207
380 405 207
404 422 748
422 404 748
308 567 988
567 308 988
93 475 568
475 93 568
489 184 729
184 489 729
576 255 504
255 576 504
6 383 358
383 6 358
203 540 536
540 203 536
223 243 761
243 223 761
44 339 189
339 44 189
171 131 621
131 171 621
114 382 315
382 114 315
292 238 224
238 292 224
503 107 807
107 503 807
470 491 643
491 470 643
277 321 323
321 277 323
21 384 500
384 21 500
141 582 349
582 141 349
605 59 793
59 605 793
240 247 944
247 240 944
558 180 403
180 558 403
593 172 98
172 593 98
299 284 516
284 299 516
270 181 65
181 270 65
351 215 45
215 351 45
584 10 482
10 584 482
165 565 536
565 165 536
81 496 643
496 81 643
403 83 138
83 403 138
83 492 82
492 83 82
428 553 942
553 428 942
373 376 934
376 373 934
80 366 337
366 80 337
482 250 639
250 482 639
267 554 673
554 267 673
381 133 374
133 381 374
439 258 672
258 439 672
44 444 414
444 44 414
530 0 427
0 530 427
78 408 442
408 78 442
211 333 148
333 211 148
50 459 780
459 50 780
279 307 274
307 279 274
587 427 476
427 587 476
386 481 298
481 386 298
515 63 251
63 515 251
433 95 999
95 433 999
123 351 822
351 123 822
412 321 158
321 412 158
503 541 600
541 503 600
14 223 746
223 14 746
242 617 89
617 242 89
62 248 278
248 62 278
114 372 115
372 114 115
246 386 777
386 246 777
364 144 341
144 364 341
431 189 674
189 431 674
428 1 173
1 428 173
578 369 486
369 578 486
70 340 730
340 70 730
390 522 918
522 390 918
152 212 387
212 152 387
194 370 474
370 194 474
317 276 723
276 317 723
276 615 943
615 276 943
620 151 647
151 620 647
244 375 622
375 244 622
498 249 83
249 498 83
574 133 102
133 574 102
239 428 865
428 239 865
595 220 543
220 595 543
374 78 782
78 374 782
285 617 662
617 285 662
375 349 914
349 375 914
388 469 844
469 388 844
489 45 652
45 489 652
306 38 691
38 306 691
170 581 339
581 170 339
359 279 816
279 359 816
428 32 828
32 428 828
143 270 357
270 143 357
109 487 231
487 109 231
416 301 128
301 416 128
21 241 101
241 21 101
247 31 123
31 247 123
4 206 204
206 4 204
22 371 322
371 22 322
124 63 603
63 124 603
316 139 678
139 316 678
401 108 18
108 401 18
439 422 200
422 439 200
458 252 726
252 458 726
267 579 450
579 267 450
617 267 49
267 617 49
170 411 541
411 170 541
421 526 576
526 421 576
216 629 891
629 216 891
264 242 622
242 264 622
285 461 338
461 285 338
291 306 739
306 291 739
576 345 825
345 576 825
270 431 86
431 270 86
546 342 872
342 546 872
533 267 56
267 533 56
88 579 683
579 88 683
478 531 691
531 478 691
49 564 749
564 49 749
388 274 978
274 388 978
423 411 634
411 423 634
36 303 214
303 36 214
41 490 610
490 41 610
295 101 7
101 295 7
162 105 424
105 162 424
325 613 64
613 325 64
339 284 953
284 339 953
169 407 904
407 169 904
399 374 350
374 399 350
390 588 502
588 390 502
176 134 528
134 176 528
534 608 810
608 534 810
593 442 410
442 593 410
245 375 916
375 245 916
407 464 219
464 407 219
46 87 412
87 46 412
263 284 941
284 263 941
571 53 194
53 571 194
616 294 79
294 616 79
338 380 861
380 338 861
94 248 601
248 94 601
434 317 124
317 434 124
316 628 444
628 316 444
577 372 863
372 577 863
39 359 39
359 39 39
581 498 904
498 581 904
547 427 150
427 547 150
83 606 661
606 83 661
251 99 102
99 251 102
18 333 500
333 18 500
77 245 587
245 77 587
227 74 621
74 227 621
59 75 583
75 59 583
608 501 293
501 608 293
104 270 428
270 104 428
104 189 963
189 104 963
373 420 946
420 373 946
134 356 811
356 134 811
623 566 456
566 623 456
58 216 102
216 58 102
581 513 11
513 581 11
209 189 351
189 209 351
159 628 821
628 159 821
160 173 603
173 160 603
193 480 67
480 193 67
345 298 505
298 345 505
297 205 392
205 297 392
116 512 339
512 116 339
566 194 573
194 566 573
356 32 6
32 356 6
614 276 752
276 614 752
578 518 345
518 578 345
508 186 810
186 508 810
612 422 479
422 612 479
447 410 414
410 447 414
318 170 830
170 318 830
395 231 826
231 395 826
348 176 304
176 348 304
304 418 500
418 304 500
223 258 623
258 223 623
623 384 424
384 623 424
584 87 871
87 584 871
420 468 826
468 420 826
398 561 431
561 398 431
167 374 890
374 167 890
593 533 929
533 593 929
192 208 135
208 192 135
546 274 605
274 546 605
510 232 95
232 510 95
29 620 207
620 29 207
158 307 28
307 158 28
333 176 270
176 333 270
414 426 258
426 414 258
72 148 767
148 72 767
455 579 894
579 455 894
162 560 933
560 162 933
295 328 15
328 295 15
227 236 747
236 227 747
513 285 219
285 513 219
83 61 300
61 83 300
433 388 743
388 433 743
407 509 828
509 407 828
219 516 753
516 219 753
246 384 309
384 246 309
30 281 885
281 30 885
607 474 683
474 607 683
165 583 948
583 165 948
6 175 80
175 6 80
52 7 255
7 52 255
37 186 221
186 37 221
326 374 571
374 326 571
298 266 791
266 298 791
566 614 784
614 566 784
470 320 622
320 470 622
49 156 794
156 49 794
476 269 549
269 476 549
346 234 75
234 346 75
419 49 608
49 419 608
226 168 504
168 226 504
509 591 297
591 509 297
334 471 89
471 334 89
350 406 866
406 350 866
191 394 904
394 191 904
260 144 915
144 260 915
216 19 594
19 216 594
534 329 587
329 534 587
112 287 72
287 112 72
480 432 846
432 480 846
568 126 307
126 568 307
570 460 360
460 570 360
455 464 857
464 455 857
75 462 8
462 75 8
379 69 840
69 379 840
292 7 476
7 292 476
42 601 179
601 42 179
360 508 550
508 360 550
186 464 684
464 186 684
16 0 130
0 16 130
467 423 612
423 467 612
109 154 666
154 109 666
252 199 30
199 252 30
387 523 415
523 387 415
504 168 862
168 504 862
202 576 686
576 202 686
506 192 531
192 506 531
613 405 831
405 613 831
114 236 251
236 114 251
71 497 504
497 71 504
128 163 857
163 128 857
509 225 468
225 509 468
577 471 201
471 577 201
365 586 204
586 365 204
244 42 775
42 244 775
326 176 750
176 326 750
119 57 184
57 119 184
574 497 282
497 574 282
222 210 816
210 222 816
395 101 998
101 395 998
321 433 811
433 321 811
202 604 419
604 202 419
146 277 573
277 146 573
72 481 941
481 72 941
66 605 233
605 66 233
98 128 409
128 98 409
408 59 585
59 408 585
561 100 113
100 561 113
103 107 310
107 103 310
474 506 116
506 474 116
231 67 633
67 231 633
439 216 426
216 439 426
314 213 783
213 314 783
327 533 45
533 327 45
517 98 732
98 517 732
223 526 276
526 223 276
89 79 769
79 89 769
121 352 272
352 121 272
294 285 682
285 294 682
555 397 503
397 555 503
573 42 59
42 573 59
389 199 367
199 389 367
207 215 938
215 207 938
351 465 246
465 351 246
509 226 701
226 509 701
246 23 547
23 246 547
17 510 993
510 17 993
568 370 27
370 568 27
383 16 547
16 383 547
241 267 260
267 241 260
613 214 307
214 613 307
489 555 512
555 489 512
404 290 361
290 404 361
571 43 816
43 571 816
23 602 749
602 23 749
399 617 497
617 399 497
399 185 962
185 399 962
35 133 706
133 35 706
70 165 489
165 70 489
294 38 436
38 294 436
391 364 950
364 391 950
482 270 474
270 482 474
9 94 132
94 9 132
531 562 410
562 531 410
345 506 841
506 345 841
485 579 495
579 485 495
276 447 46
447 276 46
441 537 474
537 441 474
409 388 69
388 409 69
620 523 236
523 620 236
402 429 435
429 402 435
538 569 554
569 538 554
200 178 50
178 200 50
375 112 536
112 375 536
36 461 908
461 36 908
64 433 669
433 64 669
199 372 548
372 199 548
14 181 303
181 14 303
38 408 523
408 38 523
138 379 796
379 138 796
460 532 613
532 460 613
1 590 185
590 1 185
93 260 153
260 93 153
482 128 322
128 482 322
470 185 104
185 470 104
546 27 753
27 546 753
53 357 629
357 53 629
234 221 343
221 234 343
581 275 42
275 581 42
375 522 524
522 375 524
351 154 602
154 351 602
351 476 740
476 351 740
537 515 818
515 537 818
123 455 687
455 123 687
503 449 956
449 503 956
407 260 260
260 407 260
608 519 351
519 608 351
386 29 835
29 386 835
477 378 1000
378 477 1000
251 629 206
629 251 206
419 523 988
523 419 988
133 462 812
462 133 812
501 93 558
93 501 558
219 505 24
505 219 24
241 337 94
337 241 94
77 81 672
81 77 672
243 402 986
402 243 986
26 378 248
378 26 248
256 232 782
232 256 782
295 560 325
560 295 325
221 149 66
149 221 66
562 312 647
312 562 647
528 269 164
269 528 164
374 105 161
105 374 161
525 552 585
552 525 585
594 392 378
392 594 378
39 59 885
59 39 885
19 124 261
124 19 261
579 178 809
178 579 809
580 541 321
541 580 321
321 457 847
457 321 847
81 164 133
164 81 133
269 92 100
92 269 100
270 152 42
152 270 42
483 450 93
450 483 93
426 344 444
344 426 444
491 515 404
515 491 404
464 390 640
390 464 640
506 227 215
227 506 215
166 626 306
626 166 306
520 42 688
42 520 688
437 172 534
172 437 534
81 32 584
32 81 584
518 185 947
185 518 947
467 180 570
180 467 570
299 224 840
224 299 840
505 565 721
565 505 721
30 405 273
405 30 273
374 195 105
195 374 105
171 609 330
609 171 330
52 331 886
331 52 886
590 97 828
97 590 828
24 480 852
480 24 852
320 555 570
555 320 570
26 424 689
424 26 689
142 519 18
519 142 18
144 622 112
622 144 112
336 599 511
599 336 511
22 385 877
385 22 877
517 262 803
262 517 803
180 613 967
613 180 967
437 501 457
501 437 457
53 299 338
299 53 338
272 574 794
574 272 794
501 448 793
448 501 793
399 429 349
429 399 349
0 325 394
325 0 394
261 129 833
129 261 833
61 117 639
117 61 639
319 600 564
600 319 564
508 403 265
403 508 265
625 498 85
498 625 85
220 290 53
290 220 53
17 274 989
274 17 989
442 274 58
274 442 58
443 590 178
590 443 178
207 625 45
625 207 45
100 139 310
139 100 310
506 401 776
401 506 776
8 12 837
12 8 837
61 599 827
599 61 827
400 603 367
603 400 367
399 180 502
180 399 502
431 162 161
162 431 161
164 556 989
556 164 989
465 572 895
572 465 895
163 202 455
202 163 455
246 198 855
198 246 855
567 623 26
623 567 26
329 196 990
196 329 990
273 365 713
365 273 713
280 354 105
354 280 105
257 546 57
546 257 57
180 555 140
555 180 140
615 343 263
343 615 263
598 605 676
605 598 676
133 207 821
207 133 821
186 550 493
550 186 493
47 225 271
225 47 271
260 416 48
416 260 48
306 362 452
362 306 452
357 519 694
519 357 694
210 506 43
506 210 43
390 302 732
302 390 732
572 421 249
421 572 249
255 35 995
35 255 995
500 350 817
350 500 817
70 430 504
430 70 504
100 234 443
234 100 443
439 195 268
195 439 268
220 455 369
455 220 369
569 590 641
590 569 641
385 511 400
511 385 400
142 116 878
116 142 878
126 115 997
115 126 997
532 160 916
160 532 916
570 235 19
235 570 19
125 383 957
383 125 957
433 96 158
96 433 158
561 496 154
496 561 154
371 1 417
1 371 417
612 342 378
342 612 378
585 596 797
596 585 797
570 575 242
575 570 242
320 343 376
343 320 376
36 417 88
417 36 88
334 80 374
80 334 374
301 592 192
592 301 192
247 334 258
334 247 258
350 365 856
365 350 856
390 434 614
434 390 614
452 457 802
457 452 802
56 506 595
506 56 595
330 450 640
450 330 640
18 107 366
107 18 366
30 376 268
376 30 268
195 434 404
434 195 404
303 247 99
247 303 99
169 350 265
350 169 265
571 58 458
58 571 458
161 580 815
580 161 815
300 397 890
397 300 890
516 460 423
460 516 423
484 509 161
509 484 161
330 196 608
196 330 608
173 313 720
313 173 720
205 431 374
431 205 374
115 200 451
200 115 451
122 471 828
471 122 828
498 135 397
135 498 397
466 509 441
509 466 441
310 361 234
361 310 234
375 344 965
344 375 965
317 234 614
234 317 614
73 595 951
595 73 951
444 346 317
346 444 317
280 281 883
281 280 883
88 23 516
23 88 516
515 369 589
369 515 589
6 177 735
177 6 735
77 30 18
30 77 18
197 505 491
505 197 491
322 332 773
332 322 773
412 579 581
579 412 581
410 85 712
85 410 712
427 338 211
338 427 211
300 272 883
272 300 883
221 228 982
228 221 982
461 97 225
97 461 225
289 146 136
146 289 136
110 468 821
468 110 821
520 509 789
509 520 789
77 6 578
6 77 578
323 247 914
247 323 914
183 526 735
526 183 735
452 200 762
200 452 762
198 513 673
513 198 673
598 512 317
512 598 317
201 488 980
488 201 980
621 476 406
476 621 406
532 70 814
70 532 814
622 28 709
28 622 709
600 124 780
124 600 780
170 254 754
254 170 754
592 302 539
302 592 539
15 73 106
73 15 106
157 401 166
401 157 166
151 606 314
606 151 314
373 248 355
248 373 355
606 574 607
574 606 607
614 79 107
79 614 107
166 141 588
141 166 588
221 447 190
447 221 190
346 117 586
117 346 586
573 199 423
199 573 423
476 260 730
260 476 730
236 421 537
421 236 537
476 199 983
199 476 983
479 347 828
347 479 828
143 590 746
590 143 746
279 304 495
304 279 495
242 171 820
171 242 820
511 244 435
244 511 435
155 288 606
288 155 606
273 191 352
191 273 352
350 387 9
387 350 9
166 435 843
435 166 843
60 474 381
474 60 381
260 359 606
359 260 606
127 377 552
377 127 552
395 555 632
555 395 632
520 294 216
294 520 216
4 479 412
479 4 412
57 125 898
125 57 898
288 71 652
71 288 652
287 536 901
536 287 901
175 7 711
7 175 711
233 175 212
175 233 212
225 581 105
581 225 105
427 493 241
493 427 241
168 237 934
237 168 934
443 159 203
159 443 203
74 105 983
105 74 983
227 407 428
407 227 428
237 229 104
229 237 104
481 442 257
442 481 257
229 69 510
69 229 510
96 365 579
365 96 579
212 178 927
178 212 927
199 379 656
379 199 656
250 126 335
126 250 335
160 463 636
463 160 636
504 266 246
266 504 246
529 424 66
424 529 66
503 370 491
370 503 491
460 623 230
623 460 230
373 362 141
362 373 141
490 7 55
7 490 55
46 53 560
53 46 560
147 51 434
51 147 434
185 239 638
239 185 638
503 442 178
442 503 178
569 230 459
230 569 459
451 28 964
28 451 964
625 129 804
129 625 804
557 611 824
611 557 824
374 614 617
614 374 617
530 7 413
7 530 413
9 292 268
292 9 268
6 281 134
281 6 134
236 2 501
2 236 501
267 51 623
51 267 623
512 178 283
178 512 283
258 119 456
119 258 456
45 179 230
179 45 230
466 96 322
96 466 322
131 274 834
274 131 834
40 502 949
502 40 949
131 430 813
430 131 813
252 93 767
93 252 767
49 415 416
415 49 416
348 374 339
374 348 339
576 243 391
243 576 391
152 192 280
192 152 280
16 208 45
208 16 45
209 61 669
61 209 669
219 464 897
464 219 897
453 266 854
266 453 854
360 100 35
100 360 35
365 127 594
127 365 594
175 432 103
432 175 103
199 315 124
315 199 124
418 520 244
520 418 244
416 271 940
271 416 940
14 476 409
476 14 409
120 212 534
212 120 534
411 436 871
436 411 871
12 177 133
177 12 133
523 32 67
32 523 67
138 177 894
177 138 894
219 418 444
418 219 444
85 192 262
192 85 262
289 307 562
307 289 562
567 147 714
147 567 714
6 384 717
384 6 717
234 360 828
360 234 828
496 49 897
49 496 897
299 435 596
435 299 596
323 261 610
261 323 610
192 442 791
442 192 791
265 416 862
416 265 862
118 278 881
278 118 881
593 425 243
425 593 243
351 534 245
534 351 245
214 241 278
241 214 278
15 202 330
202 15 330
8 536 863
536 8 863
104 529 306
529 104 306
215 230 248
230 215 248
122 383 167
383 122 167
62 365 428
365 62 428
627 205 281
205 627 281
357 60 401
60 357 401
537 268 974
268 537 974
625 21 695
21 625 695
503 552 654
552 503 654
224 390 830
390 224 830
78 389 8
389 78 8
6 467 203
467 6 203
131 499 166
499 131 166
79 497 435
497 79 435
550 173 823
173 550 823
84 387 273
387 84 273
341 360 604
360 341 604
464 495 36
495 464 36
151 145 242
145 151 242
235 442 435
442 235 435
270 457 298
457 270 298
311 138 653
138 311 653
12 391 150
391 12 150
478 138 137
138 478 137
213 474 452
474 213 452
356 262 745
262 356 745
453 599 390
599 453 390
403 455 171
455 403 171
102 227 409
227 102 409
287 0 884
0 287 884
500 576 975
576 500 975
622 229 237
229 622 237
522 551 60
551 522 60
560 451 981
451 560 981
204 98 646
98 204 646
267 150 528
150 267 528
498 390 222
390 498 222
145 257 329
257 145 329
446 416 755
416 446 755
75 116 326
116 75 326
117 495 908
495 117 908
448 268 855
268 448 855
434 199 470
199 434 470
539 158 362
158 539 362
273 159 925
159 273 925
603 254 730
254 603 730
182 280 872
280 182 872
355 292 767
292 355 767
456 348 619
348 456 619
34 339 52
339 34 52
39 564 24
564 39 24
360 65 831
65 360 831
282 508 831
508 282 831
253 249 285
249 253 285
605 160 383
160 605 383
373 238 658
238 373 658
11 541 116
541 11 116
503 325 168
325 503 168
225 475 222
475 225 222
35 17 741
17 35 741
516 287 260
287 516 260
549 105 532
105 549 532
531 192 677
192 531 677
395 190 845
190 395 845
192 196 809
196 192 809
293 126 739
126 293 739
170 43 391
43 170 391
434 122 888
122 434 888
421 596 435
596 421 435
117 504 144
504 117 144
288 518 454
518 288 454
216 505 935
505 216 935
172 189 573
189 172 573
240 154 455
154 240 455
549 122 139
122 549 139
520 521 34
521 520 34
26 447 569
447 26 569
459 389 56
389 459 56
128 327 711
327 128 711
207 443 134
443 207 134
567 294 639
294 567 639
348 484 458
484 348 458
399 310 43
310 399 43
263 331 563
331 263 563
343 552 692
552 343 692
482 327 429
327 482 429
416 391 787
391 416 787
437 458 362
458 437 362
256 384 741
384 256 741
0 364 220
364 0 220
125 467 895
467 125 895
629 117 337
117 629 337
215 139 732
139 215 732
22 471 600
471 22 600
471 567 800
567 471 800
582 138 210
138 582 210
407 355 889
355 407 889
577 542 237
542 577 237
16 561 237
561 16 237
513 217 432
217 513 432
474 137 629
137 474 629
585 381 671
381 585 671
240 518 208
518 240 208
87 408 391
408 87 391
620 526 689
526 620 689
61 194 681
194 61 681
197 438 229
438 197 229
514 240 813
240 514 813
250 38 674
38 250 674
95 611 317
611 95 317
466 3 790
3 466 790
310 186 878
186 310 878
501 159 892
159 501 892
613 132 209
132 613 209
204 578 693
578 204 693
607 148 484
148 607 484
355 384 4
384 355 4
605 508 75
508 605 75
112 8 976
8 112 976
571 161 580
161 571 580
526 351 466
351 526 466
294 10 693
10 294 693
264 212 161
212 264 161
273 402 551
402 273 551
399 331 951
331 399 951
426 431 671
431 426 671
211 610 483
610 211 483
402 46 700
46 402 700
520 327 958
327 520 958
323 507 667
507 323 667
381 382 770
382 381 770
303 473 360
473 303 360
72 181 796
181 72 796
345 247 65
247 345 65
282 256 214
256 282 214
171 452 681
452 171 681
453 440 671
440 453 671
486 388 747
388 486 747
601 145 598
145 601 598
296 170 825
170 296 825
479 271 284
271 479 284
315 142 845
142 315 845
159 516 309
516 159 309
48 163 718
163 48 718
71 66 254
66 71 254
598 0 47
0 598 47
629 544 611
544 629 611
606 372 273
372 606 273
519 603 485
603 519 485
470 163 68
163 470 68
342 17 973
17 342 973
137 156 780
156 137 780
369 239 244
239 369 244
412 521 673
521 412 673
519 346 820
346 519 820
400 204 339
204 400 339
545 587 63
587 545 63
236 49 918
49 236 918
143 177 977
177 143 977
437 180 803
180 437 803
102 291 267
291 102 267
126 479 153
479 126 153
340 80 742
80 340 742
506 613 867
613 506 867
383 526 898
526 383 898
45 421 527
421 45 527
278 390 253
390 278 253
472 434 362
434 472 362
238 250 292
250 238 292
475 598 520
598 475 520
619 411 156
411 619 156
395 573 980
573 395 980
597 224 839
224 597 839
583 594 418
594 583 418
145 200 579
200 145 579
422 360 1000
360 422 1000
524 136 770
136 524 770
419 222 959
222 419 959
71 93 239
93 71 239
364 56 645
56 364 645
0 207 262
207 0 262
403 615 998
615 403 998
429 598 239
598 429 239
389 338 923
338 389 923
547 483 999
483 547 999
395 452 557
452 395 557
90 80 370
80 90 370
78 99 55
99 78 55
531 122 298
122 531 298
481 432 888
432 481 888
258 533 501
533 258 501
245 154 209
154 245 209
91 279 355
279 91 355
383 413 165
413 383 165
280 465 860
465 280 860
290 76 293
76 290 293
458 84 59
84 458 59
553 237 472
237 553 472
127 256 206
256 127 206
46 457 104
457 46 104
72 26 359
26 72 359
298 500 349
500 298 349
283 131 832
131 283 832
279 429 323
429 279 323
612 404 382
404 612 382
25 324 871
324 25 871
300 629 976
629 300 976
188 145 906
145 188 906
249 189 811
189 249 811
536 610 819
610 536 819
333 536 187
536 333 187
294 49 345
49 294 345
551 531 927
531 551 927
27 14 561
14 27 561
66 60 156
60 66 156
235 38 472
38 235 472
497 208 307
208 497 307
466 386 437
386 466 437
168 542 693
542 168 693
533 627 142
627 533 142
592 100 644
100 592 644
516 169 124
169 516 124
255 181 712
181 255 712
553 130 680
130 553 680
74 111 729
111 74 729
466 481 629
481 466 629
49 498 715
498 49 715
156 86 895
86 156 895
253 564 16
564 253 16
508 625 67
625 508 67
362 91 209
91 362 209
536 532 202
532 536 202
114 573 7
573 114 7
297 432 870
432 297 870
102 208 632
208 102 632
116 596 168
596 116 168
441 561 750
561 441 750
560 203 916
203 560 916
181 170 487
170 181 487
541 505 13
505 541 13
580 539 84
539 580 84
354 408 724
408 354 724
258 185 539
185 258 539
615 24 943
24 615 943
246 3 419
3 246 419
123 53 588
53 123 588
518 534 586
534 518 586
435 142 890
142 435 890
34 33 586
33 34 586
239 552 609
552 239 609
388 622 182
622 388 182
374 611 11
611 374 11
457 187 952
187 457 952
229 544 901
544 229 901
317 188 274
188 317 274
491 225 629
225 491 629
485 55 668
55 485 668
3 616 589
616 3 589
387 393 496
393 387 496
323 78 434
78 323 434
31 66 32
66 31 32
364 210 497
210 364 497
136 470 601
470 136 601
539 593 642
593 539 642
509 518 797
518 509 797
260 478 708
478 260 708
418 399 546
399 418 546
541 396 447
396 541 447
152 314 392
314 152 392
239 531 631
531 239 631
65 217 152
217 65 152
175 37 501
37 175 501
27 180 432
180 27 432
553 327 919
327 553 919
377 114 837
114 377 837
175 349 7
349 175 7
275 197 375
197 275 375
530 392 324
392 530 324
329 629 881
629 329 881
303 74 600
74 303 600
73 628 957
628 73 957
264 233 17
233 264 17
536 87 76
87 536 76
530 428 954
428 530 954
489 120 163
120 489 163
136 190 712
190 136 712
241 130 300
130 241 300
398 70 664
70 398 664
591 234 7
234 591 7
231 408 656
408 231 656
537 310 315
310 537 315
72 397 202
397 72 202
517 82 143
82 517 143
351 119 139
119 351 139
434 326 413
326 434 413
569 5 461
5 569 461
345 475 181
475 345 181
548 491 214
491 548 214
180 264 667
264 180 667
48 85 63
85 48 63
417 582 351
582 417 351
594 326 506
326 594 506
60 449 924
449 60 924
238 559 851
559 238 851
593 447 665
447 593 665
569 331 864
331 569 864
590 170 114
170 590 114
568 195 996
195 568 996
112 216 33
216 112 33
597 2 359
2 597 359
97 287 792
287 97 792
539 127 481
127 539 481
139 526 435
526 139 435
154 116 992
116 154 992
119 517 819
517 119 819
541 14 551
14 541 551
239 463 517
463 239 517
444 90 562
90 444 562
415 129 326
129 415 326
208 212 462
212 208 462
460 332 602
332 460 602
519 532 667
532 519 667
470 485 416
485 470 416
273 345 278
345 273 278
361 265 937
265 361 937
295 42 166
42 295 166
138 613 964
613 138 964
85 29 249
29 85 249
338 512 192
512 338 192
430 130 152
130 430 152
531 443 198
443 531 198
459 361 618
361 459 618
275 528 887
528 275 887
248 408 706
408 248 706
262 344 81
344 262 81
104 381 223
381 104 223
410 39 357
39 410 357
54 515 297
515 54 297
579 211 385
211 579 385
356 604 692
604 356 692
145 573 543
573 145 543
289 24 927
24 289 927
623 467 378
467 623 378
219 593 792
593 219 792
137 44 624
44 137 624
313 443 539
443 313 539
5 78 546
78 5 546
460 115 829
115 460 829
91 325 95
325 91 95
282 240 708
240 282 708
154 457 946
457 154 946
114 612 572
612 114 572
322 152 715
152 322 715
563 268 744
268 563 744
544 131 792
131 544 792
302 82 823
82 302 823
441 149 422
149 441 422
73 352 565
352 73 565
145 164 107
164 145 107
161 285 425
285 161 425
34 554 664
554 34 664
530 234 472
234 530 472
220 538 601
538 220 601
221 591 553
591 221 553
183 438 100
438 183 100
431 351 776
351 431 776
556 196 154
196 556 154
34 385 52
385 34 52
531 542 185
542 531 185
234 262 651
262 234 651
558 545 163
545 558 163
127 543 692
543 127 692
70 425 702
425 70 702
469 562 38
562 469 38
224 336 360
336 224 360
245 173 358
173 245 358
461 620 856
620 461 856
441 408 736
408 441 736
499 339 525
339 499 525
194 360 616
360 194 616
409 46 986
46 409 986
529 200 349
200 529 349
35 557 121
557 35 121
421 278 887
278 421 887
482 361 807
361 482 807
573 125 930
125 573 930
268 315 810
315 268 810
609 396 348
396 609 348
158 59 388
59 158 388
285 296 839
296 285 839
213 406 945
406 213 945
225 518 902
518 225 902
195 120 468
120 195 468
89 178 758
178 89 758
190 62 440
62 190 440
263 158 195
158 263 195
614 323 52
323 614 52
307 366 507
366 307 507
431 614 106
614 431 106
248 148 216
148 248 216
56 23 868
23 56 868
263 189 541
189 263 541
149 469 386
469 149 386
355 219 431
219 355 431
245 128 778
128 245 778
31 197 61
197 31 61
395 267 203
267 395 203
605 555 106
555 605 106
546 489 633
489 546 633
340 102 965
102 340 965
439 619 959
619 439 959
197 133 537
133 197 537
137 157 673
157 137 673
42 424 578
424 42 578
253 295 329
295 253 329
184 373 959
373 184 959
132 552 337
552 132 337
509 25 129
25 509 129
523 328 388
328 523 388
79 352 186
352 79 186
289 342 288
342 289 288
266 163 438
163 266 438
140 350 216
350 140 216
119 52 681
52 119 681
294 599 590
599 294 590
515 246 447
246 515 447
341 536 280
536 341 280
12 477 503
477 12 503
173 218 628
218 173 628
419 33 868
33 419 868
463 127 615
127 463 615
544 21 200
21 544 200
393 563 7
563 393 7
141 64 42
64 141 42
177 62 808
62 177 808
94 446 770
446 94 770
71 327 709
327 71 709
536 164 958
164 536 958
189 62 18
62 189 18
555 594 90
594 555 90
412 287 612
287 412 612
152 37 400
37 152 400
493 509 823
509 493 823
1 156 462
156 1 462
32 412 896
412 32 896
320 559 789
559 320 789
425 252 186
252 425 186
358 590 853
590 358 853
47 577 74
577 47 74
522 560 927
560 522 927
529 484 136
484 529 136
24 164 944
164 24 944
382 144 258
144 382 258
49 429 835
429 49 835
367 55 511
55 367 511
454 206 85
206 454 85
56 613 837
613 56 837
457 628 227
628 457 227
231 374 202
374 231 202
124 132 105
132 124 105
481 279 557
279 481 557
388 431 419
431 388 419
424 485 130
485 424 130
127 231 713
231 127 713
6 309 736
309 6 736
305 55 203
55 305 203
120 251 231
251 120 231
487 81 793
81 487 793
588 14 698
14 588 698
627 366 553
366 627 553
88 28 322
28 88 322
248 410 333
410 248 333
85 413 570
413 85 570
485 595 967
595 485 967
299 360 550
360 299 550
420 31 680
31 420 680
419 44 118
44 419 118
459 162 297
162 459 297
426 534 963
534 426 963
488 258 720
258 488 720
526 9 276
9 526 276
0 272 608
272 0 608
131 376 905
376 131 905
163 460 87
460 163 87
222 314 318
314 222 318
293 531 841
531 293 841
161 59 827
59 161 827
320 485 35
485 320 35
500 550 618
550 500 618
298 473 24
473 298 24
34 298 751
298 34 751
436 375 296
375 436 296
253 576 244
576 253 244
114 5 848
5 114 848
386 616 429
616 386 429
368 179 53
179 368 53
410 397 908
397 410 908
14 82 218
82 14 218
278 545 610
545 278 610
329 437 838
437 329 838
282 185 19
185 282 19
490 526 182
526 490 182
374 172 152
172 374 152
59 526 746
526 59 746
480 297 670
297 480 670
370 425 713
425 370 713
165 128 487
128 165 487
154 397 270
397 154 270
140 99 590
99 140 590
297 256 261
256 297 261
465 299 340
299 465 340
605 15 280
15 605 280
551 317 114
317 551 114
52 20 201
20 52 201
109 275 280
275 109 280
573 390 453
390 573 453
11 592 215
592 11 215
2 223 869
223 2 869
417 498 754
498 417 754
239 361 489
361 239 489
144 171 771
171 144 771
555 93 32
93 555 32
587 69 956
69 587 956
520 404 665
404 520 665
88 380 97
380 88 97
0 271 302
271 0 302
132 46 902
46 132 902
79 157 555
157 79 555
86 341 379
341 86 379
328 123 680
123 328 680
521 19 651
19 521 651
594 515 580
515 594 580
70 121 987
121 70 987
127 461 694
461 127 694
40 447 112
447 40 112
435 58 989
58 435 989
89 512 145
512 89 145
547 423 467
423 547 467
277 475 161
475 277 161
416 254 382
254 416 382
95 491 116
491 95 116
176 522 611
522 176 611
373 297 37
297 373 37
259 390 299
390 259 299
349 362 83
362 349 83
32 572 975
572 32 975
34 311 765
311 34 765
88 439 313
439 88 313
563 27 3
27 563 3
74 319 371
319 74 371
35 571 381
571 35 381
442 416 317
416 442 317
478 405 777
405 478 777
222 246 262
246 222 262
466 146 275
146 466 275
527 615 0
615 527 0
268 324 233
324 268 233
450 394 552
394 450 552
123 320 832
320 123 832
585 220 164
220 585 164
47 311 962
311 47 962
254 124 610
124 254 610
609 520 899
520 609 899
25 38 122
38 25 122
382 154 157
154 382 157
384 432 528
432 384 528
53 554 457
554 53 457
569 294 351
294 569 351
484 452 472
452 484 472
158 248 524
248 158 524
604 292 398
292 604 398
446 535 356
535 446 356
299 622 694
622 299 694
324 379 385
379 324 385
400 122 745
122 400 745
45 344 52
344 45 52
30 101 534
101 30 534
81 345 590
345 81 590
163 112 636
112 163 636
75 617 28
617 75 28
272 75 258
75 272 258
280 610 837
610 280 837
33 493 340
493 33 340
93 278 867
278 93 867
41 482 388
482 41 388
308 160 769
160 308 769
459 628 168
628 459 168
501 443 321
443 501 321
542 593 754
593 542 754
367 101 99
101 367 99
504 374 634
374 504 634
233 115 805
115 233 805
529 593 254
593 529 254
458 590 787
590 458 787
441 360 343
360 441 343
186 481 504
481 186 504
464 56 150
56 464 150
115 314 283
314 115 283
123 286 165
286 123 165
61 590 699
590 61 699
425 604 883
604 425 883
51 426 46
426 51 46
405 215 557
215 405 557
204 406 178
406 204 178
179 183 507
183 179 507
74 393 559
393 74 559
443 428 962
428 443 962
461 224 528
224 461 528
622 475 636
475 622 636
422 62 88
62 422 88
503 151 659
151 503 659
19 291 546
291 19 546
439 116 470
116 439 470
583 453 764
453 583 764
316 284 26
284 316 26
362 1 201
1 362 201
483 33 348
33 483 348
61 316 317
316 61 317
176 256 343
256 176 343
4 489 309
489 4 309
444 293 706
293 444 706
10 242 603
242 10 603
5 228 96
228 5 96
224 575 157
575 224 157
265 256 375
256 265 375
113 131 81
131 113 81
450 482 674
482 450 674
299 502 393
502 299 393
488 386 488
386 488 488
116 136 279
136 116 279
160 588 807
588 160 807
363 143 84
143 363 84
165 490 320
490 165 320
7 206 763
206 7 763
135 428 605
428 135 605
180 448 870
448 180 870
295 359 818
359 295 818
4 290 219
290 4 219
484 533 631
533 484 631
393 551 836
551 393 836
418 161 270
161 418 270
629 364 695
364 629 695
176 42 651
42 176 651
241 160 907
160 241 907
215 419 813
419 215 813
598 181 322
181 598 322
293 324 236
324 293 236
353 277 495
277 353 495
609 268 47
268 609 47
223 11 552
11 223 552
43 425 876
425 43 876
188 489 623
489 188 623
304 362 839
362 304 839
197 89 560
89 197 560
364 243 229
243 364 229
240 149 281
149 240 281
253 437 708
437 253 708
57 412 235
412 57 235
475 172 894
172 475 894
563 109 975
109 563 975
137 81 758
81 137 758
113 503 600
503 113 600
601 25 598
25 601 598
463 118 664
118 463 664
125 307 253
307 125 253
325 239 344
239 325 344
308 67 933
67 308 933
122 486 378
486 122 378
352 76 322
76 352 322
188 111 523
111 188 523
130 135 76
135 130 76
49 399 304
399 49 304
586 566 110
566 586 110
300 477 291
477 300 291
168 491 672
491 168 672
502 368 665
368 502 665
164 559 125
559 164 125
497 369 509
369 497 509
426 359 464
359 426 464
521 605 930
605 521 930
420 394 731
394 420 731
498 419 492
419 498 492
325 484 901
484 325 901
480 424 52
424 480 52
489 139 534
139 489 534
30 277 266
277 30 266
218 73 121
73 218 121
41 601 750
601 41 750
207 147 949
147 207 949
278 497 622
497 278 622
242 291 721
291 242 721
299 39 887
39 299 887
419 234 736
234 419 736
123 111 676
111 123 676
71 382 256
382 71 256
461 244 643
244 461 643
148 295 951
295 148 951
611 139 302
139 611 302
560 399 822
399 560 822
622 158 634
158 622 634
360 303 218
303 360 218
74 601 722
601 74 722
98 99 759
99 98 759
552 299 805
299 552 805
239 140 570
140 239 570
159 122 553
122 159 553
208 269 132
269 208 132
42 54 132
54 42 132
116 160 955
160 116 955
81 284 669
284 81 669
238 305 112
305 238 112
395 163 121
163 395 121
43 551 881
551 43 881
361 119 31
119 361 31
11 230 195
230 11 195
304 289 521
289 304 521
546 329 825
329 546 825
465 235 8
235 465 8
360 156 270
156 360 270
488 172 617
172 488 617
315 558 612
558 315 612
467 524 107
524 467 107
552 244 563
244 552 563
181 328 159
328 181 159
343 283 34
283 343 34
297 239 121
239 297 121
476 492 460
492 476 460
317 604 276
604 317 276
14 243 447
243 14 447
261 428 991
428 261 991
608 412 609
412 608 609
82 264 108
264 82 108
303 41 205
41 303 205
23 438 833
438 23 833
83 29 901
29 83 901
599 458 695
458 599 695
610 149 734
149 610 734
308 553 205
553 308 205
120 176 446
176 120 446
24 187 887
187 24 887
582 560 893
560 582 893
554 493 398
493 554 398
298 117 392
117 298 392
96 384 643
384 96 643
77 419 70
419 77 70
603 366 325
366 603 325
298 438 542
438 298 542
46 331 1000
331 46 1000
302 462 62
462 302 62
553 563 392
563 553 392
32 471 614
471 32 614
595 7 259
7 595 259
448 320 112
320 448 112
603 221 175
221 603 175
147 514 765
514 147 765
521 444 263
444 521 263
496 334 82
334 496 82
609 159 310
159 609 310
241 525 509
525 241 509
120 390 874
390 120 874
447 302 13
302 447 13
304 517 314
517 304 314
503 308 759
308 503 759
378 210 949
210 378 949
99 298 744
298 99 744
210 382 320
382 210 320
624 116 104
116 624 104
563 20 112
20 563 112
475 58 642
58 475 642
412 351 342
351 412 342
322 65 150
65 322 150
500 208 86
208 500 86
619 417 821
417 619 821
385 249 903
249 385 903
545 112 598
112 545 598
513 319 623
319 513 623
555 564 922
564 555 922
391 393 641
393 391 641
284 207 953
207 284 953
533 356 48
356 533 48
102 25 370
25 102 370
550 372 971
372 550 971
542 385 157
385 542 157
311 98 233
98 311 233
550 0 108
0 550 108
129 85 479
85 129 479
119 192 813
192 119 813
438 96 556
96 438 556
434 0 793
0 434 793
90 77 413
77 90 413
422 489 864
489 422 864
82 127 726
127 82 726
466 227 170
227 466 170
341 475 901
475 341 901
64 300 280
300 64 280
338 176 178
176 338 178
522 239 100
239 522 100
402 435 409
435 402 409
225 354 748
354 225 748
104 610 951
610 104 951
145 107 468
107 145 468
189 514 368
514 189 368
134 586 139
586 134 139
258 36 454
36 258 454
440 178 318
178 440 318
480 571 672
571 480 672
272 339 303
339 272 303
248 576 450
576 248 450
608 224 914
224 608 914
48 341 785
341 48 785
232 586 476
586 232 476
48 31 282
31 48 282
123 547 489
547 123 489
195 495 663
495 195 663
477 475 843
475 477 843
100 144 508
144 100 508
341 451 320
451 341 320
471 157 85
157 471 85
463 152 986
152 463 986
91 138 704
138 91 704
279 11 69
11 279 69
426 354 858
354 426 858
539 2 182
2 539 182
201 175 863
175 201 863
421 160 170
160 421 170
245 472 249
472 245 249
316 41 173
41 316 173
503 99 163
99 503 163
170 503 974
503 170 974
545 442 795
442 545 795
254 463 306
463 254 306
579 385 939
385 579 939
617 268 683
268 617 683
536 467 483
467 536 483
347 599 275
599 347 275
257 7 114
7 257 114
297 65 552
65 297 552
147 210 295
210 147 295
569 340 459
340 569 459
31 466 485
466 31 485
149 25 826
25 149 826
519 267 22
267 519 22
245 598 146
598 245 146
87 490 105
490 87 105
266 381 479
381 266 479
299 270 438
270 299 438
619 378 265
378 619 265
303 155 592
155 303 592
336 579 591
579 336 591
271 48 243
48 271 243
571 508 293
508 571 293
206 503 576
503 206 576
396 284 257
284 396 257
249 446 108
446 249 108
169 56 4
56 169 4
26 537 590
537 26 590
242 411 46
411 242 46
134 501 667
501 134 667
408 173 918
173 408 918
224 616 263
616 224 263
215 92 612
92 215 612
505 439 847
439 505 847
254 135 1
135 254 1
259 104 742
104 259 742
594 132 93
132 594 93
554 26 516
26 554 516
114 502 163
502 114 163
70 380 948
380 70 948
479 514 942
514 479 942
552 491 393
491 552 393
28 415 542
415 28 542
173 101 729
101 173 729
211 350 416
350 211 416
485 517 520
517 485 520
52 220 588
220 52 588
566 62 965
62 566 965
355 526 421
526 355 421
247 404 679
404 247 679
20 488 211
488 20 211
444 153 599
153 444 599
89 458 720
458 89 720
59 562 87
562 59 87
343 127 487
127 343 487
182 586 332
586 182 332
58 623 495
623 58 495
334 504 780
504 334 780
334 411 73
411 334 73
346 238 718
238 346 718
569 577 909
577 569 909
493 164 682
164 493 682
54 104 964
104 54 964
424 368 34
368 424 34
529 48 262
48 529 262
527 558 622
558 527 622
71 342 754
342 71 754
284 69 86
69 284 86
73 231 723
231 73 723
127 289 930
289 127 930
9 52 211
52 9 211
511 341 798
341 511 798
518 0 892
0 518 892
357 295 879
295 357 879
332 473 896
473 332 896
472 197 617
197 472 617
580 121 142
121 580 142
620 119 497
119 620 497
139 116 921
116 139 921
595 239 442
239 595 442
491 171 128
171 491 128
435 490 573
490 435 573
310 563 253
563 310 253
593 96 374
96 593 374
200 231 91
231 200 91
605 152 225
152 605 225
235 188 380
188 235 380
484 587 418
587 484 418
456 57 730
57 456 730
465 544 628
544 465 628
441 278 361
278 441 361
472 356 304
356 472 304
217 580 244
580 217 244
164 456 423
456 164 423
427 444 998
444 427 998
249 484 172
484 249 172
125 242 680
242 125 680
351 14 894
14 351 894
40 488 192
488 40 192
311 452 661
452 311 661
187 107 575
107 187 575
606 65 471
65 606 471
598 177 541
177 598 541
277 315 843
315 277 843
345 605 630
605 345 630
57 149 612
149 57 612
490 595 135
595 490 135
209 302 692
302 209 692
101 210 216
210 101 216
53 310 797
310 53 797
595 182 553
182 595 553
358 476 474
476 358 474
81 524 495
524 81 495
39 317 140
317 39 140
115 477 467
477 115 467
364 346 85
346 364 85
106 320 685
320 106 685
394 232 965
232 394 965
588 422 212
422 588 212
233 285 240
285 233 240
260 158 568
158 260 568
41 371 196
371 41 196
416 370 845
370 416 845
543 317 496
317 543 496
419 156 201
156 419 201
431 26 232
26 431 232
157 289 528
289 157 528
552 0 496
0 552 496
532 467 400
467 532 400
603 410 944
410 603 944
209 165 828
165 209 828
3 291 611
291 3 611
104 587 209
587 104 209
41 88 280
88 41 280
222 304 648
304 222 648
458 268 796
268 458 796
625 357 557
357 625 557
363 266 675
266 363 675
351 522 20
522 351 20
401 79 675
79 401 675
140 595 357
595 140 357
142 540 579
540 142 579
9 583 250
583 9 250
434 332 839
332 434 839
236 344 168
344 236 168
312 449 851
449 312 851
196 427 221
427 196 221
401 1 717
1 401 717
193 604 142
604 193 142
288 401 460
401 288 460
544 512 665
512 544 665
102 57 200
57 102 200
9 138 44
138 9 44
342 282 877
282 342 877
1 334 37
334 1 37
156 476 1000
476 156 1000
251 133 108
133 251 108
629 401 330
401 629 330
437 590 385
590 437 385
516 294 538
294 516 538
534 204 868
204 534 868
26 163 45
163 26 45
117 553 991
553 117 991
398 330 485
330 398 485
534 423 251
423 534 251
131 350 941
350 131 941
86 493 177
493 86 177
607 534 627
534 607 627
180 342 743
342 180 743
556 24 577
24 556 577
327 63 843
63 327 843
148 363 720
363 148 720
448 295 738
295 448 738
549 362 259
362 549 259
519 128 170
128 519 170
524 591 764
591 524 764
275 180 352
180 275 352
205 370 352
370 205 352
2 246 893
246 2 893
88 160 680
160 88 680
331 444 299
444 331 299
69 37 716
37 69 716
152 117 865
117 152 865
489 590 856
590 489 856
196 367 914
367 196 914
35 436 558
436 35 558
288 314 217
314 288 217
248 219 274
219 248 274
130 203 16
203 130 16
351 549 964
549 351 964
394 325 368
325 394 368
316 230 612
230 316 612
164 146 680
146 164 680
416 180 52
180 416 52
142 283 845
283 142 845
512 35 580
35 512 580
397 8 941
8 397 941
200 549 789
549 200 789
298 431 976
431 298 976
468 188 246
188 468 246
562 618 298
618 562 298
166 174 27
174 166 27
239 177 432
177 239 432
301 559 693
559 301 693
609 587 345
587 609 345
324 50 117
50 324 117
620 365 104
365 620 104
617 294 967
294 617 967
613 37 377
37 613 377
561 453 255
453 561 255
385 259 512
259 385 512
294 312 814
312 294 814
561 45 922
45 561 922
323 543 604
543 323 604
568 431 601
431 568 601
554 220 924
220 554 924
382 519 546
519 382 546
376 182 353
182 376 353
485 19 411
19 485 411
496 172 375
172 496 375
332 355 507
355 332 507
12 275 510
275 12 510
481 540 767
540 481 767
172 20 260
20 172 260
109 310 955
310 109 955
10 180 41
180 10 41
587 448 670
448 587 670
33 596 845
596 33 845
450 271 870
271 450 870
331 430 904
430 331 904
311 193 206
193 311 206
594 65 398
65 594 398
476 596 540
596 476 540
75 208 846
208 75 846
270 480 153
480 270 153
23 553 93
553 23 93
401 9 408
9 401 408
27 505 598
505 27 598
276 6 517
6 276 517
504 110 366
110 504 366
433 570 57
570 433 57
395 478 484
478 395 484
392 505 884
505 392 884
319 619 805
619 319 805
72 510 438
510 72 438
74 290 534
290 74 534
252 508 191
508 252 191
317 373 484
373 317 484
316 578 751
578 316 751
274 485 693
485 274 693
380 71 215
71 380 215
235 537 721
537 235 721
505 246 509
246 505 509
217 605 412
605 217 412
586 547 957
547 586 957
242 57 163
57 242 163
129 433 596
433 129 596
510 95 794
95 510 794
126 548 754
548 126 754
9 361 845
361 9 845
59 296 654
296 59 654
485 375 328
375 485 328
427 133 533
133 427 533
304 223 539
223 304 539
24 597 859
597 24 859
629 15 340
15 629 340
589 83 674
83 589 674
506 435 466
435 506 466
152 77 509
77 152 509
618 589 180
589 618 180
530 220 721
220 530 721
620 322 131
322 620 131
334 359 186
359 334 186
47 347 453
347 47 453
604 295 570
295 604 570
153 544 649
544 153 649
439 240 636
240 439 636
411 78 298
78 411 298
458 498 813
498 458 813
149 582 283
582 149 283
502 490 911
490 502 911
17 158 43
158 17 43
216 341 773
341 216 773
345 96 542
96 345 542
58 625 433
625 58 433
55 356 636
356 55 636
455 54 233
54 455 233
226 98 280
98 226 280
62 296 866
296 62 866
109 82 414
82 109 414
177 164 525
164 177 525
76 539 783
539 76 783
99 213 184
213 99 184
381 437 486
437 381 486
79 181 686
181 79 686