777 394 41
394 777 41
265 777 414
777 265 414
311 777 366
777 311 366
600 777 516
777 600 516
142 265 143
265 142 143
779 394 633
394 779 633
257 600 722
600 257 722
622 265 317
265 622 317
101 777 920
777 101 920
708 142 483
142 708 483
579 777 362
777 579 362
450 142 625
142 450 625
665 311 989
311 665 989
572 257 453
257 572 453
540 600 63
600 540 63
569 394 95
394 569 95
751 450 727
450 751 727
698 394 626
394 698 626
512 708 249
708 512 249
765 708 720
708 765 720
64 779 939
779 64 939
594 257 244
257 594 244
148 751 458
751 148 458
94 265 327
265 94 327
531 540 111
540 531 111
316 751 298
751 316 298
746 311 560
311 746 560
349 316 944
316 349 944
568 779 986
779 568 986
639 751 601
751 639 601
301 572 93
572 301 93
633 94 324
94 633 324
611 540 297
540 611 297
193 450 841
450 193 841
197 265 627
265 197 627
702 569 487
569 702 487
71 142 695
142 71 695
137 101 945
101 137 945
39 142 919
142 39 919
753 193 699
193 753 699
417 611 282
611 417 282
556 540 869
540 556 869
230 71 845
71 230 845
448 71 281
71 448 281
482 301 676
301 482 676
693 448 938
448 693 938
382 142 332
142 382 332
664 257 498
257 664 498
637 753 343
753 637 343
204 540 16
540 204 16
291 257 722
257 291 722
237 148 813
148 237 813
182 64 436
64 182 436
65 779 801
779 65 801
158 65 714
65 158 714
240 265 836
265 240 836
629 753 931
753 629 931
585 137 696
137 585 696
79 777 127
777 79 127
703 450 620
450 703 620
635 257 400
257 635 400
99 148 853
148 99 853
126 265 620
265 126 620
22 94 984
94 22 984
207 540 490
540 207 490
235 257 959
257 235 959
759 265 557
265 759 557
470 450 855
450 470 855
292 622 226
622 292 226
78 137 358
137 78 358
485 148 62
148 485 62
559 79 40
79 559 40
671 450 716
450 671 716
435 531 266
531 435 266
401 703 858
703 401 858
644 64 714
64 644 714
762 316 989
316 762 989
61 765 865
765 61 865
181 230 542
230 181 542
284 540 611
540 284 611
497 594 13
594 497 13
529 237 921
237 529 921
649 207 939
207 649 939
353 649 365
649 353 365
438 353 256
353 438 256
173 485 707
485 173 707
12 585 759
585 12 759
89 556 756
556 89 756
49 292 287
292 49 287
156 639 780
639 156 780
550 482 624
482 550 624
333 173 367
173 333 367
684 497 874
497 684 874
721 569 732
569 721 732
359 637 766
637 359 766
476 649 82
649 476 82
1 644 196
644 1 196
387 765 245
765 387 245
261 497 458
497 261 458
439 156 896
156 439 896
666 182 32
182 666 32
466 49 581
49 466 581
488 387 678
387 488 678
52 64 456
64 52 456
75 611 718
611 75 718
187 629 540
629 187 540
573 485 618
485 573 618
0 600 506
600 0 506
383 39 857
39 383 857
549 779 828
779 549 828
491 94 561
94 491 561
755 708 857
708 755 857
155 777 411
777 155 411
495 753 3
753 495 3
255 777 734
777 255 734
4 75 691
75 4 691
632 61 100
61 632 100
229 540 622
540 229 622
242 491 309
491 242 309
337 89 186
89 337 186
121 703 874
703 121 874
475 284 83
284 475 83
27 197 935
197 27 935
545 466 811
466 545 811
141 549 262
549 141 262
165 649 533
649 165 533
420 572 892
572 420 892
192 485 871
485 192 871
24 708 41
708 24 41
258 235 571
235 258 571
386 684 960
684 386 960
700 708 866
708 700 866
747 165 729
165 747 729
563 491 381
491 563 381
663 482 212
482 663 212
459 435 9
435 459 9
172 137 277
137 172 277
410 173 808
173 410 808
453 148 346
148 453 346
773 101 42
101 773 42
335 417 153
417 335 153
728 435 369
435 728 369
492 773 132
773 492 132
364 568 489
568 364 489
300 450 315
450 300 315
224 747 746
747 224 746
90 762 412
762 90 412
411 644 424
644 411 424
135 531 574
531 135 574
607 121 345
121 607 345
430 301 490
301 430 490
146 420 436
420 146 436
46 762 343
762 46 343
202 556 641
556 202 641
720 476 825
476 720 825
112 569 827
569 112 827
109 204 767
204 109 767
287 540 394
540 287 394
11 531 403
531 11 403
715 700 296
700 715 296
578 141 807
141 578 807
752 158 433
158 752 433
110 721 225
721 110 225
340 135 795
135 340 795
220 549 196
549 220 196
464 568 65
568 464 65
36 563 462
563 36 462
270 639 509
639 270 509
519 207 212
207 519 212
56 158 638
158 56 638
198 316 202
316 198 202
602 476 370
476 602 370
717 137 107
137 717 107
642 71 577
71 642 577
532 110 696
110 532 696
555 747 507
747 555 507
423 420 510
420 423 510
273 410 624
410 273 624
296 265 348
265 296 348
419 529 36
529 419 36
696 71 895
71 696 895
344 202 802
202 344 802
212 1 596
1 212 596
392 212 723
212 392 723
627 569 819
569 627 819
115 700 889
700 115 889
53 569 230
569 53 230
178 708 307
708 178 307
20 495 338
495 20 338
223 137 889
137 223 889
621 359 517
359 621 517
517 663 514
663 517 514
45 224 92
224 45 92
706 46 78
46 706 78
582 45 211
45 582 211
395 172 922
172 395 922
570 27 865
27 570 865
527 720 600
720 527 600
323 142 672
142 323 672
2 20 186
20 2 186
414 24 583
24 414 583
352 438 67
438 352 67
682 759 965
759 682 965
418 570 417
570 418 417
530 387 63
387 530 63
232 340 957
340 232 957
179 635 293
635 179 293
465 572 964
572 465 964
51 27 427
27 51 427
203 141 911
141 203 911
118 602 715
602 118 715
219 179 361
179 219 361
584 101 626
101 584 626
659 387 469
387 659 469
70 531 482
531 70 482
222 142 33
142 222 33
191 578 331
578 191 331
152 296 562
296 152 562
496 637 392
637 496 392
701 349 902
349 701 902
88 112 717
112 88 717
672 109 647
109 672 647
483 464 127
464 483 127
426 414 869
414 426 869
188 261 818
261 188 818
424 223 893
223 424 893
177 700 881
700 177 881
282 101 800
101 282 800
571 155 380
155 571 380
286 4 365
4 286 365
113 579 923
579 113 923
59 545 261
545 59 261
38 747 682
747 38 682
325 585 95
585 325 95
737 273 536
273 737 536
618 24 312
24 618 312
170 71 436
71 170 436
624 618 86
618 624 86
160 187 64
187 160 64
150 187 792
187 150 792
247 53 977
53 247 977
44 352 457
352 44 457
647 532 427
532 647 427
43 420 941
420 43 941
489 392 258
392 489 258
124 156 72
156 124 72
196 550 708
550 196 708
47 89 356
89 47 356
285 265 850
265 285 850
360 51 374
51 360 374
114 146 914
146 114 914
238 182 3
182 238 3
326 270 689
270 326 689
206 621 7
621 206 7
455 721 706
721 455 706
35 242 879
242 35 879
241 359 464
359 241 464
185 43 352
43 185 352
405 235 28
235 405 28
338 627 343
627 338 343
732 135 303
135 732 303
513 721 607
721 513 607
131 237 546
237 131 546
487 284 385
284 487 385
251 22 823
22 251 823
363 578 520
578 363 520
389 121 772
121 389 772
307 135 381
135 307 381
345 148 881
148 345 881
106 708 403
708 106 403
67 71 135
71 67 135
350 46 563
46 350 563
347 559 605
559 347 605
355 146 652
146 355 652
302 230 254
230 302 254
372 20 652
20 372 652
756 106 59
106 756 59
317 51 8
51 317 8
354 340 451
340 354 451
169 223 300
223 169 300
764 247 93
247 764 93
763 721 815
721 763 815
92 335 114
335 92 114
467 61 814
61 467 814
581 282 950
282 581 950
339 721 786
721 339 786
365 88 178
88 365 178
216 59 348
59 216 348
761 389 145
389 761 145
306 618 646
618 306 646
536 448 494
448 536 494
626 52 301
52 626 301
3 571 633
571 3 633
399 311 223
311 399 223
264 585 787
585 264 787
535 202 558
202 535 558
518 181 434
181 518 434
598 247 94
247 598 94
577 206 778
206 577 778
208 317 780
317 208 780
358 492 647
492 358 647
18 635 276
635 18 276
739 765 0
765 739 0
233 682 538
682 233 538
744 518 727
518 744 727
351 177 104
177 351 104
643 24 362
24 643 362
259 439 609
439 259 609
77 698 72
698 77 72
679 563 312
563 679 312
471 642 121
642 471 121
468 420 912
420 468 912
660 649 69
649 660 69
375 411 289
411 375 289
460 470 587
470 460 587
462 573 544
573 462 544
95 203 978
203 95 978
560 317 413
317 560 413
653 728 299
728 653 299
400 223 581
223 400 581
557 78 160
78 557 160
111 635 390
635 111 390
369 18 479
18 369 479
128 339 684
339 128 684
277 696 647
696 277 647
434 219 223
219 434 223
440 360 711
360 440 711
457 752 504
752 457 504
593 639 454
639 593 454
278 671 763
671 278 763
454 316 908
316 454 908
567 549 26
549 567 26
324 247 400
247 324 400
10 345 68
345 10 68
630 417 702
417 630 702
678 352 6
352 678 6
331 64 118
64 331 118
576 777 276
777 576 276
596 135 744
135 596 744
214 559 769
559 214 769
534 90 195
90 534 195
97 672 471
672 97 471
669 519 393
519 669 393
157 519 431
519 157 431
609 672 151
672 609 151
427 401 536
401 427 536
299 235 213
235 299 213
174 177 357
177 174 357
734 323 437
323 734 437
749 114 398
114 749 398
688 755 814
755 688 814
186 426 962
426 186 962
199 208 727
208 199 727
42 527 34
527 42 34
234 128 86
128 234 86
176 115 58
115 176 58
710 434 693
434 710 693
163 242 625
242 163 625
297 660 88
660 297 88
680 513 769
513 680 769
283 419 421
419 283 421
451 746 647
746 451 647
676 487 681
487 676 681
634 169 952
169 634 952
714 701 594
701 714 594
447 360 260
360 447 260
689 647 220
647 689 220
334 459 43
459 334 43
37 316 166
316 37 166
361 777 296
777 361 296
650 311 143
311 650 143
63 496 696
496 63 696
228 471 406
471 228 406
553 155 464
155 553 464
195 717 622
717 195 622
102 679 904
679 102 904
84 110 330
110 84 330
542 38 914
38 542 914
336 258 29
258 336 29
528 594 194
594 528 194
385 417 214
417 385 214
538 423 192
423 538 192
215 192 688
192 215 688
738 102 308
102 738 308
322 487 880
487 322 880
406 258 493
258 406 493
371 634 245
634 371 245
40 112 956
112 40 956
583 71 9
71 583 9
493 326 741
326 493 741
472 94 939
94 472 939
441 238 471
238 441 471
477 703 87
703 477 87
83 27 101
27 83 101
154 118 905
118 154 905
243 188 627
188 243 627
81 152 572
152 81 572
429 765 981
765 429 981
200 420 501
420 200 501
250 207 860
207 250 860
309 419 327
419 309 327
486 65 570
65 486 570
315 468 554
468 315 554
227 634 303
634 227 303
502 131 619
131 502 619
515 355 649
355 515 649
293 453 237
453 293 237
16 703 629
703 16 629
770 204 176
204 770 176
474 420 223
420 474 223
320 102 675
102 320 675
8 336 548
336 8 548
589 496 879
496 589 879
57 99 393
99 57 393
718 453 121
453 718 121
640 212 235
212 640 235
743 447 720
447 743 720
616 576 288
576 616 288
262 542 851
542 262 851
276 611 530
611 276 530
368 609 335
609 368 335
272 621 643
621 272 643
554 224 596
224 554 596
190 78 829
78 190 829
17 92 516
92 17 516
393 53 599
53 393 599
726 450 831
450 726 831
143 352 158
352 143 158
211 732 78
732 211 78
149 472 211
472 149 211
595 536 785
536 595 785
266 337 750
337 266 750
145 743 239
743 145 239
473 419 623
419 473 623
695 759 644
759 695 644
604 158 630
158 604 630
29 345 610
345 29 610
442 360 466
360 442 466
388 779 981
779 388 981
275 467 668
467 275 668
201 576 900
576 201 900
610 57 976
57 610 976
597 354 321
354 597 321
96 700 140
700 96 140
729 530 720
530 729 720
248 276 324
276 248 324
378 395 966
395 378 966
73 187 39
187 73 39
408 650 765
650 408 765
321 532 883
532 321 883
558 97 743
97 558 743
295 747 352
747 295 352
210 112 17
112 210 17
469 3 552
3 469 552
72 553 645
553 72 645
184 419 22
419 184 22
636 557 62
557 636 62
28 27 46
27 28 46
15 255 968
255 15 968
437 193 840
193 437 840
85 555 995
555 85 995
561 292 913
292 561 913
303 571 445
571 303 445
180 212 319
212 180 319
252 567 336
567 252 336
547 582 9
582 547 9
548 184 270
184 548 270
704 350 823
350 704 823
620 40 42
40 620 42
736 99 418
99 736 418
524 12 3
12 524 3
673 78 636
78 673 636
687 149 750
149 687 750
205 753 337
753 205 337
341 149 848
149 341 848
254 165 968
165 254 968
30 8 917
8 30 917
246 528 806
528 246 806
754 173 735
173 754 735
108 152 949
152 108 949
136 95 643
95 136 643
645 676 153
676 645 153
58 24 348
24 58 348
526 665 640
665 526 640
54 206 91
206 54 91
511 135 687
135 511 687
231 325 241
325 231 241
711 344 166
344 711 166
588 602 276
602 588 276
694 58 402
58 694 402
21 11 543
11 21 543
428 764 480
764 428 480
55 154 544
154 55 544
774 563 956
563 774 956
66 38 404
38 66 404
168 232 354
232 168 354
713 316 21
316 713 21
415 542 35
542 415 35
397 174 696
174 397 696
445 688 780
688 445 780
329 493 541
493 329 541
748 642 395
642 748 395
396 187 118
187 396 118
507 8 991
8 507 991
381 208 690
208 381 690
776 174 896
174 776 896
541 649 938
649 541 938
253 519 866
519 253 866
13 577 835
577 13 835
91 761 159
761 91 159
539 627 298
627 539 298
479 278 506
278 479 506
628 201 174
201 628 174
5 364 582
364 5 582
82 295 128
295 82 128
544 101 971
101 544 971
733 131 765
131 733 765
314 485 562
485 314 562
668 581 972
581 668 972
298 717 64
717 298 64
271 755 964
755 271 964
617 729 272
729 617 272
509 536 13
536 509 13
685 365 968
365 685 968
221 277 350
277 221 350
147 610 810
610 147 810
123 779 768
779 123 768
433 11 803
11 433 803
562 477 369
477 562 369
403 71 575
71 403 575
740 368 651
368 740 651
520 38 921
38 520 921
19 361 541
361 19 541
768 752 696
752 768 696
161 451 642
451 161 642
605 253 19
253 605 19
625 455 585
455 625 585
741 196 281
196 741 281
153 149 79
149 153 79
503 28 242
28 503 242
651 437 884
437 651 884
449 466 980
466 449 980
162 270 451
270 162 451
68 604 649
604 68 649
370 317 258
317 370 258
402 634 624
634 402 624
310 333 314
333 310 314
31 507 11
507 31 11
677 35 207
35 677 207
681 293 395
293 681 395
409 429 713
429 409 713
772 39 596
39 772 596
436 676 849
676 436 849
522 24 577
24 522 577
654 581 335
581 654 335
731 94 407
94 731 407
446 768 138
768 446 138
41 649 579
649 41 579
332 37 4
37 332 4
80 582 734
582 80 734
119 436 482
436 119 482
50 111 950
111 50 950
775 531 322
531 775 322
384 192 783
192 384 783
612 764 416
764 612 416
648 300 609
300 648 609
139 589 887
589 139 887
313 509 61
509 313 61
164 192 914
192 164 914
133 428 722
428 133 722
638 382 747
382 638 747
521 448 843
448 521 843
565 243 972
243 565 972
194 186 819
186 194 819
592 353 82
353 592 82
575 273 832
273 575 832
288 232 819
232 288 819
281 630 717
630 281 717
716 405 801
405 716 801
289 562 957
562 289 957
490 287 774
287 490 774
481 612 156
612 481 156
34 696 656
696 34 656
546 193 917
193 546 917
771 369 837
369 771 837
98 570 663
570 98 663
500 43 831
43 500 831
504 768 163
768 504 163
742 534 934
534 742 934
697 410 487
410 697 487
608 585 556
585 608 556
105 403 351
403 105 351
6 497 106
497 6 106
480 680 583
680 480 583
506 669 853
669 506 853
421 685 370
685 421 370
705 121 139
121 705 139
367 148 186
148 367 186
140 512 345
512 140 345
686 570 45
570 686 45
478 126 715
126 478 715
366 429 933
429 366 933
76 602 366
602 76 366
107 616 55
616 107 55
523 676 618
676 523 618
722 732 688
732 722 688
376 575 869
575 376 869
552 272 185
272 552 185
33 180 821
180 33 821
328 582 972
582 328 972
484 207 366
207 484 366
129 165 26
165 129 26
431 64 181
64 431 181
510 665 330
665 510 330
590 139 763
139 590 763
631 231 82
231 631 82
87 31 882
31 87 882
514 307 28
307 514 28
662 387 856
387 662 856
122 534 367
534 122 367
138 645 991
645 138 991
60 109 930
109 60 930
675 3 982
3 675 982
69 394 385
394 69 385
444 715 967
715 444 967
724 607 164
607 724 164
260 752 655
752 260 655
343 678 968
678 343 968
32 774 981
774 32 981
566 482 231
482 566 231
346 216 336
216 346 336
263 647 360
647 263 360
327 36 899
36 327 899
613 205 372
205 613 372
778 335 395
335 778 395
23 464 952
464 23 952
9 200 735
200 9 735
274 146 19
146 274 19
74 454 522
454 74 522
7 39 48
39 7 48
213 98 626
98 213 626
256 112 689
112 256 689
601 746 428
746 601 428
667 490 935
490 667 935
525 326 944
326 525 944
245 63 522
63 245 522
373 402 409
402 373 409
144 700 417
700 144 417
586 387 441
387 586 441
692 114 482
114 692 482
623 286 938
286 623 938
656 489 660
489 656 660
404 515 942
515 404 942
494 78 855
78 494 855
239 763 906
763 239 906
443 528 555
528 443 555
26 514 626
514 26 626
670 54 897
54 670 897
236 763 41
763 236 41
543 593 888
593 543 888
707 250 987
250 707 987
574 383 547
383 574 547
758 637 147
637 758 147
652 309 27
309 652 27
691 595 748
595 691 748
766 486 443
486 766 443
127 524 618
524 127 618
413 220 173
220 413 173
319 54 420
54 319 420
171 107 940
107 171 940
294 82 115
82 294 115
374 199 146
199 374 146
614 447 784
447 614 784
456 525 531
525 456 531
727 158 200
158 727 200
269 696 740
696 269 740
591 567 303
567 591 303
380 586 42
586 380 42
308 384 441
384 308 441
86 276 275
276 86 275
398 584 355
584 398 355
166 663 112
663 166 112
658 714 169
714 658 169
62 275 590
275 62 590
425 205 77
205 425 77
712 181 796
181 712 796
463 446 743
446 463 743
619 335 173
335 619 173
189 219 168
219 189 168
280 639 537
639 280 537
175 507 365
507 175 365
725 399 733
399 725 733
391 121 821
121 391 821
501 307 920
307 501 920
218 749 643
749 218 643
641 596 545
596 641 545
209 322 757
322 209 757
709 468 240
468 709 240
498 42 399
42 498 399
606 509 313
509 606 313
533 640 832
640 533 832
132 498 996
498 132 996
226 430 5
430 226 5
767 33 649
33 767 649
719 383 713
383 719 713
305 328 659
328 305 659
723 155 273
155 723 273
267 738 87
738 267 87
100 708 118
708 100 118
516 428 325
428 516 325
159 725 463
725 159 463
564 367 713
367 564 713
379 166 498
166 379 498
357 752 575
752 357 575
125 298 942
298 125 942
304 316 847
316 304 847
537 56 899
56 537 899
422 616 622
616 422 622
587 584 448
584 587 448
646 606 414
606 646 414
244 64 601
64 244 601
120 81 175
81 120 175
769 558 578
558 769 578
93 738 951
738 93 951
745 89 659
89 745 659
551 57 342
57 551 342
249 314 894
314 249 894
432 753 491
753 432 491
655 52 275
52 655 275
499 748 564
748 499 564
683 315 484
315 683 484
290 627 235
627 290 235
599 228 163
228 599 163
342 675 851
675 342 851
151 548 70
548 151 70
104 588 402
588 104 402
690 262 569
262 690 569
117 67 493
67 117 493
318 155 303
155 318 303
217 334 831
334 217 831
134 335 674
335 134 674
103 398 140
398 103 140
757 682 7
682 757 7
48 57 571
57 48 571
730 683 706
683 730 706
225 526 572
526 225 572
508 688 893
688 508 893
268 132 5
132 268 5
312 59 509
59 312 509
699 560 281
560 699 281
330 101 507
101 330 507
390 271 948
271 390 948
377 684 79
684 377 79
362 500 432
500 362 432
348 102 986
102 348 986
458 411 237
411 458 237
412 418 760
418 412 760
615 727 901
727 615 901
461 761 393
761 461 393
760 700 851
700 760 851
130 474 363
474 130 363
735 645 234
645 735 234
580 373 937
373 580 937
603 610 284
610 603 284
279 474 785
474 279 785
674 683 289
683 674 289
25 21 925
21 25 925
356 27 456
27 356 456
167 186 955
186 167 955
407 130 191
130 407 191
505 539 234
539 505 234
116 209 393
209 116 393
452 341 525
341 452 525
657 716 848
716 657 848
750 188 691
188 750 691
661 5 318
5 661 318
183 624 322
624 183 322
14 721 483
721 14 483
416 315 912
315 416 912
59 201 49
201 59 49
742 417 416
417 742 416
359 345 205
345 359 205
103 10 182
10 103 182
255 627 816
627 255 816
125 63 28
63 125 28
160 448 8
448 160 8
472 310 4
310 472 4
700 242 841
242 700 841
662 122 957
122 662 957
418 649 758
649 418 758
30 352 868
352 30 868
777 520 918
520 777 918
23 17 68
17 23 68
677 696 948
696 677 948
160 59 950
59 160 950
17 472 486
472 17 486
394 248 215
248 394 215
493 556 630
556 493 630
302 568 596
568 302 596
234 646 376
646 234 376
609 391 464
391 609 464
443 172 610
172 443 610
562 721 257
721 562 257
75 683 105
683 75 105
354 94 708
94 354 708
300 778 790
778 300 790
456 453 388
453 456 388
219 98 999
98 219 999
727 440 206
440 727 206
595 298 512
298 595 512
27 565 108
565 27 108
100 511 127
511 100 127
271 28 481
28 271 481
344 252 560
252 344 560
299 386 426
386 299 426
338 406 80
406 338 80
281 733 343
733 281 343
160 180 254
180 160 254
297 428 793
428 297 793
276 94 457
94 276 457
217 779 565
779 217 565
57 184 229
184 57 229
388 124 259
124 388 259
711 511 144
511 711 144
38 558 290
558 38 290
334 413 497
413 334 497
431 146 992
146 431 992
768 606 89
606 768 89
517 643 955
643 517 955
403 245 689
245 403 689
141 703 158
703 141 158
688 71 342
71 688 342
23 340 784
340 23 784
754 200 694
200 754 694
517 368 508
368 517 508
395 198 400
198 395 400
664 299 908
299 664 908
14 709 849
709 14 849
19 517 741
517 19 741
630 53 531
53 630 531
654 655 871
655 654 871
552 421 444
421 552 444
720 144 705
144 720 705
263 381 920
381 263 920
308 546 951
546 308 951
152 129 451
129 152 451
611 47 499
47 611 499
514 277 569
277 514 569
268 414 0
414 268 0
448 126 137
126 448 137
47 210 895
210 47 895
280 69 229
69 280 229
269 606 111
606 269 111
750 433 435
433 750 435
707 586 293
586 707 293
498 427 505
427 498 505
533 395 167
395 533 167
385 133 863
133 385 863
714 342 448
342 714 448
250 408 679
408 250 679
277 754 68
754 277 68
607 188 772
188 607 772
4 167 159
167 4 159
315 341 724
341 315 724
436 70 913
70 436 913
102 244 47
244 102 47
64 718 212
718 64 212
49 272 599
272 49 599
34 368 553
368 34 553
70 144 4
144 70 4
62 453 543
453 62 543
670 329 316
329 670 316
583 731 550
731 583 550
759 284 619
284 759 619
268 507 770
507 268 770
540 465 429
465 540 429
346 750 368
750 346 368
653 438 762
438 653 762
148 43 628
43 148 628
349 366 884
366 349 884
685 102 157
102 685 157
254 487 112
487 254 112
376 636 285
636 376 285
426 472 393
472 426 393
580 314 949
314 580 949
299 38 843
38 299 843
107 106 958
106 107 958
550 287 323
287 550 323
213 367 577
367 213 577
168 22 978
22 168 978
153 694 445
694 153 445
440 83 746
83 440 746
94 242 444
242 94 444
138 86 958
86 138 958
459 416 145
416 459 145
301 121 722
121 301 722
275 326 32
326 275 32
667 317 270
317 667 270
477 229 352
229 477 352
598 538 630
538 598 630
656 706 762
706 656 762
522 635 346
635 522 346
123 612 14
612 123 14
220 541 839
541 220 839
594 656 883
656 594 883
487 596 140
596 487 140
186 666 628
666 186 628
194 726 978
726 194 978
661 292 257
292 661 257
546 187 533
187 546 533
644 686 131
686 644 131
168 197 532
197 168 532
282 234 99
234 282 99
638 93 222
93 638 222
696 516 679
516 696 679
737 16 206
16 737 206
675 125 763
125 675 763
408 176 161
176 408 161
302 117 996
117 302 996
176 80 872
80 176 872
530 88 476
88 530 476
557 386 283
386 557 283
194 86 794
86 194 794
394 438 676
438 394 676
630 460 893
460 630 893
769 454 35
454 769 35
173 724 14
724 173 14
577 632 170
632 577 170
432 764 206
764 432 206
221 139 354
139 221 354
15 550 424
550 15 424
5 68 851
68 5 851
616 141 82
141 616 82
376 205 331
205 376 331
273 739 246
739 273 246
601 378 689
378 601 689
125 3 32
3 125 32
148 622 653
622 148 653
302 61 891
61 302 891
591 400 324
400 591 324
80 319 294
319 80 294
637 745 254
745 637 254
267 562 143
562 267 143
251 484 57
484 251 57
81 143 287
143 81 287
421 286 259
286 421 259
400 370 501
370 400 501
15 745 125
745 15 125
145 215 173
215 145 173
19 237 236
237 19 236
769 711 392
711 769 392
301 43 83
43 301 83
460 439 844
439 460 844
53 386 983
386 53 983
73 540 914
540 73 914
505 361 538
361 505 538
554 420 539
420 554 539
238 539 288
539 238 288
355 589 441
589 355 441
645 357 959
357 645 959
79 270 726
270 79 726
605 714 207
714 605 207
455 202 226
202 455 226
259 411 190
411 259 190
384 35 557
35 384 557
746 627 238
627 746 238
318 726 947
726 318 947
120 715 249
715 120 249
661 565 131
565 661 131
506 209 172
209 506 172
735 326 536
326 735 536
351 745 759
745 351 759
64 318 471
318 64 471
418 126 421
126 418 421
198 493 517
493 198 517
81 191 394
191 81 394
402 741 505
741 402 505
75 24 876
24 75 876
89 370 11
370 89 11
649 708 984
708 649 984
603 47 763
47 603 763
502 85 690
85 502 690
763 272 996
272 763 996
199 591 405
591 199 405
487 757 78
757 487 78
578 686 248
686 578 248
615 659 878
659 615 878
693 416 874
416 693 874
65 509 828
509 65 828
470 100 456
100 470 456
206 85 727
85 206 727
416 591 137
591 416 137
510 213 901
213 510 901
271 535 13
535 271 13
129 430 359
430 129 359
166 447 375
447 166 375
233 628 657
628 233 657
767 405 136
405 767 136
148 694 826
694 148 826
330 418 623
418 330 623
515 299 484
299 515 484
259 321 142
321 259 142
511 739 960
739 511 960
537 596 357
596 537 357
404 87 389
87 404 389
502 105 410
105 502 410
564 628 305
628 564 305
280 750 578
750 280 578
150 45 441
45 150 441
88 67 526
67 88 526
198 271 143
271 198 143
484 562 774
562 484 774
68 314 856
314 68 856
758 231 939
231 758 939
734 251 443
251 734 443
259 548 928
548 259 928
766 153 53
153 766 53
508 527 991
527 508 991
131 620 707
620 131 707
78 698 206
698 78 206
484 75 876
75 484 876
513 777 845
777 513 845
88 20 632
20 88 632
423 591 369
591 423 369
69 355 9
355 69 9
280 374 16
374 280 16
64 60 938
60 64 938
198 95 985
95 198 985
247 486 842
486 247 842
539 458 371
458 539 371
676 49 596
49 676 596
610 229 716
229 610 716
531 555 14
555 531 14
552 68 279
68 552 279
283 458 213
458 283 213
477 414 326
414 477 326
178 212 508
212 178 508
614 202 626
202 614 626
523 733 417
733 523 417
686 256 963
256 686 963
59 265 55
265 59 55
248 514 32
514 248 32
707 758 663
758 707 663
410 5 87
5 410 87
211 95 339
95 211 339
144 213 948
213 144 948
327 45 731
45 327 731
99 299 994
299 99 994
335 369 672
369 335 672
603 169 497
169 603 497
428 675 934
675 428 934
576 372 917
372 576 917
707 181 469
181 707 469
116 110 919
110 116 919
549 685 265
685 549 265
521 683 414
683 521 414
60 28 431
28 60 431
463 752 622
752 463 622
211 24 702
24 211 702
374 255 598
255 374 598
495 223 764
223 495 764
55 358 702
358 55 702
225 466 701
466 225 701
695 307 282
307 695 282
155 692 364
692 155 364
271 31 821
31 271 821
644 622 41
622 644 41
60 540 997
540 60 997
335 141 417
141 335 417
83 428 907
428 83 907
746 400 647
400 746 647
492 12 719
12 492 719
309 236 593
236 309 593
25 286 49
286 25 49
659 272 936
272 659 936
349 664 613
664 349 613
16 663 573
663 16 573
268 646 304
646 268 304
640 57 913
57 640 913
332 240 760
240 332 760
184 654 148
654 184 148
194 258 659
258 194 659
219 366 978
366 219 978
602 550 590
550 602 590
108 399 274
399 108 274
185 222 412
222 185 412
533 101 885
101 533 885
623 237 536
237 623 536
485 708 654
708 485 654
536 287 791
287 536 791
364 416 519
416 364 519
172 632 976
632 172 976
214 779 758
779 214 758
454 411 338
411 454 338
105 167 64
167 105 64
89 385 212
385 89 212
405 85 339
85 405 339
709 168 481
168 709 481
31 153 86
153 31 86
529 369 449
369 529 449
441 8 555
8 441 555
21 384 436
384 21 436
740 401 928
401 740 928
426 90 659
90 426 659
770 509 320
509 770 320
430 559 146
559 430 146
11 197 393
197 11 393
543 281 118
281 543 118
86 292 536
292 86 536
355 281 309
281 355 309
680 398 890
398 680 890
48 711 411
711 48 411
523 434 761
434 523 761
425 9 477
9 425 477
685 199 237
199 685 237
5 137 742
137 5 742
477 553 350
553 477 350
685 257 255
257 685 255
504 61 486
61 504 486
155 102 445
102 155 445
327 285 558
285 327 558
94 740 519
740 94 519
495 417 583
417 495 583
689 753 965
753 689 965
553 392 349
392 553 349
302 713 494
713 302 494
657 211 1
211 657 1
758 247 670
247 758 670
171 711 760
711 171 760
103 186 699
186 103 699
757 340 944
340 757 944
448 416 756
416 448 756
21 741 674
741 21 674
270 83 712
83 270 712
399 533 899
533 399 899
480 66 218
66 480 218
746 93 465
93 746 465
274 510 845
510 274 845
712 423 626
423 712 626
295 111 592
111 295 592
630 275 581
275 630 581
601 90 524
90 601 524
388 250 242
250 388 242
84 493 302
493 84 302
124 222 261
222 124 261
196 677 601
677 196 601
528 547 243
547 528 243
431 609 638
609 431 638
144 135 329
135 144 329
285 90 864
90 285 864
14 513 563
513 14 563
423 677 721
677 423 721
249 328 117
328 249 117
636 21 209
21 636 209
267 627 614
627 267 614
447 662 255
662 447 255
551 156 553
156 551 553
253 70 300
70 253 300
200 354 524
354 200 524
232 451 864
451 232 864
640 111 748
111 640 748
64 448 196
448 64 196
414 514 851
514 414 851
36 133 469
133 36 469
529 35 513
35 529 513
399 719 498
719 399 498
211 557 868
557 211 868
189 760 957
760 189 957
304 379 394
379 304 394
158 632 913
632 158 913
703 97 163
97 703 163
350 32 737
32 350 737
521 73 316
73 521 316
119 190 873
190 119 873
55 215 225
215 55 225
725 550 743
550 725 743
529 601 93
601 529 93
314 751 875
751 314 875
727 421 525
421 727 525
576 699 836
699 576 836
328 387 922
387 328 922
288 150 20
150 288 20
556 1 843
1 556 843
508 653 93
653 508 93
366 250 726
250 366 726
386 742 964
742 386 964
444 162 981
162 444 981
352 467 302
467 352 302
752 178 604
178 752 604
113 773 133
773 113 133
38 487 507
487 38 507
679 411 752
411 679 752
566 756 209
756 566 209
284 453 919
453 284 919
308 640 997
640 308 997
115 682 891
682 115 891
366 751 359
751 366 359
681 456 491
456 681 491
501 24 773
24 501 773
461 756 83
756 461 83
690 304 632
304 690 632
723 581 810
581 723 810
431 362 225
362 431 225
600 224 843
224 600 843
219 615 591
615 219 591
175 311 428
311 175 428
258 411 496
411 258 496
409 556 515
556 409 515
434 188 685
188 434 685
273 548 324
548 273 324
86 210 236
210 86 236
652 656 751
656 652 751
764 175 724
175 764 724
45 466 358
466 45 358
329 317 361
317 329 361
409 366 992
366 409 992
761 483 292
483 761 292
612 309 67
309 612 67
296 738 116
738 296 116
107 127 97
127 107 97
562 335 732
335 562 732
524 90 432
90 524 432
389 330 549
330 389 549
323 416 810
416 323 810
696 458 70
458 696 70
67 558 997
558 67 997
10 322 524
322 10 524
237 186 853
186 237 853
200 377 739
377 200 739
477 50 128
50 477 128
551 655 554
655 551 554
481 720 671
720 481 671
197 468 631
468 197 631
469 433 779
433 469 779
742 17 215
17 742 215
754 465 400
465 754 400
49 261 548
261 49 548
320 545 518
545 320 518
189 30 767
30 189 767
319 198 33
198 319 33
232 624 246
624 232 246
1 129 387
129 1 387
640 485 908
485 640 908
119 191 538
191 119 538
682 483 503
483 682 503
684 395 946
395 684 946
466 221 133
221 466 133
514 323 563
323 514 563
697 520 654
520 697 654
778 201 615
201 778 615
227 443 934
443 227 934
307 619 819
619 307 819
645 239 645
239 645 645
87 568 359
568 87 359
199 203 718
203 199 718
236 197 998
197 236 998
352 558 220
558 352 220
403 709 217
709 403 217
257 224 242
224 257 242
180 58 93
58 180 93
514 763 855
763 514 855
652 535 401
535 652 401
678 348 737
348 678 737
86 683 304
683 86 304
712 156 629
156 712 629
420 253 379
253 420 379
260 23 669
23 260 669
156 737 881
737 156 881
453 262 943
262 453 943
489 698 496
698 489 496
761 90 529
90 761 529
144 336 756
336 144 756
391 135 118
135 391 118
298 593 327
593 298 327
498 103 77
103 498 77
334 395 205
395 334 205
18 19 714
19 18 714
473 766 743
766 473 743
348 371 404
371 348 404
702 224 451
224 702 451
61 399 644
399 61 644
591 287 539
287 591 539
517 631 501
631 517 501
163 11 599
11 163 599
146 98 439
98 146 439
67 615 216
615 67 216
242 578 142
578 242 142
295 677 433
677 295 433
212 39 306
39 212 306
356 136 586
136 356 586
12 709 375
709 12 375
574 439 103
439 574 103
776 114 532
114 776 532
230 639 881
639 230 881
249 498 823
498 249 823
76 89 476
89 76 476
363 362 599
362 363 599
131 587 575
587 131 575
322 464 243
464 322 243
7 545 695
545 7 695
506 730 798
730 506 798
403 110 977
110 403 977
253 691 955
691 253 955
601 285 13
285 601 13
113 224 723
224 113 723
590 175 785
175 590 785
90 656 994
656 90 994
287 722 635
722 287 635
696 292 108
292 696 108
339 1 276
1 339 276
9 754 591
754 9 591
487 105 429
105 487 429
556 745 76
745 556 76
364 561 60
561 364 60
234 214 260
214 234 260
656 743 399
743 656 399
594 739 668
739 594 668
196 191 794
191 196 794
550 722 738
722 550 738
90 326 893
326 90 893
161 152 463
152 161 463
440 708 783
708 440 783
35 149 592
149 35 592
740 80 132
80 740 132
249 596 732
596 249 732
34 294 546
294 34 546
81 530 305
530 81 305
1 72 664
72 1 664
692 372 242
372 692 242
574 307 924
307 574 924
660 173 376
173 660 376
411 437 26
437 411 26
154 670 458
670 154 458
182 245 795
245 182 795
626 617 636
617 626 636
473 754 625
754 473 625
481 130 529
130 481 529
323 340 857
340 323 857
257 347 109
347 257 109
83 93 263
93 83 263
352 168 901
168 352 901
645 67 527
67 645 527
589 663 623
663 589 623
13 355 973
355 13 973
555 516 15
516 555 15
219 299 267
299 219 267
745 769 881
769 745 881
491 614 31
614 491 31
248 95 330
95 248 330
23 690 942
690 23 942
570 576 420
576 570 420
258 443 126
443 258 126
455 447 779
447 455 779
117 58 452
58 117 452
423 226 857
226 423 857
451 29 869
29 451 869
248 262 373
262 248 373
367 0 89
0 367 89
638 303 134
303 638 134
387 540 972
540 387 972
625 537 395
537 625 395
171 21 243
21 171 243
486 656 738
656 486 738
387 595 58
595 387 58
175 739 615
739 175 615
642 259 285
259 642 285
153 420 571
420 153 571
62 501 345
501 62 345
394 90 1
90 394 1
359 299 771
299 359 771
609 303 867
303 609 867
682 47 383
47 682 383
425 771 472
771 425 472
389 41 175
41 389 175
437 770 15
770 437 15
75 600 109
600 75 109
331 103 212
103 331 212
653 446 117
446 653 117
628 259 910
259 628 910
721 52 557
52 721 557
346 264 758
264 346 758
99 114 943
114 99 943
155 606 168
606 155 168
72 519 169
519 72 169
254 516 171
516 254 171
321 244 851
244 321 851
546 746 574
746 546 574
371 569 983
569 371 983
141 466 317
466 141 317
353 525 786
525 353 786
493 584 262
584 493 262
217 477 235
477 217 235
205 543 608
543 205 608
544 565 857
565 544 857
102 621 435
621 102 435
239 622 603
622 239 603
595 631 239
631 595 239
306 234 525
234 306 525
557 526 643
526 557 643
348 246 901
246 348 901
735 151 925
151 735 925
405 186 279
186 405 279
36 223 900
223 36 900
177 687 331
687 177 331
670 148 381
148 670 381
54 23 807
23 54 807
587 3 691
3 587 691
326 64 104
64 326 104
736 225 529
225 736 529
115 352 835
352 115 835
429 304 616
304 429 616
596 384 136
384 596 136
611 396 423
396 611 423
246 558 376
558 246 376
450 352 580
352 450 580
465 292 502
292 465 502
563 727 89
727 563 89
104 740 710
740 104 710
463 139 414
139 463 414
343 581 212
581 343 212
284 442 23
442 284 23
446 711 734
711 446 734
130 749 756
749 130 756
265 352 631
352 265 631
18 143 459
143 18 459
646 147 718
147 646 718
306 207 39
207 306 39
89 42 388
42 89 388
670 272 390
272 670 390
543 564 779
564 543 779
239 170 289
170 239 289
168 474 567
474 168 567
394 256 445
256 394 445
692 264 689
264 692 689
168 109 408
109 168 408
280 201 939
201 280 939
227 683 941
683 227 941
686 318 615
318 686 615
77 108 560
108 77 560
542 471 428
471 542 428
140 707 790
707 140 790
642 42 38
42 642 38
473 408 981
408 473 981
558 95 67
95 558 67
709 59 339
59 709 339
618 322 24
322 618 24
74 427 159
427 74 159
53 13 898
13 53 898
78 666 181
666 78 181
514 633 234
633 514 234
652 212 10
212 652 10
319 520 933
520 319 933
218 378 691
378 218 691
201 212 296
212 201 296
515 321 318
321 515 318
68 137 163
137 68 163
694 578 917
578 694 917
383 269 119
269 383 119
526 699 289
699 526 289
330 468 309
468 330 309
250 611 600
611 250 600
347 596 778
596 347 778
673 292 61
292 673 61
766 432 848
432 766 848
208 188 952
188 208 952
252 144 316
144 252 316
119 203 386
203 119 386
292 473 41
473 292 41
230 684 377
684 230 377
257 358 316
358 257 316
79 611 639
611 79 639
448 11 895
11 448 895
552 717 481
717 552 481
652 649 599
649 652 599
728 765 970
765 728 970
760 194 138
194 760 138
52 61 726
61 52 726
235 60 795
60 235 795
269 229 206
229 269 206
466 415 443
415 466 443
529 632 484
632 529 484
342 184 513
184 342 513
48 602 552
602 48 552
52 335 875
335 52 875
385 508 870
508 385 870
266 509 133
509 266 133
529 213 518
213 529 518
197 508 900
508 197 900
648 206 96
206 648 96
225 371 917
371 225 917
528 651 936
651 528 936
454 592 715
592 454 715
771 332 401
332 771 401
375 196 579
196 375 579
516 684 156
684 516 156
662 57 870
57 662 870
228 390 290
390 228 290
283 733 382
733 283 382
64 622 1
622 64 1
224 131 758
131 224 758
209 100 214
100 209 214
413 773 190
773 413 190
229 329 752
329 229 752
66 166 128
166 66 128
763 389 836
389 763 836
728 417 176
417 728 176
374 297 832
297 374 832
603 454 204
454 603 204
373 1 513
1 373 513
776 411 647
411 776 647
241 457 194
457 241 194
692 229 632
229 692 632
712 305 248
305 712 248
283 16 787
16 283 787
75 764 793
764 75 793
81 133 365
133 81 365
633 404 339
404 633 339
170 315 34
315 170 34
750 595 549
595 750 549
372 110 941
110 372 941
307 382 762
382 307 762
355 217 81
217 355 81
97 652 426
652 97 426
257 501 273
501 257 273
59 294 999
294 59 999
745 212 259
212 745 259
542 605 649
605 542 649
4 532 509
532 4 509
418 289 624
289 418 624
376 401 417
401 376 417
626 516 694
516 626 694
230 487 5
487 230 5
639 138 162
138 639 162
331 555 911
555 331 911
57 160 597
160 57 597
119 352 936
352 119 936
633 670 556
670 633 556
505 706 464
706 505 464
332 456 460
456 332 460
376 327 984
327 376 984
97 42 373
42 97 373
242 751 428
751 242 428
63 223 491
223 63 491
38 318 697
318 38 697
330 623 824
623 330 824
674 103 910
103 674 910
245 83 782
83 245 782
510 540 682
540 510 682
517 32 766
32 517 766
776 554 775
554 776 775
309 220 157
220 309 157
218 388 390
388 218 390
72 362 737
362 72 737
670 674 219
674 670 219
185 22 717
22 185 717
752 481 2
481 752 2
259 674 189
674 259 189
666 109 256
109 666 256
419 293 262
293 419 262
768 543 431
543 768 431
457 409 745
409 457 745
473 748 475
748 473 475
475 35 619
35 475 619
111 131 258
131 111 258
318 536 384
536 318 384
60 147 23
147 60 23
539 707 526
707 539 526
5 179 432
179 5 432
317 268 671
268 317 671
416 640 739
640 416 739
71 594 424
594 71 424
313 12 974
12 313 974
467 655 830
655 467 830
316 639 504
639 316 504
218 200 971
200 218 971
402 163 562
163 402 562
58 605 455
605 58 455
164 130 750
130 164 750
646 511 592
511 646 592
20 478 772
478 20 772
531 138 364
138 531 364
70 460 440
460 70 440
470 426 99
426 470 99
519 122 464
122 519 464
601 386 956
386 601 956
13 369 866
369 13 866
321 159 158
159 321 158
445 185 503
185 445 503
734 551 537
551 734 537
217 571 793
571 217 793
482 37 944
37 482 944
617 106 403
106 617 403
310 691 917
691 310 917
33 387 314
387 33 314
700 544 143
544 700 143
411 207 956
207 411 956
174 323 45
323 174 45
746 329 482
329 746 482
181 500 536
500 181 536
291 728 643
728 291 643
30 575 138
575 30 138
575 487 82
487 575 82
77 714 942
714 77 942
747 754 934
754 747 934
336 230 337
230 336 337
75 488 639
488 75 639
391 755 313
755 391 313
614 460 594
460 614 594
553 257 672
257 553 672
116 511 414
511 116 414
57 144 219
144 57 219
684 726 875
726 684 875
347 713 442
713 347 442
425 507 908
507 425 908
322 411 439
411 322 439
203 473 643
473 203 643
395 355 73
355 395 73
773 254 329
254 773 329
650 598 819
598 650 819
437 688 251
688 437 251
464 673 999
673 464 999
258 244 348
244 258 348
426 13 158
13 426 158
261 677 600
677 261 600
662 72 746
72 662 746
277 273 89
273 277 89
269 369 167
369 269 167
317 634 678
634 317 678
499 242 115
242 499 115
371 593 777
593 371 777
630 95 341
95 630 341
777 45 674
45 777 674
691 77 654
77 691 654
621 717 868
717 621 868
638 752 486
752 638 486
124 497 730
497 124 730
605 251 918
251 605 918
120 0 52
0 120 52
371 735 91
735 371 91
250 205 496
205 250 496
308 364 723
364 308 723
364 79 943
79 364 943
255 202 647
202 255 647
475 589 622
589 475 622
476 216 83
216 476 83
697 480 102
480 697 102
672 279 921
279 672 921
77 8 923
8 77 923
555 162 463
162 555 463
587 347 782
347 587 782
609 213 178
213 609 178
574 589 267
589 574 267
696 220 844
220 696 844
134 12 216
12 134 216
656 520 836
520 656 836
447 175 753
175 447 753
547 456 854
456 547 854
333 596 528
596 333 528
473 77 469
77 473 469
629 492 357
492 629 357
296 539 231
539 296 231
618 235 128
235 618 128
321 96 101
96 321 101
37 167 230
167 37 230
27 278 137
278 27 137
418 44 631
44 418 631
80 111 676
111 80 676
253 688 603
688 253 603
656 428 923
428 656 923
544 380 899
380 544 899
372 739 18
739 372 18
9 606 636
606 9 636
392 317 200
317 392 200
479 119 726
119 479 726
755 653 450
653 755 450
273 755 49
755 273 49
547 449 541
449 547 541
194 260 576
260 194 576
332 348 674
348 332 674
738 211 325
211 738 325
60 609 232
609 60 232
576 776 148
776 576 148
520 318 755
318 520 755
316 458 493
458 316 493
492 777 86
777 492 86
592 512 872
512 592 872
335 755 56
755 335 56
457 653 683
653 457 683
527 22 691
22 527 691
637 661 235
661 637 235
312 696 916
696 312 916
334 441 665
441 334 665
449 613 694
613 449 694
102 143 214
143 102 214
309 104 40
104 309 40
328 362 228
362 328 228
481 257 907
257 481 907
184 348 11
348 184 11
190 109 794
109 190 794
530 22 592
22 530 592
623 700 953
700 623 953
128 356 287
356 128 287
358 303 350
303 358 350
605 554 502
554 605 502
331 350 528
350 331 528
471 469 810
469 471 810
310 214 410
214 310 410
712 669 952
669 712 952
589 452 287
452 589 287
379 572 219
572 379 219
499 246 770
246 499 770
744 8 438
8 744 438
412 709 132
709 412 132
212 711 194
711 212 194
642 74 963
74 642 963
570 181 890
181 570 890
756 5 861
5 756 861
314 36 601
36 314 601
20 591 496
591 20 496
545 428 959
428 545 959
206 96 991
96 206 991
178 242 863
242 178 863
158 433 39
433 158 39
587 362 92
362 587 92
603 217 96
217 603 96
523 773 150
773 523 150
575 659 661
659 575 661
689 553 102
553 689 102
387 322 500
322 387 500
192 669 587
669 192 587
768 465 621
465 768 621
571 484 583
484 571 583
469 87 293
87 469 293
1 492 428
492 1 428
1 25 925
25 1 925
45 342 133
342 45 133
344 767 272
767 344 272
763 725 332
725 763 332
717 184 727
184 717 727
157 332 102
332 157 102
116 333 405
333 116 405
579 126 193
126 579 193
688 729 905
729 688 905
206 576 948
576 206 948
29 76 126
76 29 126
678 759 493
759 678 493
60 381 304
381 60 304
360 441 892
441 360 892
683 703 353
703 683 353
596 717 91
717 596 91
565 763 966
763 565 966
620 779 810
779 620 810
778 7 163
7 778 163
364 390 571
390 364 571
289 609 696
609 289 696
130 252 864
252 130 864
100 292 810
292 100 810
429 317 479
317 429 479
306 568 414
568 306 414
94 547 830
547 94 830
155 563 826
563 155 826
643 331 304
331 643 304
138 11 500
11 138 500
72 257 623
257 72 623
567 287 424
287 567 424
746 744 871
744 746 871
344 608 826
608 344 826
715 284 431
284 715 431
750 685 884
685 750 884
303 310 657
310 303 657
335 149 841
149 335 841
299 663 708
663 299 708
592 334 605
334 592 605
602 353 95
353 602 95
47 255 207
255 47 207
588 342 993
342 588 993
171 395 28
395 171 28
322 331 270
331 322 270
676 107 258
107 676 258
210 740 767
740 210 767
39 653 894
653 39 894
184 597 933
597 184 933
282 750 754
750 282 754
735 54 15
54 735 15
768 328 747
328 768 747
502 499 819
499 502 819
609 496 977
496 609 977
575 710 300
710 575 300
464 696 743
696 464 743
599 365 204
365 599 204
121 680 753
680 121 753
371 287 309
287 371 309
732 249 637
249 732 637
198 718 28
718 198 28
658 181 843
181 658 843
223 200 421
200 223 421
284 61 692
61 284 692
34 455 548
455 34 548
292 88 331
88 292 331
760 303 571
303 760 571
599 60 813
60 599 813
439 717 829
717 439 829
110 122 602
122 110 602
60 637 895
637 60 895
73 363 218
363 73 218
677 99 505
99 677 505
401 751 664
751 401 664
637 552 192
552 637 192
532 507 772
507 532 772
456 418 533
418 456 533
518 504 758
504 518 758
490 49 153
49 490 153
385 41 827
41 385 827
394 778 342
778 394 342
294 95 915
95 294 915
332 113 594
113 332 594
471 450 587
450 471 587
272 451 72
451 272 72
678 339 846
339 678 846
42 466 307
466 42 307
288 146 360
146 288 360
39 217 14
217 39 14
26 484 930
484 26 930
474 622 442
622 474 442
160 275 583
275 160 583
254 208 832
208 254 832
600 296 706
296 600 706
98 252 550
252 98 550
292 758 795
758 292 795
572 62 44
62 572 44
684 258 402
258 684 402
441 129 179
129 441 179
330 188 666
188 330 666
119 549 30
549 119 30
417 315 415
315 417 415
761 532 862
532 761 862
583 316 686
316 583 686
434 525 430
525 434 430
740 530 945
530 740 945
147 634 610
634 147 610
114 391 33
391 114 33
17 507 525
507 17 525
525 664 857
664 525 857
418 427 468
427 418 468
730 178 581
178 730 581
414 191 36
191 414 36
418 475 300
475 418 300
750 454 337
454 750 337
699 468 813
468 699 813
90 392 590
392 90 590
690 17 282
17 690 282
240 472 816
472 240 816
155 657 582
657 155 582
13 464 811
464 13 811
583 177 419
177 583 419
243 386 573
386 243 573
245 210 904
210 245 904
9 719 833
719 9 833
650 382 658
382 650 658
346 625 233
625 346 233
88 221 409
221 88 409
713 571 585
571 713 585
225 284 553
284 225 553
155 112 900
112 155 900
519 679 28
679 519 28
434 4 134
4 434 134
613 656 540
656 613 540
327 392 559
392 327 559
393 513 13
513 393 13
195 335 45
335 195 45
123 88 732
88 123 732
72 658 627
658 72 627
372 393 882
393 372 882
635 167 255
167 635 255
76 350 197
350 76 197
609 166 107
166 609 107
159 355 503
355 159 503
528 208 59
208 528 59
67 379 110
379 67 110
689 536 199
536 689 199
174 624 246
624 174 246
418 517 701
517 418 701
371 545 547
545 371 547
241 86 172
86 241 172
42 250 27
250 42 27
402 425 44
425 402 44
310 96 701
96 310 701
755 338 823
338 755 823
551 530 523
530 551 523
643 362 87
362 643 87
573 479 998
479 573 998
266 280 566
280 266 566
283 212 150
212 283 150
545 399 749
399 545 749
458 183 301
183 458 301
273 713 921
713 273 921
358 326 962
326 358 962
409 480 706
480 409 706
124 181 489
181 124 489
570 447 436
447 570 436
302 630 950
630 302 950
75 492 474
492 75 474
256 297 518
297 256 518
700 22 956
22 700 956
524 474 786
474 524 786
55 434 841
434 55 841
69 653 495
653 69 495
364 306 46
306 364 46
276 305 819
305 276 819
759 205 607
205 759 607
696 255 889
255 696 889
315 618 298
618 315 298
7 383 435
383 7 435
213 705 985
705 213 985
18 522 931
522 18 931
301 716 50
716 301 50
589 461 422
461 589 422
605 102 232
102 605 232
114 464 669
464 114 669
127 549 972
549 127 972
242 31 619
31 242 619
411 739 366
739 411 366
713 509 252
509 713 252
610 146 953
146 610 953
129 431 901
431 129 901
621 734 185
734 621 185
416 456 888
456 416 888
594 97 153
97 594 153
75 221 322
221 75 322
122 326 104
326 122 104
390 735 913
735 390 913
592 187 753
187 592 753
498 711 535
711 498 535
32 357 944
357 32 944
381 3 343
3 381 343
346 333 213
333 346 213
556 586 947
586 556 947
589 251 524
251 589 524
249 174 225
174 249 225
366 174 266
174 366 266
217 735 717
735 217 717
759 437 818
437 759 818
258 39 687
39 258 687
261 408 956
408 261 956
745 365 781
365 745 781
97 338 454
338 97 454
698 688 750
688 698 750
593 404 248
404 593 248
283 268 370
268 283 370
689 151 384
151 689 384
232 751 403
751 232 403
601 480 551
480 601 551
460 474 812
474 460 812
87 594 558
594 87 558
121 557 24
557 121 24
96 224 94
224 96 94
192 291 672
291 192 672
164 598 986
598 164 986
414 505 670
505 414 670
361 47 578
47 361 578
353 282 683
282 353 683
597 277 659
277 597 659
144 564 643
564 144 643
3 64 66
64 3 66
524 764 647
764 524 647
493 152 164
152 493 164
103 303 11
303 103 11
578 265 170
265 578 170
771 641 932
641 771 932
204 721 378
721 204 378
158 658 229
658 158 229
113 253 261
253 113 261
653 716 809
716 653 809
215 362 670
362 215 670
677 557 670
557 677 670
125 13 948
13 125 948
346 733 847
733 346 847
291 285 133
285 291 133
615 152 986
152 615 986
170 439 143
439 170 143
0 556 614
556 0 614
565 684 604
684 565 604
757 32 444
32 757 444
180 766 460
766 180 460
227 572 753
572 227 753
346 623 536
623 346 536
7 434 720
434 7 720
768 70 129
70 768 129
444 351 567
351 444 567
208 619 411
619 208 411
33 768 775
768 33 775
291 620 584
620 291 584
289 326 947
326 289 947
486 106 570
106 486 570
380 375 755
375 380 755
27 557 587
557 27 587
244 732 986
732 244 986
564 147 273
147 564 273
303 636 105
636 303 105
478 560 330
560 478 330
767 61 733
61 767 733
248 734 760
734 248 760
779 491 861
491 779 861
290 678 852
678 290 852
366 573 570
573 366 570
414 546 689
546 414 689
658 142 959
142 658 959
698 95 766
95 698 766
687 755 529
755 687 529
398 765 511
765 398 511
615 44 280
44 615 280
123 259 803
259 123 803
106 530 967
530 106 967
735 320 617
320 735 617
636 711 314
711 636 314
576 540 776
540 576 776
697 87 963
87 697 963
590 358 109
358 590 109
734 516 93
516 734 93
109 83 467
83 109 467
307 710 285
710 307 285
74 533 970
533 74 970
674 424 726
424 674 726
53 384 991
384 53 991
252 30 265
30 252 265
231 476 85
476 231 85
226 555 566
555 226 566
182 241 368
241 182 368
214 334 58
334 214 58
477 712 349
712 477 349
273 536 904
536 273 904
231 482 553
482 231 553
544 679 326
679 544 326
372 661 635
661 372 635
213 440 76
440 213 76
710 765 827
765 710 827
15 9 177
9 15 177
689 566 301
566 689 301
159 106 502
106 159 502
777 184 161
184 777 161
285 234 989
234 285 989
624 4 895
4 624 895
443 664 389
664 443 389
72 371 662
371 72 662
431 71 332
71 431 332
316 501 12
501 316 12
736 35 217
35 736 217
379 419 476
419 379 476
75 564 786
564 75 786
348 770 575
770 348 575
629 106 107
106 629 107
773 79 10
79 773 10
131 145 537
145 131 537
269 480 291
480 269 291
292 534 493
534 292 493
367 427 271
427 367 271
97 618 48
618 97 48
412 520 243
520 412 243
295 161 724
161 295 724
698 501 837
501 698 837
472 434 43
434 472 43
605 179 732
179 605 732
458 4 574
4 458 574
285 639 839
639 285 839
699 409 995
409 699 995
400 46 817
46 400 817
290 124 585
124 290 585
507 436 505
436 507 505
597 392 457
392 597 457
307 555 39
555 307 39
37 175 302
175 37 302
377 734 641
734 377 641
169 325 400
325 169 400
142 703 878
703 142 878
641 466 139
466 641 139
129 576 916
576 129 916
288 270 19
270 288 19
556 402 957
402 556 957
464 6 158
6 464 158
284 728 154
728 284 154
80 621 417
621 80 417
429 512 378
512 429 378
264 186 797
186 264 797
288 569 242
569 288 242
366 708 376
708 366 376
102 749 88
749 102 88
504 725 701
725 504 701
336 553 66
553 336 66
262 517 369
517 262 369
504 185 819
185 504 819
46 191 856
191 46 856
605 20 614
20 605 614
410 733 802
733 410 802
495 434 595
434 495 595
421 565 640
565 421 640
778 387 631
387 778 631
519 447 261
447 519 261
754 307 457
307 754 457
20 227 428
227 20 428
37 261 324
261 37 324
46 251 876
251 46 876
212 157 458
157 212 458
529 215 815
215 529 815
538 355 890
355 538 890
380 680 838
680 380 838
146 554 990
554 146 990
118 418 161
418 118 161
421 736 608
736 421 608
29 456 814
456 29 814
686 646 250
646 686 250
777 553 139
553 777 139
301 558 418
558 301 418
490 476 861
476 490 861
182 81 296
81 182 296
74 305 204
305 74 204
201 311 891
311 201 891
249 343 234
343 249 234
589 32 965
32 589 965
168 381 614
381 168 614
695 8 951
8 695 951
57 95 180
95 57 180
198 457 124
457 198 124
544 9 460
9 544 460
752 742 888
742 752 888
200 38 735
38 200 735
192 732 18
732 192 18
704 557 491
557 704 491
176 298 773
298 176 773
426 653 581
653 426 581
568 748 712
748 568 712
773 756 211
756 773 211
538 540 883
540 538 883
3 274 441
274 3 441
699 59 932
59 699 932
779 188 872
188 779 872
675 243 136
243 675 136
405 318 969
318 405 969
692 608 821
608 692 821
139 418 789
418 139 789
192 200 578
200 192 578
591 458 491
458 591 491
37 189 480
189 37 480
260 151 818
151 260 818
410 301 762
301 410 762
431 502 673
502 431 673
145 199 317
199 145 317
300 518 980
518 300 980
91 363 406
363 91 406
551 129 246
129 551 246
687 232 709
232 687 709
53 253 780
253 53 780
547 137 754
137 547 754
461 262 207
262 461 207
153 577 706
577 153 706
695 187 316
187 695 316
372 464 154
464 372 154
116 659 314
659 116 314
747 36 355
36 747 355
659 697 607
697 659 607
110 635 107
635 110 107
24 185 588
185 24 588
3 306 190
306 3 190
99 581 586
581 99 586
528 549 423
549 528 423
363 97 730
97 363 730
328 194 537
194 328 537
7 363 871
363 7 871
549 313 960
313 549 960
133 629 30
629 133 30
734 225 434
225 734 434
138 66 813
66 138 813
277 425 601
425 277 601
325 475 435
475 325 435
595 658 85
658 595 85
722 35 891
35 722 891
41 186 909
186 41 909
134 46 41
46 134 41
101 24 395
24 101 395
228 349 381
349 228 381
97 433 606
433 97 606
722 16 552
16 722 552
499 155 107
155 499 107
263 139 197
139 263 197
222 278 657
278 222 657
313 8 147
8 313 147
556 438 941
438 556 941
611 656 362
656 611 362
219 368 583
368 219 583
159 707 118
707 159 118
368 427 92
427 368 92
75 757 773
757 75 773
773 354 241
354 773 241
614 390 997
390 614 997
532 701 934
701 532 934
477 729 203
729 477 203
465 579 983
579 465 983
768 365 428
365 768 428
683 701 984
701 683 984
271 52 831
52 271 831
505 566 371
566 505 371
586 214 257
214 586 257
271 160 510
160 271 510
6 191 579
191 6 579
237 716 927
716 237 927
269 549 271
549 269 271
610 443 103
443 610 103
137 466 335
466 137 335
576 632 636
632 576 636
761 439 246
439 761 246
679 546 66
546 679 66
261 250 491
250 261 491
146 567 230
567 146 230
747 647 141
647 747 141
753 683 583
683 753 583
158 246 488
246 158 488
80 612 240
612 80 240
473 326 222
326 473 222
274 261 340
261 274 340
273 599 302
599 273 302
52 15 461
15 52 461
232 652 487
652 232 487
307 694 195
694 307 195
303 425 163
425 303 163
87 496 852
496 87 852
34 589 359
589 34 359
275 307 399
307 275 399
198 563 742
563 198 742
328 522 501
522 328 501
755 150 623
150 755 623
199 709 879
709 199 879
716 92 7
92 716 7
468 184 890
184 468 890
222 227 230
227 222 230
535 6 322
6 535 322
531 334 834
334 531 834
197 604 949
604 197 949
268 167 25
167 268 25
771 7 561
7 771 561
594 25 49
25 594 49
65 640 978
640 65 978
274 643 463
643 274 463
596 236 26
236 596 26
164 472 108
472 164 108
149 169 814
169 149 814
362 448 819
448 362 819
299 482 63
482 299 63
710 319 823
319 710 823
280 308 121
308 280 121
778 305 763
305 778 763
572 525 538
525 572 538
525 439 854
439 525 854
98 116 553
116 98 553
197 191 606
191 197 606
480 368 847
368 480 847
339 488 110
488 339 110
627 545 883
545 627 883
11 139 244
139 11 244
618 774 940
774 618 940
662 363 409
363 662 409
51 237 534
237 51 534
449 397 871
397 449 871
644 38 133
38 644 133
315 723 956
723 315 956
727 620 67
620 727 67
238 38 894
38 238 894
121 11 444
11 121 444
619 748 430
748 619 430
513 675 831
675 513 831
395 50 37
50 395 37
612 357 680
357 612 680
200 287 717
287 200 717
381 461 586
461 381 586
728 637 897
637 728 897
375 154 596
154 375 596
21 166 467
166 21 467
328 760 822
760 328 822
149 214 791
214 149 791
239 370 236
370 239 236
207 351 881
351 207 881
310 628 243
628 310 243
174 217 311
217 174 311
489 509 444
509 489 444
317 577 806
577 317 806
583 278 761
278 583 761
440 219 863
219 440 863
1 679 306
679 1 306
323 52 248
52 323 248
616 402 167
402 616 167
369 191 428
191 369 428
341 360 281
360 341 281
161 228 401
228 161 401
759 140 974
140 759 974
231 321 695
321 231 695
261 56 654
56 261 654
27 605 830
605 27 830
347 67 8
67 347 8
200 486 203
486 200 203
531 514 166
514 531 166
635 17 435
17 635 435
534 29 823
29 534 823
117 40 41
40 117 41
347 526 677
526 347 677
98 107 14
107 98 14
89 702 154
702 89 154
346 521 242
521 346 242
270 103 340
103 270 340
695 492 517
492 695 517
598 356 944
356 598 944
415 238 653
238 415 653
644 302 150
302 644 150
778 527 252
527 778 252
172 665 916
665 172 916
342 349 452
349 342 452
763 259 745
259 763 745
741 765 390
765 741 390
30 566 993
566 30 993
127 198 39
198 127 39
198 101 534
101 198 534
770 451 93
451 770 93
400 316 975
316 400 975
501 687 737
687 501 737
271 170 265
170 271 265
406 703 443
703 406 443
85 445 169
445 85 169
88 245 112
245 88 112
654 433 96
433 654 96
605 672 643
672 605 643
655 390 868
390 655 868
521 770 329
770 521 329
92 618 755
618 92 755
484 703 326
703 484 326
280 581 918
581 280 918
89 769 980
769 89 980
590 140 855
140 590 855
20 549 470
549 20 470
148 588 362
588 148 362
35 729 925
729 35 925
423 137 730
137 423 730
153 419 872
419 153 872
340 275 767
275 340 767
499 244 947
244 499 947
312 682 307
682 312 307
662 68 592
68 662 592
237 158 235
158 237 235
94 98 787
98 94 787
62 452 378
452 62 378
131 252 831
252 131 831
103 724 288
724 103 288
581 625 338
625 581 338
215 747 68
747 215 68
670 558 549
558 670 549
4 699 99
699 4 99
109 270 346
270 109 346
190 672 551
672 190 551
241 134 360
134 241 360
213 451 260
451 213 260
668 412 11
412 668 11
520 22 964
22 520 964
374 149 677
149 374 677
155 742 845
742 155 845
249 149 470
149 249 470
401 279 102
279 401 102
318 547 856
547 318 856
256 607 391
607 256 391
390 20 418
20 390 418
194 193 352
193 194 352
695 581 289
581 695 289
364 438 997
438 364 997
586 289 454
289 586 454
332 557 935
557 332 935
33 45 573
45 33 573
398 712 674
712 398 674
482 188 455
188 482 455
348 217 644
217 348 644
668 616 139
616 668 139
139 772 34
772 139 34
104 414 949
414 104 949
306 164 210
164 306 210
67 240 525
240 67 525
195 159 748
159 195 748
536 477 134
477 536 134
71 570 639
570 71 639
643 118 458
118 643 458
358 311 43
311 358 43
442 248 563
248 442 563
723 708 709
708 723 709
56 725 105
725 56 105
195 211 236
211 195 236
302 320 512
320 302 512
451 281 158
281 451 158
134 684 335
684 134 335
701 86 42
86 701 42
486 183 384
183 486 384
581 331 199
331 581 199
544 290 774
290 544 774
44 490 600
490 44 600
490 71 800
71 490 800
396 238 210
238 396 210
365 340 889
340 365 889
178 561 237
561 178 237
448 284 237
284 448 237
502 515 432
515 502 432
525 356 28
356 525 28
135 32 295
32 135 295
249 460 671
460 249 671
482 289 208
289 482 208
744 713 391
713 744 391
255 260 689
260 255 689
719 710 91
710 719 91
398 704 372
704 398 372
571 327 595
327 571 595
482 488 366
488 482 366
456 673 878
673 456 878
582 95 296
95 582 296
615 666 790
666 615 790
311 292 878
292 311 878
712 87 445
87 712 445
530 541 209
541 530 209
445 638 693
638 445 693
225 718 531
718 225 531
526 340 158
340 526 158
600 625 465
625 600 465
401 272 641
272 401 641
564 440 976
440 564 976
699 212 82
212 699 82
289 260 348
260 289 348
547 613 197
613 547 197
499 329 693
329 499 693
211 237 161
237 211 161
35 598 551
598 35 551
358 62 446
62 358 446
107 777 671
777 107 671
507 78 483
78 507 483
598 117 478
117 598 478
606 139 375
139 606 375
21 613 71
613 21 71
127 460 215
460 127 215
407 143 474
143 407 474
680 210 661
210 680 661
411 305 493
305 411 493
37 207 263
207 37 263
758 281 214
281 758 214
478 410 681
410 478 681
741 626 671
626 741 671
649 696 747
696 649 747
600 521 598
521 600 598
508 189 707
189 508 707
681 547 825
547 681 825
313 774 284
774 313 284
627 142 845
142 627 845
26 729 360
729 26 360
77 378 48
378 77 48
422 611 47
611 422 47
206 145 788
145 206 788
127 684 47
684 127 47
738 136 611
136 738 611
659 242 273
242 659 273
698 423 485
423 698 485
122 664 68
664 122 68
512 241 973
241 512 973
135 73 780
73 135 780
752 672 244
672 752 244
443 426 929
426 443 929
772 614 18
614 772 18
99 15 500
15 99 500
596 720 661
720 596 661
671 126 895
126 671 895
456 328 49
328 456 49
629 656 233
656 629 233
320 106 803
106 320 803
101 776 267
776 101 267
466 313 153
313 466 153
497 336 742
336 497 742
434 667 534
667 434 534
294 530 867
530 294 867
402 501 627
501 402 627
778 222 574
222 778 574
123 351 536
351 123 536
326 578 189
578 326 189
451 470 103
470 451 103
626 190 897
190 626 897
145 298 260
298 145 260
449 112 113
112 449 113
528 293 123
293 528 123
223 204 418
204 223 418
521 301 579
301 521 579
317 727 764
727 317 764
98 699 960
699 98 960
111 247 770
247 111 770
751 240 959
240 751 959
611 594 239
594 611 239
630 495 645
495 630 645
390 691 994
691 390 994
304 684 291
684 304 291
513 30 59
30 513 59
383 145 239
145 383 239
67 756 923
756 67 923
523 510 999
510 523 999
508 209 759
209 508 759
155 410 557
410 155 557
337 336 370
336 337 370
347 553 55
553 347 55
22 616 298
616 22 298
650 339 888
339 650 888
257 335 501
335 257 501
669 188 209
188 669 209
762 473 355
473 762 355
402 591 74
591 402 74
220 419 652
419 220 652
327 624 860
624 327 860
648 156 293
156 648 293
120 479 779
479 120 779
40 79 641
79 40 641
714 673 606
673 714 606
281 232 985
232 281 985
246 733 104
733 246 104
210 414 359
414 210 359
60 400 349
400 60 349
151 379 850
379 151 850
631 327 921
327 631 921
531 473 770
473 531 770
574 225 109
225 574 109
369 429 432
429 369 432
538 43 135
43 538 135
538 738 976
738 538 976
81 93 572
93 81 572
216 249 839
249 216 839
516 425 193
425 516 193
219 78 819
78 219 819
322 219 187
219 322 187
570 637 345
637 570 345
406 766 64
766 406 64
187 662 561
662 187 561
327 382 373
382 327 373
112 270 366
270 112 366
673 17 347
17 673 347
643 535 990
535 643 990
593 29 756
29 593 756
532 561 693
561 532 693
335 380 475
380 335 475
728 262 553
262 728 553
667 680 324
680 667 324
545 639 953
639 545 953
646 411 712
411 646 712
714 324 680
324 714 680
465 141 729
141 465 729
535 650 629
650 535 629
637 476 715
476 637 715
73 692 998
692 73 998
775 494 626
494 775 626
737 569 465
569 737 465
231 759 243
759 231 243
762 51 212
51 762 212
758 129 202
129 758 202
634 528 7
528 634 7
233 159 286
159 233 286
501 101 347
101 501 347
263 703 352
703 263 352
270 276 80
276 270 80
699 166 443
166 699 443
50 100 148
100 50 148
727 547 487
547 727 487
677 712 660
712 677 660
557 665 383
665 557 383
148 353 476
353 148 476
713 93 7
93 713 7
326 153 59
153 326 59
280 491 943
491 280 943
371 666 419
666 371 419
258 711 588
711 258 588
289 471 586
471 289 586
154 142 890
142 154 890
68 633 586
633 68 586
672 56 609
56 672 609
696 687 182
687 696 182
303 582 11
582 303 11
733 693 952
693 733 952
271 136 901
136 271 901
168 81 274
81 168 274
319 167 934
167 319 934
180 427 629
427 180 629
69 446 668
446 69 668
144 666 778
666 144 778
642 742 688
742 642 688
127 117 671
117 127 671
417 28 496
28 417 496
21 347 434
347 21 434
286 382 32
382 286 32
699 362 335
362 699 335
472 713 241
713 472 241
122 478 23
478 122 23
310 256 971
256 310 971
418 97 899
97 418 899
527 267 159
267 527 159
358 402 549
402 358 549
537 115 447
115 537 447
9 0 717
0 9 717
513 441 222
441 513 222
22 346 954
346 22 954
542 515 152
515 542 152
725 368 827
368 725 827
31 329 906
329 31 906
187 106 432
106 187 432
714 195 919
195 714 919
16 634 837
634 16 837
183 368 687
368 183 687
389 257 213
257 389 213
704 195 219
195 704 219
721 128 12
128 721 12
738 143 208
143 738 208
686 695 254
695 686 254
766 667 914
667 766 914
312 564 658
564 312 658
166 211 325
211 166 325
229 751 212
751 229 212
692 744 76
744 692 76
496 77 954
77 496 954
12 51 163
51 12 163
247 742 712
742 247 712
96 656 333
656 96 333
208 715 246
715 208 246
652 19 505
19 652 505
257 167 134
167 257 134
713 443 636
443 713 636
759 311 315
311 759 315
210 103 274
103 210 274
352 123 969
123 352 969
731 492 643
492 731 643
132 174 312
174 132 312
453 20 792
20 453 792
454 589 990
589 454 990
745 18 358
18 745 358
85 55 871
55 85 871
190 696 608
696 190 608
180 659 270
659 180 270
211 127 983
127 211 983
378 748 63
748 378 63
749 396 351
396 749 351
7 204 331
204 7 331
776 228 656
228 776 656
373 408 924
408 373 924
470 359 851
359 470 851
674 310 290
310 674 290
691 18 638
18 691 638
248 171 662
171 248 662
547 495 354
495 547 354
218 636 996
636 218 996
707 272 559
272 707 559
611 293 554
293 611 554
297 656 6
656 297 6
451 148 973
148 451 973
722 136 967
136 722 967
544 260 435
260 544 435
188 606 734
606 188 734
703 468 527
468 703 527
677 323 619
323 677 619
409 672 701
672 409 701
632 733 414
733 632 414
337 50 54
50 337 54
307 434 347
434 307 347
237 561 701
561 237 701
225 146 520
146 225 520
366 698 612
698 366 612
127 122 624
122 127 624
640 35 493
35 640 493
317 343 752
343 317 752
370 280 228
280 370 228
208 464 252
464 208 252
530 748 757
748 530 757
47 285 784
285 47 784
756 199 192
199 756 192
771 599 333
599 771 333
146 22 807
22 146 807
477 527 779
527 477 779
203 343 618
343 203 618
584 36 497
36 584 497
305 259 629
259 305 629
497 130 97
130 497 97
683 460 223
460 683 223
568 158 357
158 568 357
49 437 297
437 49 297
653 507 385
507 653 385
763 177 692
177 763 692
521 528 543
528 521 543
675 491 927
491 675 927
213 567 402
567 213 402
542 121 547
121 542 547
135 778 486
778 135 486
69 686 901
686 69 901
477 153 358
153 477 358
347 402 152
402 347 152
209 453 829
453 209 829
762 109 95
109 762 95
131 482 708
482 131 708
707 188 670
188 707 670
733 634 745
634 733 745
429 521 356
521 429 356
615 0 715
0 615 715
461 82 723
82 461 723
140 48 481
48 140 481
531 179 556
179 531 556
276 64 422
64 276 422
398 695 603
695 398 603
612 521 249
521 612 249
573 529 880
529 573 880
609 17 544
17 609 544
660 652 219
652 660 219
381 673 176
673 381 176
245 236 917
236 245 917
658 705 601
705 658 601
3 19 553
19 3 553
108 63 100
63 108 100
217 777 348
777 217 348
661 234 470
234 661 470
202 68 280
68 202 280
237 22 978
22 237 978
561 627 815
627 561 815
381 171 908
171 381 908
259 623 522
623 259 522
720 110 606
110 720 606
559 725 246
725 559 246
628 132 727
132 628 727
220 524 38
524 220 38
27 562 360
562 27 360
167 669 437
669 167 437
163 59 945
59 163 945
255 276 809
276 255 809
760 713 736
713 760 736
514 105 525
105 514 525
550 98 616
98 550 616
655 376 478
376 655 478
679 301 349
301 679 349
409 694 121
694 409 121
456 463 958
463 456 958
194 104 306
104 194 306
75 343 807
343 75 807
528 556 930
556 528 930
140 627 810
627 140 810
560 380 895
380 560 895
115 174 842
174 115 842
588 571 388
571 588 388
609 93 550
93 609 550
665 385 945
385 665 945
427 289 902
289 427 902
636 51 468
51 636 468
393 716 758
716 393 758
742 369 440
369 742 440
442 588 195
588 442 195
110 21 52
21 110 52
395 230 507
230 395 507
777 110 106
110 777 106
36 740 216
740 36 216
209 615 114
615 209 114
132 545 868
545 132 868
442 45 541
45 442 541
64 220 386
220 64 386
340 121 431
121 340 431
669 221 778
221 669 778
286 175 468
175 286 468
635 155 112
155 635 112
682 625 107
625 682 107
187 151 87
151 187 87
327 497 9
497 327 9
392 338 959
338 392 959
704 480 537
480 704 537
135 462 673
462 135 673
208 546 578
546 208 578
724 282 329
282 724 329
467 747 959
747 467 959
312 656 507
656 312 507
56 331 951
331 56 951
658 418 244
418 658 244
24 735 635
735 24 635
315 54 388
54 315 388
635 76 186
76 635 186
675 512 288
512 675 288
439 664 438
664 439 438
193 46 216
46 193 216
468 61 681
61 468 681
570 765 590
765 570 590
437 371 447
371 437 447
398 526 212
526 398 212
169 719 688
719 169 688
644 683 361
683 644 361
396 29 339
29 396 339
343 751 673
751 343 673
633 632 606
632 633 606
590 136 450
136 590 450
2 100 890
100 2 890
28 82 7
82 28 7
185 114 42
114 185 42
38 167 938
167 38 938
369 117 518
117 369 518
92 407 33
407 92 33
250 195 709
195 250 709
219 285 958
285 219 958
45 369 18
369 45 18
74 432 107
432 74 107
204 156 224
156 204 224
451 129 739
129 451 739
0 31 400
31 0 400
354 601 204
601 354 204
621 73 462
73 621 462
620 426 896
426 620 896
366 359 789
359 366 789
628 119 186
119 628 186
267 420 826
420 267 826
734 367 188
367 734 188
435 244 265
244 435 265
499 356 443
356 499 443
679 118 136
118 679 136
491 132 249
132 491 249
494 70 317
70 494 317
185 637 886
637 185 886
383 430 557
430 383 557
539 345 723
345 539 723
172 438 114
438 172 114
183 530 837
530 183 837
327 733 254
733 327 254
177 563 463
563 177 463
352 253 894
253 352 894
274 541 105
541 274 105
650 473 557
473 650 557
696 777 419
777 696 419
543 546 624
546 543 624
258 722 726
722 258 726
563 379 399
379 563 399
84 104 543
104 84 543
446 682 887
682 446 887
599 51 948
51 599 948
689 113 632
113 689 632
539 404 950
404 539 950
291 554 997
554 291 997
662 709 860
709 662 860
341 230 553
230 341 553
457 232 322
232 457 322
36 568 333
568 36 333
748 435 570
435 748 570
69 8 967
8 69 967
375 98 550
98 375 550
344 286 680
286 344 680
751 511 118
511 751 118
125 655 210
655 125 210
184 518 604
518 184 604
471 518 7
518 471 7
646 260 359
260 646 359
372 398 93
398 372 93
540 552 25
552 540 25
754 664 152
664 754 152
12 240 262
240 12 262
560 508 75
508 560 75
22 529 229
529 22 229
366 69 35
69 366 35
601 400 341
400 601 341
514 60 474
60 514 474
94 68 848
68 94 848
189 60 751
60 189 751
397 730 857
730 397 857
589 535 875
535 589 875
724 316 244
316 724 244
634 163 848
163 634 848
593 642 429
642 593 429
706 227 53
227 706 53
568 355 908
355 568 908
662 731 218
731 662 218
351 720 610
720 351 610
450 318 411
318 450 411
131 326 19
326 131 19
753 260 182
260 753 182
25 303 950
303 25 950
33 146 853
146 33 853
571 260 746
260 571 746
678 233 670
233 678 670
250 628 713
628 250 713
181 221 487
221 181 487
188 355 270
355 188 270
193 553 590
553 193 590
233 281 261
281 233 261
624 537 314
537 624 314
214 625 832
625 214 832
577 169 900
169 577 900
406 168 114
168 406 114
304 61 427
61 304 427
414 691 179
691 414 179
533 218 846
218 533 846
584 169 881
169 584 881
528 766 967
766 528 967
605 210 661
210 605 661
558 422 633
422 558 633
262 70 793
70 262 793
522 72 869
72 522 869
749 476 754
476 749 754
672 343 489
343 672 489
95 478 771
478 95 771
573 594 32
594 573 32
671 218 712
218 671 712
304 160 956
160 304 956
139 266 665
266 139 665
457 5 97
5 457 97
684 774 302
774 684 302
690 541 478
541 690 478
635 462 555
462 635 555
294 775 976
775 294 976
526 336 635
336 526 635
54 258 680
258 54 680
772 113 651
113 772 651
204 437 580
437 204 580
124 455 987
455 124 987
722 59 694
59 722 694
197 306 112
306 197 112
154 157 989
157 154 989
393 199 145
199 393 145
523 441 467
441 523 467
386 190 161
190 386 161
618 137 382
137 618 382
673 614 464
614 673 464
4 606 976
606 4 976
331 251 611
251 331 611
747 312 723
312 747 723
233 71 983
71 233 983
2 605 299
605 2 299
389 647 83
647 389 83
620 4 975
4 620 975
68 415 765
415 68 765
457 392 313
392 457 313
82 187 3
187 82 3
465 424 371
424 465 371
409 212 381
212 409 381
214 618 317
618 214 317
527 239 526
239 527 526
183 240 690
240 183 690
371 513 296
513 371 296
243 302 86
302 243 86
213 79 0
79 213 0
140 663 233
663 140 233
565 394 552
394 565 552
217 258 602
258 217 602
74 264 943
264 74 943
591 555 164
555 591 164
367 415 962
415 367 962
137 294 508
294 137 508
328 560 882
560 328 882
139 43 694
43 139 694
599 209 366
209 599 366
475 70 855
70 475 855
188 109 158
109 188 158
339 433 488
433 339 488
660 636 302
636 660 302
570 688 211
688 570 211
410 673 489
673 410 489
36 685 227
685 36 227
275 429 283
429 275 283
483 176 664
176 483 664
375 687 694
687 375 694
663 304 442
304 663 442
322 15 418
15 322 418
730 222 914
222 730 914
32 237 261
237 32 261
481 768 762
768 481 762
291 614 493
614 291 493
697 664 422
664 697 422
23 484 958
484 23 958
273 349 15
349 273 15
484 185 914
185 484 914
419 78 837
78 419 837
633 354 340
354 633 340
594 745 306
745 594 306
309 75 388
75 309 388
640 362 338
362 640 338
167 203 710
203 167 710
206 270 889
270 206 889
87 477 321
477 87 321
561 310 754
310 561 754
430 481 99
481 430 99
390 761 463
761 390 463
613 229 139
229 613 139
679 310 254
310 679 254
413 479 349
479 413 349
218 276 953
276 218 953
98 669 786
669 98 786
292 650 504
650 292 504
572 495 150
495 572 150
453 86 262
86 453 262
92 258 822
258 92 822
489 220 357
220 489 357
734 498 513
498 734 513
177 452 240
452 177 240
107 693 865
693 107 865
147 658 199
658 147 199
446 445 856
445 446 856
385 273 404
273 385 404
108 541 208
541 108 208
28 332 393
332 28 393
587 77 962
77 587 962
59 27 528
27 59 528
730 687 810
687 730 810
190 23 876
23 190 876
312 317 323
317 312 323
89 261 784
261 89 784
202 236 854
236 202 854
113 776 546
776 113 546
392 703 470
703 392 470
223 741 764
741 223 764
428 700 26
700 428 26
647 621 201
621 647 201
510 633 348
633 510 348
710 428 317
428 710 317
331 281 343
281 331 343
278 12 309
12 278 309
692 57 908
57 692 908
401 305 799
305 401 799
329 263 655
263 329 655
277 76 358
76 277 358
201 476 764
476 201 764
27 132 16
132 27 16
109 370 578
370 109 578
195 196 25
196 195 25
497 565 105
565 497 105
456 375 436
375 456 436
477 518 854
518 477 854
593 711 60
711 593 60
247 354 716
354 247 716
576 554 807
554 576 807
10 629 84
629 10 84
181 753 320
753 181 320
34 172 763
172 34 763
182 77 605
77 182 605
106 590 870
590 106 870
730 282 670
282 730 670
433 278 916
278 433 916
648 496 843
496 648 843
118 335 631
335 118 631
28 406 836
406 28 836
249 11 82
11 249 82
106 580 958
580 106 958
103 134 384
134 103 384
630 218 337
218 630 337
208 623 903
623 208 903
96 576 907
576 96 907
758 323 644
323 758 644
751 661 903
661 751 903
574 145 148
145 574 148
111 401 978
401 111 978
663 618 541
618 663 541
386 66 318
66 386 318
140 382 455
382 140 455
290 558 552
558 290 552
607 691 513
691 607 513
81 12 623
12 81 623
138 647 839
647 138 839
704 623 426
623 704 426
80 630 569
630 80 569
571 482 845
482 571 845
64 764 626
764 64 626
320 267 147
267 320 147
426 737 657
737 426 657
613 190 884
190 613 884
33 82 980
82 33 980
14 296 975
296 14 975
135 166 51
166 135 51
615 196 947
196 615 947
261 686 4
686 261 4
43 367 117
367 43 117
207 652 42
652 207 42
395 326 157
326 395 157
672 157 416
157 672 416
503 616 83
616 503 83
542 76 90
76 542 90
111 236 813
236 111 813
81 141 523
141 81 523
324 182 76
182 324 76
637 358 304
358 637 304
249 702 821
702 249 821
717 549 382
549 717 382
283 536 175
536 283 175
180 374 436
374 180 436
116 706 665
706 116 665
362 285 95
285 362 95
141 17 162
17 141 162
13 107 991
107 13 991
433 180 899
180 433 899
772 159 537
159 772 537
344 394 731
394 344 731
476 751 492
751 476 492
109 118 901
118 109 901
678 546 52
546 678 52
12 544 534
544 12 534
732 386 266
386 732 266
596 695 121
695 596 121
348 309 711
309 348 711
600 699 291
699 600 291
612 767 306
767 612 306
17 60 325
60 17 325
776 244 314
244 776 314
158 751 505
751 158 505
104 258 125
258 104 125
269 611 215
611 269 215
35 59 122
59 35 122
601 740 228
740 601 228
655 582 516
582 655 516
18 597 301
597 18 301
687 117 489
117 687 489
613 735 586
735 613 586
143 152 208
152 143 208
501 600 722
600 501 722
88 553 759
553 88 759
56 375 805
375 56 805
672 193 570
193 672 570
729 616 553
616 729 553
299 152 132
152 299 132
208 49 132
49 208 132
703 576 955
576 703 955
291 700 669
700 291 669
470 162 112
162 470 112
155 217 48
217 155 48
121 406 881
406 121 881
343 468 31
468 343 31
558 52 195
52 558 195
138 48 623
48 138 623
271 592 12
592 271 12
624 270 8
270 624 8
98 73 270
73 98 270
518 33 617
33 518 617
627 617 612
617 627 612
486 111 107
111 486 107
56 475 563
475 56 563
411 54 159
54 411 159
708 631 34
631 708 34
233 672 121
672 233 121
363 487 460
487 363 460
168 177 276
177 168 276
501 662 569
662 501 569
378 548 309
548 378 309
469 426 609
426 469 609
731 211 108
211 731 108
143 309 205
309 143 205
545 461 372
461 545 372
245 766 667
766 245 667
575 47 901
47 575 901
456 390 20
390 456 20
479 218 70
218 479 70
64 342 416
342 64 416
714 530 735
530 714 735
51 331 446
331 51 446
491 693 887
693 491 887
134 396 443
396 134 443
660 354 398
354 660 398
60 581 392
581 60 392
6 287 643
287 6 643
192 751 70
751 192 70
423 230 325
230 423 325
60 63 542
63 60 542
246 248 1000
248 246 1000
179 474 62
474 179 62
714 501 515
501 714 515
441 614 672
614 441 672
620 490 614
490 620 614
8 34 259
34 8 259
590 366 112
366 590 112
623 423 293
423 623 293
532 623 673
623 532 673
612 14 595
14 612 595
279 772 414
772 279 414
131 728 670
728 131 670
504 529 912
529 504 912
560 729 310
729 560 310
356 96 632
96 356 632
265 13 209
13 265 209
605 306 810
306 605 810
179 665 771
665 179 771
138 175 527
175 138 527
375 261 416
261 375 416
461 167 370
167 461 370
312 472 949
472 312 949
553 217 622
217 553 622
48 472 862
472 48 862
70 400 964
400 70 964
622 703 104
703 622 104
9 82 717
82 9 717
656 691 427
691 656 427
755 190 344
190 755 344
256 426 348
426 256 348
97 745 356
745 97 356
542 607 320
607 542 320
299 173 260
173 299 260
749 330 654
330 749 654
169 656 288
656 169 288
720 272 598
272 720 598
502 424 623
424 502 623
573 737 922
737 573 922
302 28 641
28 302 641
700 536 953
536 700 953
335 763 48
763 335 48
101 43 370
43 101 370
534 456 640
456 534 640
242 159 462
159 242 462
656 703 280
703 656 280
109 415 221
415 109 221
38 534 93
534 38 93
0 307 502
307 0 502
754 468 430
468 754 430
25 63 963
63 25 963
6 731 189
731 6 189
684 337 128
337 684 128
589 317 87
317 589 87
731 722 726
722 731 726
535 768 170
768 535 170
646 526 424
526 646 424
114 538 280
538 114 280
756 505 337
505 756 337
273 251 222
251 273 222
439 598 798
598 439 798
154 770 346
770 154 346
254 268 97
268 254 97
712 78 951
78 712 951
521 285 169
285 521 169
704 45 595
45 704 595
334 657 272
657 334 272
702 453 808
453 702 808
257 564 978
564 257 978
102 469 292
469 102 292
591 452 579
452 591 579
560 422 642
422 560 642
678 212 672
212 678 672
540 105 303
105 540 303
36 316 450
316 36 450
469 27 914
27 469 914
378 712 717
712 378 717
443 526 785
526 443 785
353 702 476
702 353 476
619 151 447
151 619 447
286 763 130
763 286 130
523 588 457
588 523 457
89 758 889
758 89 889
283 357 971
357 283 971
190 436 317
436 190 317
253 526 461
526 253 461
400 490 948
490 400 948
462 438 117
438 462 117
0 762 925
762 0 925
238 767 434
767 238 434
558 292 911
292 558 911
107 254 858
254 107 858
670 522 182
522 670 182
300 374 421
374 300 421
194 498 338
498 194 338
56 767 343
767 56 343
578 285 492
285 578 492
309 717 99
717 309 99
553 110 466
110 553 466
261 432 155
432 261 155
214 137 890
137 214 890
723 632 306
632 723 306
653 169 939
169 653 939
273 140 683
140 273 683
219 486 483
486 219 483
655 133 20
133 655 20
302 373 795
373 302 795
770 34 114
34 770 114
233 542 552
542 233 552
612 472 295
472 612 295
18 497 459
497 18 459
379 286 296
286 379 296
54 64 244
64 54 244
698 755 22
755 698 22
669 145 146
145 669 146
744 753 105
753 744 105
439 754 842
754 439 842
375 390 143
390 375 143
442 338 785
338 442 785
361 251 428
251 361 428
595 105 831
105 595 831
562 653 591
653 562 591
774 378 243
378 774 243
646 601 183
601 646 183
166 252 293
252 166 293
172 261 576
261 172 576
115 241 965
241 115 965
216 92 108
92 216 108
128 495 4
495 128 4
414 759 590
759 414 590
719 277 542
277 719 542
693 350 617
350 693 617
127 713 437
713 127 437
27 642 263
642 27 263
606 120 199
120 606 199
170 129 321
129 170 321
392 137 938
137 392 938
182 777 200
777 182 200
1 103 703
103 1 703
204 541 93
541 204 93
660 414 516
414 660 516
634 599 919
599 634 919
245 604 163
604 245 163
124 646 514
646 124 514
159 313 595
313 159 595
56 180 393
180 56 393
232 65 542
65 232 542
263 327 437
327 263 437
481 655 504
655 481 504
46 640 624
640 46 624
123 298 974
298 123 974
606 61 176
61 606 176
504 717 323
717 504 323
23 368 917
368 23 917
37 443 631
443 37 631
266 308 427
308 266 427
518 118 414
118 518 414
743 140 426
140 743 426
479 646 960
646 479 960
571 134 471
134 571 471
12 708 701
708 12 701
606 722 487
722 606 487
153 702 332
702 153 332
157 567 495
567 157 495
586 599 588
599 586 588
416 761 780
761 416 780
504 449 73
449 504 73
99 470 718
470 99 718
18 178 909
178 18 909
354 130 249
130 354 249
166 49 97
49 166 97
546 706 34
706 546 34
679 378 262
378 679 262
173 617 622
617 173 622
611 512 754
512 611 754
700 166 239
166 700 239
173 695 134
695 173 134
769 722 762
722 769 762
675 297 78
297 675 78
118 325 484
325 118 484
289 684 892
684 289 892
161 282 879
282 161 879
298 205 896
205 298 896
578 704 617
704 578 617
215 455 142
455 215 142
255 468 497
468 255 497
544 398 728
398 544 728
703 8 222
8 703 222
610 180 601
180 610 601
192 167 839
167 192 839
154 753 573
753 154 573
311 82 253
82 311 253
310 6 374
6 310 374
301 563 91
563 301 91
625 0 225
0 625 225
587 244 995
244 587 995
270 81 380
81 270 380
118 671 418
671 118 418
682 655 780
655 682 780
90 499 238
499 90 238
136 343 420
343 136 420
351 283 161
283 351 161
377 117 282
117 377 282
233 537 901
537 233 901
515 215 244
215 515 244
285 646 203
646 285 203
554 374 642
374 554 642
773 57 998
57 773 998
216 167 934
167 216 934
118 556 325
556 118 325
86 174 919
174 86 919
658 662 894
662 658 894
709 197 297
197 709 297
517 415 138
415 517 138
707 693 722
693 707 722
519 592 861
592 519 861
659 542 471
542 659 471
145 38 541
38 145 541
386 627 843
627 386 843
280 55 537
55 280 537
566 90 731
90 566 731
64 129 40
129 64 40
8 663 63
663 8 63
179 725 582
725 179 582
472 222 488
222 472 488
311 8 539
8 311 539
436 420 266
420 436 266
205 291 847
291 205 847
111 66 874
66 111 874
158 168 140
168 158 140
587 453 709
453 587 709
566 283 467
283 566 467
630 456 62
456 630 62
438 366 685
366 438 685
348 699 919
699 348 919
394 353 965
353 394 965
554 317 212
317 554 212
229 609 240
609 229 240
97 588 568
588 97 568
309 80 196
80 309 196
618 250 845
250 618 845
559 168 496
168 559 496
751 73 201
73 751 201
777 414 232
414 777 232
462 675 528
675 462 528
56 684 496
684 56 496
657 129 402
129 657 402
250 423 29
423 250 29
126 181 828
181 126 828
666 776 611
776 666 611
1 671 209
671 1 209
309 457 280
457 309 280
240 356 621
356 240 621
144 479 599
479 144 599
218 231 535
231 218 535
446 760 823
760 446 823
391 10 660
10 391 660
439 727 919
727 439 919
174 251 20
251 174 20
372 635 675
635 372 675
193 8 357
8 193 357
142 58 579
58 142 579
297 223 250
223 297 250
348 20 520
20 348 520
328 32 168
32 328 168
764 226 449
226 764 449
736 773 221
773 736 221
372 621 717
621 372 717
165 269 227
269 165 227
728 438 276
438 728 276
437 136 353
136 437 353
691 101 147
101 691 147
2 297 719
297 2 719
238 448 937
448 238 937
512 131 877
131 512 877
621 504 37
504 621 37
73 689 911
689 73 911
480 0 642
0 480 642
319 738 276
738 319 276
278 320 349
320 278 349
322 680 858
680 322 858
128 570 538
570 128 538
471 591 720
591 471 720
445 104 892
104 445 892
414 664 45
664 414 45
581 714 991
714 581 991
715 274 764
274 715 764
421 54 903
54 421 903
471 441 251
441 471 251
531 46 941
46 531 941
775 354 177
354 775 177
718 471 627
471 718 627
166 106 19
106 166 19
757 234 111
234 757 111
288 195 700
195 288 700
688 740 723
740 688 723
10 646 952
646 10 952
590 282 738
282 590 738
603 668 243
668 603 243
405 698 525
698 405 525
56 111 727
111 56 727
19 603 213
603 19 213
9 106 352
106 9 352
360 250 352
250 360 352
522 371 893
371 522 893
457 576 680
576 457 680
248 57 299
57 248 299
160 574 548
574 160 548
304 0 993
0 304 993
581 12 349
12 581 349
736 430 914
430 736 914
409 397 558
397 409 558
438 513 217
513 438 217
36 121 274
121 36 274
324 50 16
50 324 16
174 668 964
668 174 964
394 109 368
109 394 368
428 52 612
52 428 612
285 243 680
243 285 680
618 106 52
106 618 52
142 631 845
631 142 845
199 409 580
409 199 580
641 355 887
355 641 887
440 301 962
301 440 962
668 60 1
60 668 1
608 81 246
81 608 246
524 226 686
226 524 686
66 598 897
598 66 897
24 83 27
83 24 27
672 38 432
38 672 432
183 456 66
456 183 66
359 391 318
391 359 318
671 609 814
609 671 814
120 663 439
663 120 439
632 255 217
255 632 217
52 273 801
273 52 801
570 530 970
530 570 970
31 84 880
84 31 880
284 741 255
741 284 255
614 175 280
175 614 280
683 2 512
2 683 512
570 764 814
764 570 814
284 222 922
222 284 922
346 422 814
422 346 814
379 21 243
21 379 243
559 107 354
107 559 354
14 777 601
777 14 601
660 308 176
308 660 176
70 698 546
698 70 546
652 304 802
304 652 802
754 25 723
25 754 723
566 144 539
144 566 539
199 69 840
69 199 840
113 320 760
320 113 760
728 33 375
33 728 375
14 298 520
298 14 520
340 541 76
541 340 76
584 91 371
91 584 371
58 25 609
25 58 609
726 338 179
338 726 179
458 311 955
311 458 955
652 329 270
329 652 270
417 671 615
671 417 615
171 48 32
48 171 32
186 565 943
565 186 943
774 248 843
248 774 843
771 623 911
623 771 911
415 165 206
165 415 206
591 204 378
204 591 378
429 363 352
363 429 352
503 484 347
484 503 347
492 678 153
678 492 153
545 225 365
225 545 365
684 372 930
372 684 930
297 16 1000
16 297 1000
187 557 598
557 187 598
364 200 517
200 364 517
761 405 366
405 761 366
464 288 57
288 464 57
155 527 484
527 155 484
721 557 884
557 721 884
424 338 805
338 424 805
210 602 438
602 210 438
7 465 566
465 7 566
768 119 465
119 768 465
621 168 718
168 621 718
747 526 492
526 747 492
638 330 950
330 638 950
334 606 624
606 334 624
391 5 781
5 391 781
537 611 215
611 537 215
270 759 721
759 270 721
557 371 509
371 557 509
515 9 537
9 515 537
8 702 605
702 8 605
277 90 163
90 277 163
307 404 718
404 307 718
464 421 172
421 464 172
673 466 608
466 673 608
362 297 842
297 362 842
343 274 229
274 343 229
681 494 624
494 681 624
589 457 140
457 589 140
480 19 808
19 480 808
138 72 539
72 138 539
491 293 859
293 491 859
738 577 340
577 738 340
295 575 674
575 295 674
239 434 395
434 239 395
547 0 874
0 547 874
192 13 495
13 192 495
295 419 780
419 295 780
496 461 176
461 496 176
244 255 645
255 244 645
646 256 356
256 646 356
386 504 528
504 386 528
115 367 662
367 115 662
133 210 227
210 133 227
282 133 417
133 282 417
136 586 918
586 136 918
392 482 636
482 392 636
449 347 298
347 449 298
479 476 813
476 479 813
64 396 283
396 64 283
604 753 911
753 604 911
342 241 489
241 342 489
230 332 853
332 230 853
526 452 493
452 526 493
6 449 344
449 6 344
171 226 487
226 171 487
145 446 282
446 145 282
23 39 896
39 23 896
671 49 233
49 671 233
517 88 280
88 517 280
443 543 323
543 443 323
294 681 866
681 294 866
296 731 414
731 296 414
38 285 525
285 38 525
156 148 783
148 156 783
553 665 184
665 553 184
460 320 486
320 460 486
635 411 686
411 635 686
719 228 826
228 719 826
416 328 126
328 416 126
660 135 392
135 660 392
62 564 430
564 62 430
380 397 480
397 380 480
454 117 870
117 454 870
490 717 255
717 490 255
186 277 633
277 186 633
532 742 416
742 532 416
760 472 341
472 760 341
10 735 555
735 10 555
743 224 453
224 743 453
497 127 704
127 497 704
471 2 25
2 471 25
159 768 784
768 159 784
408 424 313
424 408 313
708 269 988
269 708 988
101 577 631
577 101 631
394 126 614
126 394 614
124 123 339
123 124 339
361 297 805
297 361 805
173 123 790
123 173 790
506 339 22
339 506 22
453 703 815
703 453 815
78 384 341
384 78 341
61 107 750
107 61 750
302 411 352
411 302 352
7 480 927
480 7 927
236 114 608
114 236 608
779 378 558
378 779 558
174 442 764
442 174 764
293 226 393
226 293 393
687 725 119
725 687 119
153 142 452
142 153 452
363 218 116
218 363 116
689 401 502
401 689 502
97 503 404
503 97 404
371 488 546
488 371 546
74 394 183
394 74 183
276 26 840
26 276 840
57 199 975
199 57 975
193 585 759
585 193 759
69 752 362
752 69 362
212 704 297
704 212 297
566 774 668
774 566 668
655 400 795
400 655 795
744 413 103
413 744 103
63 423 505
423 63 505
71 422 468
422 71 468
610 355 378
355 610 378
323 257 381
257 323 381
238 69 910
69 238 910
651 229 210
229 651 210
441 460 174
460 441 174
639 211 806
211 639 806
32 385 631
385 32 631
620 344 592
344 620 592
640 739 199
739 640 199
194 269 274
269 194 274
186 404 621
404 186 621
400 738 615
738 400 615
590 422 801
422 590 801
151 506 429
506 151 429
104 255 386
255 104 386
203 702 707
702 203 707
584 748 673
748 584 673
362 609 519
609 362 519
38 133 766
133 38 766
455 748 771
748 455 771
499 461 488
461 499 488
455 755 136
755 455 136
46 330 277
330 46 277
128 386 797
386 128 797
556 34 699
34 556 699
742 249 513
249 742 513
738 519 384
519 738 384
341 417 263
417 341 263
754 84 645
84 754 645
660 200 943
200 660 943
724 610 534
610 724 534
235 211 480
211 235 480
130 471 254
471 130 254
698 393 300
393 698 300
675 28 931
28 675 931
98 722 494
722 98 494
154 226 339
226 154 339
48 163 619
163 48 619
258 199 315
199 258 315
697 524 146
524 697 146
403 51 314
51 403 314
12 704 143
704 12 143
241 242 168
242 241 168
334 221 720
221 334 720
711 105 41
105 711 41
612 510 188
510 612 188
725 599 429
599 725 429
144 530 274
530 144 274
101 245 605
245 101 605
163 777 676
777 163 676
494 434 880
434 494 880
678 666 658
666 678 658
395 333 556
333 395 556
472 556 961
556 472 961
243 655 591
655 243 591
399 114 129
114 399 129
638 666 354
666 638 354
638 659 705
659 638 705
45 294 769
294 45 769
580 520 422
520 580 422
574 220 447
220 574 447
505 144 19
144 505 19
764 241 864
241 764 864
12 265 462
265 12 462
18 763 796
763 18 796
195 417 428
417 195 428
611 613 43
613 611 43
414 60 1
60 414 1
411 89 206
89 411 206
509 26 404
26 509 404
640 379 323
379 640 323
549 488 657
488 549 657
196 369 85
369 196 85
213 212 183
212 213 183
370 247 721
247 370 721
713 625 625
625 713 625
87 359 442
359 87 442
281 221 237
221 281 237
271 599 342
599 271 342
756 123 391
123 756 391
469 491 579
491 469 579
394 127 772
127 394 772
616 529 352
529 616 352
358 41 757
41 358 757
79 664 380
664 79 380
115 666 252
666 115 252
689 740 851
740 689 851
197 407 339
407 197 339
119 247 586
247 119 586
571 128 91
128 571 91
175 116 82
116 175 82
240 666 904
666 240 904
457 539 399
539 457 399
601 719 413
719 601 413
13 749 367
749 13 367
245 382 790
382 245 790
663 15 95
15 663 95
731 734 139
734 731 139
554 749 32
749 554 32
469 640 625
640 469 625
555 714 477
714 555 477
254 489 363
489 254 363
480 9 967
9 480 967
665 725 591
725 665 591
188 731 77
731 188 77
238 550 621
550 238 621
344 393 451
393 344 451
124 280 308
280 124 308
343 463 628
463 343 628
549 600 505
600 549 505
623 79 16
79 623 16
11 100 660
100 11 660
130 182 807
182 130 807
745 694 137
694 745 137
527 96 150
96 527 150
656 753 209
753 656 209
270 565 732
565 270 732
594 584 999
584 594 999
470 109 550
109 470 550
600 682 410
682 600 410
404 377 723
377 404 723
612 269 803
269 612 803
104 312 488
312 104 488
516 74 9
74 516 9
432 673 535
673 432 535
770 756 801
756 770 801
594 408 721
408 594 721
508 273 497
273 508 497
352 401 198
401 352 198
341 301 332
301 341 332
154 337 841
337 154 841
226 115 394
115 226 394
69 48 558
48 69 558
412 145 319
145 412 319
696 272 565
272 696 565
347 319 536
319 347 536
27 17 858
17 27 858
458 330 89
330 458 89
163 656 9
656 163 9
522 428 303
428 522 303
225 200 582
200 225 582
295 586 507
586 295 507
634 711 517
711 634 517
733 360 27
360 733 27
650 737 840
737 650 840
326 460 981
460 326 981
405 201 447
201 405 447
467 216 129
216 467 129
531 196 138
196 531 138
724 13 209
13 724 209
592 648 887
648 592 887
308 776 918
776 308 918
539 240 626
240 539 626
614 384 483
384 614 483
482 698 714
698 482 714
318 263 103
263 318 103
226 38 589
38 226 589
181 772 247
772 181 247
720 473 582
473 720 582
727 691 741
691 727 741
471 300 650
300 471 650
171 496 265
496 171 265
343 771 470
771 343 470
208 365 150
365 208 150
226 732 231
732 226 231
80 432 426
432 80 426
118 114 855
114 118 855
391 753 520
753 391 520
453 764 603
764 453 603
334 177 270
177 334 270
426 735 18
735 426 18
605 87 726
87 605 726
644 507 275
507 644 275
772 672 31
672 772 31
714 371 429
371 714 429
321 313 383
313 321 383
442 745 926
745 442 926
103 363 286
363 103 286
436 518 867
518 436 867
189 299 590
299 189 590
518 311 751
311 518 751
311 553 734
553 311 734
420 738 862
738 420 862
451 328 510
328 451 510
21 646 374
646 21 374
313 11 161
11 313 161
698 227 604
227 698 604
360 0 779
0 360 779
492 530 309
530 492 309
764 254 611
254 764 611
318 487 231
487 318 231
77 99 531
99 77 531
90 325 613
325 90 613
680 97 853
97 680 853
727 481 205
481 727 205
774 242 648
242 774 648
13 185 207
185 13 207
315 262 44
262 315 44
96 99 389
99 96 389
559 205 851
205 559 851
219 236 687
236 219 687
10 594 859
594 10 859
300 210 516
210 300 516
330 736 694
736 330 694
149 314 36
314 149 36
747 46 819
46 747 819
424 748 771
748 424 771
401 693 70
693 401 70
681 568 955
568 681 955
265 41 332
41 265 332
308 759 370
759 308 370
693 88 481
88 693 481
119 559 592
559 119 592
418 760 775
760 418 775
462 460 30
460 462 30
177 656 182
656 177 182
14 647 948
647 14 948
186 213 999
213 186 999
65 126 861
126 65 861
758 561 324
561 758 324
681 322 47
322 681 47
448 433 16
433 448 16
20 384 73
384 20 73
196 397 695
397 196 695
139 648 513
648 139 513
43 703 225
703 43 225
210 579 128
579 210 128
167 448 922
448 167 922
602 303 911
303 602 911
44 526 97
526 44 97
166 290 747
290 166 747
440 218 545
218 440 545
275 758 586
758 275 586
469 183 583
183 469 583
489 326 68
326 489 68
347 330 384
330 347 384
66 309 677
309 66 677
392 264 972
264 392 972
745 577 884
577 745 884
514 142 217
142 514 217
286 618 478
618 286 478
257 550 855
550 257 855
515 278 914
278 515 914
292 253 10
253 292 10
683 553 461
553 683 461
727 541 50
541 727 50
764 288 693
288 764 693
317 179 177
179 317 177
590 521 259
521 590 259
185 221 90
221 185 90
0 743 988
743 0 988
406 651 900
651 406 900
22 176 658
176 22 658
327 67 872
67 327 872
106 388 456
388 106 456
15 616 418
616 15 418
120 726 259
726 120 259
52 146 937
146 52 937