220 175 715
220 176 63
220 177 660
220 178 423
220 179 45
220 180 197
220 181 622
220 182 907
220 183 345
220 184 19
220 185 128
220 186 751
220 187 186
220 188 23
220 189 947
220 190 324
220 191 139
220 192 121
220 193 651
220 194 882
220 195 861
220 196 370
220 197 524
220 198 387
220 199 853
220 200 343
220 201 462
220 202 583
220 203 360
220 204 622
220 205 437
220 206 106
220 207 81
220 208 793
220 209 832
220 210 2
220 211 351
220 212 530
220 213 840
220 214 84
220 215 556
220 216 58
220 217 569
220 218 790
220 219 487
220 220 138
221 1 670
221 2 934
221 3 341
221 4 726
221 5 163
221 6 534
221 7 469
221 8 831
221 9 244
221 10 625
221 11 467
221 12 810
221 13 663
221 14 197
221 15 73
221 16 969
221 17 837
221 18 323
221 19 775
221 20 917
221 21 34
221 22 524
221 23 656
221 24 181
221 25 599
221 26 647
221 27 39
221 28 156
221 29 565
221 30 459
221 31 921
221 32 774
221 33 158
221 34 931
221 35 467
221 36 957
221 37 529
221 38 265
221 39 801
221 40 259
221 41 725
221 42 717
221 43 335
221 44 267
221 45 819
221 46 206
221 47 271
221 48 832
221 49 178
221 50 573
221 51 82
221 52 84
221 53 832
221 54 599
221 55 819
221 56 352
221 57 184
221 58 972
221 59 396
221 60 646
221 61 714
221 62 762
221 63 707
221 64 568
221 65 843
221 66 44
221 67 532
221 68 843
221 69 747
221 70 47
221 71 740
221 72 782
221 73 733
221 74 657
221 75 722
221 76 492
221 77 932
221 78 137
221 79 914
221 80 128
221 81 166
221 82 61
221 83 523
221 84 313
221 85 887
221 86 413
221 87 151
221 88 609
221 89 145
221 90 686
221 91 416
221 92 281
221 93 650
221 94 783
221 95 128
221 96 926
221 97 402
221 98 322
221 99 25
221 100 967
221 101 977
221 102 865
221 103 861
221 104 950
221 105 322
221 106 44
221 107 482
221 108 553
221 109 687
221 110 113
221 111 734
221 112 195
221 113 71
221 114 4
221 115 369
221 116 355
221 117 885
221 118 579
221 119 83
221 120 42
221 121 138
221 122 534
221 123 943
221 124 485
221 125 407
221 126 24
221 127 841
221 128 335
221 129 285
221 130 727
221 131 577
221 132 129
221 133 582
221 134 849
221 135 363
221 136 476
221 137 596
221 138 39
221 139 842
221 140 901
221 141 713
221 142 398
221 143 689
221 144 640
221 145 650
221 146 794
221 147 446
221 148 395
221 149 407
221 150 780
221 151 207
221 152 256
221 153 780
221 154 11
221 155 504
221 156 30
221 157 314
221 158 92
221 159 335
221 160 624
221 161 364
221 162 792
221 163 775
221 164 902
221 165 447
221 166 258
221 167 278
221 168 962
221 169 404
221 170 649
221 171 436
221 172 950
221 173 66
221 174 945
221 175 451
221 176 168
221 177 192
221 178 980
221 179 102
221 180 721
221 181 829
221 182 826
221 183 916
221 184 521
221 185 884
221 186 460
221 187 730
221 188 761
221 189 242
221 190 458
221 191 586
221 192 79
221 193 430
221 194 948
221 195 776
221 196 967
221 197 189
221 198 281
221 199 247
221 200 913
221 201 585
221 202 255
221 203 752
221 204 748
221 205 19
221 206 508
221 207 716
221 208 642
221 209 362
221 210 646
221 211 199
221 212 696
221 213 162
221 214 963
221 215 541
221 216 370
221 217 16
221 218 921
221 219 233
221 220 778
221 221 823
222 1 817
222 2 628
222 3 651
222 4 421
222 5 934
222 6 575
222 7 37
222 8 972
222 9 475
222 10 369
222 11 393
222 12 576
222 13 800
222 14 945
222 15 718
222 16 676
222 17 803
222 18 159
222 19 523
222 20 768
222 21 6
222 22 865
222 23 145
222 24 810
222 25 442
222 26 801
222 27 722
222 28 194
222 29 350
222 30 325
222 31 567
222 32 539
222 33 550
222 34 264
222 35 968
222 36 287
222 37 735
222 38 839
222 39 797
222 40 438
222 41 13
222 42 291
222 43 318
222 44 272
222 45 445
222 46 772
222 47 393
222 48 619
222 49 556
222 50 815
222 51 647
222 52 516
222 53 964
222 54 112
222 55 593
222 56 161
222 57 654
222 58 674
222 59 64
222 60 173
222 61 542
222 62 178
222 63 850
222 64 972
222 65 285
222 66 434
222 67 958
222 68 562
222 69 71
222 70 192
222 71 626
222 72 765
222 73 263
222 74 797
222 75 678
222 76 838
222 77 680
222 78 969
222 79 931
222 80 491
222 81 738
222 82 971
222 83 9
222 84 951
222 85 349
222 86 128
222 87 452
222 88 44
222 89 582
222 90 144
222 91 807
222 92 1
222 93 174
222 94 441
222 95 615
222 96 413
222 97 801
222 98 506
222 99 330
222 100 300
222 101 640
222 102 298
222 103 371
222 104 352
222 105 975
222 106 159
222 107 578
222 108 52
222 109 835
222 110 598
222 111 9
222 112 839
222 113 765
222 114 866
222 115 338
222 116 156
222 117 921
222 118 888
222 119 938
222 120 166
222 121 361
222 122 896
222 123 697
222 124 545
222 125 737
222 126 690
222 127 600
222 128 248
222 129 946
222 130 965
222 131 991
222 132 824
222 133 337
222 134 579
222 135 118
222 136 213
222 137 256
222 138 995
222 139 854
222 140 395
222 141 348
222 142 528
222 143 541
222 144 780
222 145 212
222 146 780
222 147 702
222 148 296
222 149 951
222 150 794
222 151 719
222 152 595
222 153 696
222 154 697
222 155 260
222 156 35
222 157 757
222 158 279
222 159 21
222 160 52
222 161 507
222 162 354
222 163 413
222 164 122
222 165 738
222 166 404
222 167 466
222 168 39
222 169 703
222 170 956
222 171 268
222 172 565
222 173 584
222 174 544
222 175 791
222 176 35
222 177 1000
222 178 480
222 179 563
222 180 295
222 181 922
222 182 543
222 183 318
222 184 15
222 185 402
222 186 967
222 187 504
222 188 822
222 189 276
222 190 345
222 191 414
222 192 771
222 193 753
222 194 166
222 195 364
222 196 519
222 197 241
222 198 469
222 199 154
222 200 687
222 201 299
222 202 366
222 203 91
222 204 508
222 205 37
222 206 910
222 207 954
222 208 640
222 209 27
222 210 385
222 211 750
222 212 755
222 213 825
222 214 348
222 215 258
222 216 41
222 217 616
222 218 629
222 219 153
222 220 727
222 221 468
222 222 643
223 1 635
223 2 106
223 3 612
223 4 885
223 5 949
223 6 437
223 7 80
223 8 735
223 9 172
223 10 574
223 11 700
223 12 858
223 13 806
223 14 760
223 15 172
223 16 917
223 17 825
223 18 979
223 19 22
223 20 968
223 21 252
223 22 180
223 23 840
223 24 848
223 25 860
223 26 243
223 27 337
223 28 81
223 29 151
223 30 716
223 31 750
223 32 860
223 33 526
223 34 677
223 35 889
223 36 636
223 37 141
223 38 512
223 39 3
223 40 175
223 41 399
223 42 976
223 43 418
223 44 125
223 45 943
223 46 578
223 47 42
223 48 777
223 49 473
223 50 721
223 51 703
223 52 753
223 53 823
223 54 544
223 55 546
223 56 270
223 57 912
223 58 419
223 59 9
223 60 391
223 61 418
223 62 765
223 63 804
223 64 745
223 65 336
223 66 664
223 67 181
223 68 319
223 69 366
223 70 145
223 71 445
223 72 459
223 73 221
223 74 944
223 75 913
223 76 139
223 77 432
223 78 679
223 79 995
223 80 353
223 81 63
223 82 840
223 83 68
223 84 334
223 85 669
223 86 968
223 87 231
223 88 12
223 89 46
223 90 247
223 91 25
223 92 62
223 93 642
223 94 502
223 95 22
223 96 361
223 97 154
223 98 645
223 99 749
223 100 59
223 101 552
223 102 587
223 103 364
223 104 17
223 105 312
223 106 166
223 107 687
223 108 352
223 109 266
223 110 231
223 111 673
223 112 675
223 113 743
223 114 684
223 115 451
223 116 883
223 117 351
223 118 255
223 119 984
223 120 765
223 121 743
223 122 322
223 123 39
223 124 213
223 125 60
223 126 966
223 127 393
223 128 298
223 129 804
223 130 324
223 131 841
223 132 195
223 133 720
223 134 411
223 135 618
223 136 140
223 137 265
223 138 80
223 139 868
223 140 721
223 141 321
223 142 559
223 143 492
223 144 755
223 145 976
223 146 828
223 147 506
223 148 900
223 149 676
223 150 166
223 151 668
223 152 568
223 153 225
223 154 981
223 155 12
223 156 316
223 157 466
223 158 500
223 159 367
223 160 610
223 161 539
223 162 26
223 163 853
223 164 630
223 165 110
223 166 939
223 167 922
223 168 510
223 169 644
223 170 135
223 171 605
223 172 623
223 173 361
223 174 393
223 175 778
223 176 239
223 177 835
223 178 135
223 179 750
223 180 240
223 181 218
223 182 992
223 183 712
223 184 785
223 185 583
223 186 508
223 187 793
223 188 937
223 189 800
223 190 211
223 191 783
223 192 138
223 193 78
223 194 522
223 195 181
223 196 999
223 197 158
223 198 405
223 199 897
223 200 132
223 201 831
223 202 25
223 203 650
223 204 599
223 205 375
223 206 335
223 207 516
223 208 566
223 209 15
223 210 829
223 211 140
223 212 175
223 213 596
223 214 293
223 215 491
223 216 643
223 217 382
223 218 239
223 219 335
223 220 690
223 221 314
223 222 530
223 223 66
224 1 245
224 2 923
224 3 851
224 4 757
224 5 226
224 6 288
224 7 676
224 8 559
224 9 720
224 10 733
224 11 691
224 12 235
224 13 367
224 14 578
224 15 754
224 16 994
224 17 121
224 18 279
224 19 660
224 20 393
224 21 124
224 22 50
224 23 879
224 24 438
224 25 527
224 26 548
224 27 759
224 28 6
224 29 675
224 30 753
224 31 900
224 32 291
224 33 223
224 34 254
224 35 424
224 36 750
224 37 176
224 38 101
224 39 728
224 40 802
224 41 629
224 42 121
224 43 16
224 44 237
224 45 279
224 46 267
224 47 649
224 48 549
224 49 473
224 50 619
224 51 526
224 52 452
224 53 796
224 54 303
224 55 728
224 56 206
224 57 807
224 58 554
224 59 624
224 60 292
224 61 921
224 62 570
224 63 109
224 64 445
224 65 327
224 66 360
224 67 956
224 68 285
224 69 891
224 70 860
224 71 131
224 72 225
224 73 501
224 74 255
224 75 184
224 76 981
224 77 40
224 78 403
224 79 849
224 80 907
224 81 772
224 82 572
224 83 437
224 84 837
224 85 78
224 86 627
224 87 451
224 88 218
224 89 941
224 90 905
224 91 423
224 92 157
224 93 783
224 94 846
224 95 101
224 96 246
224 97 83
224 98 87
224 99 120
224 100 450
224 101 471
224 102 505
224 103 422
224 104 828
224 105 939
224 106 48
224 107 448
224 108 741
224 109 507
224 110 471
224 111 9
224 112 74
224 113 565
224 114 956
224 115 313
224 116 45
224 117 245
224 118 729
224 119 892
224 120 352
224 121 493
224 122 260
224 123 393
224 124 880
224 125 529
224 126 319
224 127 308
224 128 753
224 129 746
224 130 688
224 131 257
224 132 206
224 133 857
224 134 192
224 135 354
224 136 537
224 137 890
224 138 214
224 139 82
224 140 377
224 141 194
224 142 45
224 143 534
224 144 29
224 145 261
224 146 332
224 147 914
224 148 466
224 149 548
224 150 330
224 151 326
224 152 813
224 153 87
224 154 904
224 155 620
224 156 104
224 157 622
224 158 347
224 159 197
224 160 464
224 161 226
224 162 943
224 163 571
224 164 406
224 165 623
224 166 993
224 167 227
224 168 696
224 169 438
224 170 805
224 171 65
224 172 143
224 173 7
224 174 670
224 175 296
224 176 3
224 177 358
224 178 166
224 179 53
224 180 44
224 181 43
224 182 272
224 183 345
224 184 220
224 185 487
224 186 721
224 187 260
224 188 501
224 189 465
224 190 594
224 191 440
224 192 956
224 193 752
224 194 952
224 195 560
224 196 977
224 197 664
224 198 979
224 199 681
224 200 528
224 201 713
224 202 647
224 203 55
224 204 469
224 205 421
224 206 361
224 207 904
224 208 898
224 209 789
224 210 291
224 211 769
224 212 524
224 213 889
224 214 721
224 215 88
224 216 627
224 217 304
224 218 625
224 219 238
224 220 177
224 221 693
224 222 653
224 223 760
224 224 58
225 1 372
225 2 191
225 3 891
225 4 86
225 5 648
225 6 239
225 7 34
225 8 397
225 9 927
225 10 50
225 11 727
225 12 600
225 13 209
225 14 962
225 15 449
225 16 200
225 17 814
225 18 225
225 19 747
225 20 398
225 21 503
225 22 826
225 23 437
225 24 398
225 25 808
225 26 357
225 27 454
225 28 191
225 29 932
225 30 213
225 31 132
225 32 323
225 33 536
225 34 151
225 35 725
225 36 955
225 37 458
225 38 151
225 39 445
225 40 703
225 41 918
225 42 663
225 43 431
225 44 338
225 45 172
225 46 393
225 47 338
225 48 733
225 49 471
225 50 444
225 51 107
225 52 195
225 53 294
225 54 586
225 55 769
225 56 144
225 57 232
225 58 922
225 59 744
225 60 299
225 61 716
225 62 655
225 63 894
225 64 276
225 65 3
225 66 635
225 67 118
225 68 42
225 69 369
225 70 6
225 71 404
225 72 685
225 73 946
225 74 759
225 75 972
225 76 702
225 77 83
225 78 887
225 79 703
225 80 68
225 81 539
225 82 866
225 83 10
225 84 909
225 85 400
225 86 482
225 87 363
225 88 26
225 89 220
225 90 636
225 91 908
225 92 53
225 93 507
225 94 763
225 95 146
225 96 307
225 97 454
225 98 61
225 99 981
225 100 667
225 101 504
225 102 325
225 103 513
225 104 711
225 105 500
225 106 488
225 107 223
225 108 425
225 109 760
225 110 484
225 111 647
225 112 362
225 113 306
225 114 684
225 115 573
225 116 142
225 117 479
225 118 605
225 119 410
225 120 390
225 121 123
225 122 713
225 123 126
225 124 160
225 125 141
225 126 643
225 127 581
225 128 380
225 129 452
225 130 299
225 131 285
225 132 807
225 133 925
225 134 797
225 135 759
225 136 413
225 137 556
225 138 649
225 139 978
225 140 420
225 141 107
225 142 544
225 143 215
225 144 642
225 145 535
225 146 587
225 147 137
225 148 532
225 149 289
225 150 296
225 151 881
225 152 424
225 153 69
225 154 167
225 155 780
225 156 942
225 157 912
225 158 255
225 159 880
225 160 542
225 161 121
225 162 348
225 163 546
225 164 312
225 165 268
225 166 811
225 167 72
225 168 36
225 169 87
225 170 609
225 171 200
225 172 930
225 173 688
225 174 773
225 175 892
225 176 290
225 177 362
225 178 258
225 179 764
225 180 104
225 181 455
225 182 405
225 183 727
225 184 595
225 185 911
225 186 538
225 187 407
225 188 262
225 189 0
225 190 41
225 191 684
225 192 904
225 193 276
225 194 123
225 195 22
225 196 647
225 197 286
225 198 415
225 199 780
225 200 556
225 201 237
225 202 983
225 203 778
225 204 509
225 205 694
225 206 94
225 207 482
225 208 769
225 209 723
225 210 434
225 211 159
225 212 623
225 213 558
225 214 308
225 215 644
225 216 787
225 217 117
225 218 305
225 219 223
225 220 7
225 221 473
225 222 633
225 223 459
225 224 715
225 225 850
226 1 1
226 2 301
226 3 208
226 4 773
226 5 494
226 6 88
226 7 652
226 8 646
226 9 473
226 10 363
226 11 145
226 12 535
226 13 959
226 14 348
226 15 464
226 16 982
226 17 253
226 18 178
226 19 442
226 20 431
226 21 786
226 22 189
226 23 408
226 24 950
226 25 456
226 26 719
226 27 814
226 28 157
226 29 704
226 30 620
226 31 571
226 32 114
226 33 283
226 34 111
226 35 815
226 36 189
226 37 973
226 38 93
226 39 482
226 40 975
226 41 300
226 42 380
226 43 208
226 44 451
226 45 328
226 46 922
226 47 745
226 48 985
226 49 427
226 50 8
226 51 418
226 52 385
226 53 59
226 54 541
226 55 971
226 56 652
226 57 378
226 58 647
226 59 455
226 60 254
226 61 86
226 62 363
226 63 652
226 64 305
226 65 432
226 66 605
226 67 145
226 68 948
226 69 758
226 70 426
226 71 563
226 72 306
226 73 430
226 74 135
226 75 74
226 76 719
226 77 79
226 78 403
226 79 21
226 80 615
226 81 135
226 82 881
226 83 47
226 84 679
226 85 429
226 86 381
226 87 298
226 88 188
226 89 772
226 90 242
226 91 248
226 92 520
226 93 323
226 94 228
226 95 823
226 96 128
226 97 968
226 98 150
226 99 919
226 100 385
226 101 160
226 102 315
226 103 594
226 104 546
226 105 105
226 106 82
226 107 607
226 108 188
226 109 334
226 110 651
226 111 566
226 112 981
226 113 899
226 114 959
226 115 303
226 116 299
226 117 983
226 118 484
226 119 343
226 120 370
226 121 213
226 122 989
226 123 28
226 124 133
226 125 264
226 126 982
226 127 724
226 128 352
226 129 488
226 130 115
226 131 464
226 132 191
226 133 145
226 134 879
226 135 238
226 136 619
226 137 955
226 138 25
226 139 706
226 140 377
226 141 300
226 142 7
226 143 765
226 144 126
226 145 922
226 146 960
226 147 749
226 148 689
226 149 674
226 150 209
226 151 3
226 152 212
226 153 146
226 154 914
226 155 610
226 156 72
226 157 374
226 158 838
226 159 236
226 160 997
226 161 850
226 162 10
226 163 182
226 164 356
226 165 353
226 166 30
226 167 708
226 168 367
226 169 124
226 170 72
226 171 360
226 172 80
226 173 258
226 174 739
226 175 332
226 176 985
226 177 884
226 178 941
226 179 508
226 180 30
226 181 427
226 182 702
226 183 441
226 184 457
226 185 810
226 186 31
226 187 977
226 188 751
226 189 159
226 190 792
226 191 425
226 192 101
226 193 64
226 194 425
226 195 107
226 196 958
226 197 86
226 198 945
226 199 432
226 200 579
226 201 913
226 202 436
226 203 149
226 204 116
226 205 968
226 206 312
226 207 519
226 208 430
226 209 536
226 210 715
226 211 514
226 212 798
226 213 642
226 214 910
226 215 905
226 216 839
226 217 794
226 218 95
226 219 235
226 220 221
226 221 896
226 222 585
226 223 582
226 224 682
226 225 532
226 226 967
227 1 27
227 2 922
227 3 261
227 4 497
227 5 40
227 6 956
227 7 923
227 8 45
227 9 979
227 10 77
227 11 647
227 12 808
227 13 365
227 14 466
227 15 195
227 16 774
227 17 380
227 18 455
227 19 401
227 20 800
227 21 39
227 22 193
227 23 804
227 24 881
227 25 531
227 26 124
227 27 829
227 28 697
227 29 980
227 30 893
227 31 763
227 32 938
227 33 300
227 34 818
227 35 396
227 36 933
227 37 981
227 38 130
227 39 869
227 40 807
227 41 303
227 42 636
227 43 730
227 44 698
227 45 992
227 46 127
227 47 666
227 48 345
227 49 956
227 50 647
227 51 629
227 52 478
227 53 717
227 54 624
227 55 61
227 56 902
227 57 113
227 58 502
227 59 796
227 60 795
227 61 802
227 62 392
227 63 199
227 64 354
227 65 664
227 66 562
227 67 716
227 68 107
227 69 331
227 70 645
227 71 135
227 72 632
227 73 612
227 74 33
227 75 20
227 76 155
227 77 796
227 78 482
227 79 103
227 80 48
227 81 469
227 82 395
227 83 477
227 84 626
227 85 36
227 86 421
227 87 361
227 88 829
227 89 155
227 90 715
227 91 689
227 92 83
227 93 734
227 94 616
227 95 884
227 96 911
227 97 503
227 98 144
227 99 427
227 100 492
227 101 36
227 102 964
227 103 56
227 104 342
227 105 849
227 106 746
227 107 293
227 108 244
227 109 130
227 110 957
227 111 656
227 112 167
227 113 63
227 114 392
227 115 829
227 116 393
227 117 417
227 118 791
227 119 310
227 120 844
227 121 965
227 122 268
227 123 880
227 124 505
227 125 67
227 126 340
227 127 260
227 128 583
227 129 519
227 130 309
227 131 186
227 132 758
227 133 0
227 134 906
227 135 672
227 136 20
227 137 817
227 138 885
227 139 871
227 140 239
227 141 600
227 142 622
227 143 397
227 144 995
227 145 810
227 146 865
227 147 493
227 148 995
227 149 845
227 150 427
227 151 612
227 152 922
227 153 548
227 154 296
227 155 211
227 156 772
227 157 927
227 158 436
227 159 764
227 160 78
227 161 614
227 162 776
227 163 530
227 164 824
227 165 813
227 166 694
227 167 92
227 168 587
227 169 34
227 170 514
227 171 542
227 172 922
227 173 391
227 174 517
227 175 380
227 176 991
227 177 471
227 178 671
227 179 889
227 180 152
227 181 819
227 182 164
227 183 882
227 184 338
227 185 459
227 186 864
227 187 777
227 188 15
227 189 307
227 190 41
227 191 133
227 192 230
227 193 67
227 194 40
227 195 937
227 196 889
227 197 528
227 198 86
227 199 819
227 200 67
227 201 481
227 202 826
227 203 723
227 204 735
227 205 301
227 206 596
227 207 388
227 208 862
227 209 159
227 210 802
227 211 617
227 212 263
227 213 895
227 214 151
227 215 537
227 216 36
227 217 329
227 218 837
227 219 325
227 220 920
227 221 764
227 222 985
227 223 722
227 224 348
227 225 9
227 226 224
227 227 953
228 1 624
228 2 555
228 3 206
228 4 895
228 5 686
228 6 650
228 7 510
228 8 510
228 9 853
228 10 330
228 11 909
228 12 939
228 13 695
228 14 507
228 15 533
228 16 898
228 17 433
228 18 696
228 19 653
228 20 415
228 21 577
228 22 151
228 23 499
228 24 610
228 25 107
228 26 154
228 27 846
228 28 559
228 29 370
228 30 387
228 31 469
228 32 202
228 33 107
228 34 149
228 35 638
228 36 221
228 37 816
228 38 970
228 39 43
228 40 656
228 41 212
228 42 262
228 43 407
228 44 509
228 45 121
228 46 206
228 47 693
228 48 770
228 49 462
228 50 538
228 51 924
228 52 28
228 53 718
228 54 873
228 55 884
228 56 841
228 57 65
228 58 117
228 59 367
228 60 196
228 61 441
228 62 170
228 63 795
228 64 599
228 65 267
228 66 225
228 67 377
228 68 85
228 69 433
228 70 222
228 71 695
228 72 731
228 73 598
228 74 807
228 75 500
228 76 942
228 77 459
228 78 296
228 79 531
228 80 569
228 81 403
228 82 100
228 83 8
228 84 394
228 85 62
228 86 226
228 87 767
228 88 202
228 89 86
228 90 827
228 91 67
228 92 89
228 93 654
228 94 997
228 95 825
228 96 384
228 97 578
228 98 641
228 99 170
228 100 941
228 101 159
228 102 915
228 103 703
228 104 752
228 105 343
228 106 309
228 107 38
228 108 436
228 109 509
228 110 716
228 111 118
228 112 490
228 113 127
228 114 351
228 115 831
228 116 999
228 117 817
228 118 861
228 119 345
228 120 485
228 121 492
228 122 930
228 123 574
228 124 101
228 125 111
228 126 424
228 127 306
228 128 336
228 129 855
228 130 412
228 131 309
228 132 72
228 133 746
228 134 535
228 135 877
228 136 183
228 137 315
228 138 49
228 139 956
228 140 245
228 141 748
228 142 489
228 143 117
228 144 300
228 145 132
228 146 561
228 147 404
228 148 369
228 149 296
228 150 597
228 151 153
228 152 167
228 153 276
228 154 42
228 155 36
228 156 635
228 157 798
228 158 346
228 159 95
228 160 735
228 161 376
228 162 808
228 163 345
228 164 341
228 165 277
228 166 154
228 167 141
228 168 9
228 169 298
228 170 601
228 171 384
228 172 212
228 173 182
228 174 550
228 175 892
228 176 381
228 177 445
228 178 655
228 179 469
228 180 924
228 181 659
228 182 729
228 183 506
228 184 671
228 185 622
228 186 718
228 187 984
228 188 767
228 189 866
228 190 43
228 191 869
228 192 931
228 193 581
228 194 960
228 195 375
228 196 969
228 197 322
228 198 571
228 199 265
228 200 697
228 201 210
228 202 41
228 203 43
228 204 19
228 205 871
228 206 285
228 207 158
228 208 892
228 209 117
228 210 355
228 211 660
228 212 666
228 213 836
228 214 533
228 215 669
228 216 136
228 217 262
228 218 882
228 219 118
228 220 811
228 221 819
228 222 463
228 223 935
228 224 281
228 225 22
228 226 83
228 227 642
228 228 406
229 1 944
229 2 874
229 3 487
229 4 102
229 5 186
229 6 705
229 7 286
229 8 309
229 9 894
229 10 203
229 11 664
229 12 622
229 13 121
229 14 195
229 15 100
229 16 626
229 17 541
229 18 691
229 19 842
229 20 2
229 21 772
229 22 734
229 23 14
229 24 218
229 25 3
229 26 323
229 27 427
229 28 694
229 29 972
229 30 411
229 31 15
229 32 133
229 33 742
229 34 857
229 35 85
229 36 648
229 37 986
229 38 561
229 39 192
229 40 425
229 41 831
229 42 997
229 43 896
229 44 842
229 45 828
229 46 51
229 47 478
229 48 857
229 49 319
229 50 333
229 51 506
229 52 39
229 53 905
229 54 0
229 55 773
229 56 618
229 57 574
229 58 929
229 59 498
229 60 906
229 61 540
229 62 457
229 63 161
229 64 718
229 65 265
229 66 65
229 67 456
229 68 169
229 69 47
229 70 726
229 71 678
229 72 790
229 73 428
229 74 581
229 75 718
229 76 892
229 77 411
229 78 32
229 79 424
229 80 895
229 81 581
229 82 689
229 83 896
229 84 727
229 85 387
229 86 458
229 87 652
229 88 228
229 89 245
229 90 163
229 91 342
229 92 715
229 93 196
229 94 608
229 95 1
229 96 82
229 97 666
229 98 848
229 99 424
229 100 766
229 101 397
229 102 317
229 103 732
229 104 135
229 105 635
229 106 874
229 107 648
229 108 913
229 109 969
229 110 604
229 111 367
229 112 689
229 113 294
229 114 624
229 115 360
229 116 493
229 117 976
229 118 780
229 119 245
229 120 138
229 121 287
229 122 557
229 123 46
229 124 756
229 125 343
229 126 80
229 127 759
229 128 468
229 129 12
229 130 707
229 131 574
229 132 157
229 133 256
229 134 673
229 135 857
229 136 397
229 137 365
229 138 664
229 139 318
229 140 939
229 141 520
229 142 895
229 143 582
229 144 921
229 145 419
229 146 697
229 147 482
229 148 13
229 149 179
229 150 681
229 151 452
229 152 943
229 153 611
229 154 120
229 155 256
229 156 542
229 157 350
229 158 165
229 159 865
229 160 162
229 161 692
229 162 807
229 163 59
229 164 785
229 165 989
229 166 208
229 167 688
229 168 714
229 169 173
229 170 583
229 171 940
229 172 923
229 173 858
229 174 481
229 175 749
229 176 926
229 177 367
229 178 266
229 179 204
229 180 400
229 181 716
229 182 103
229 183 610
229 184 40
229 185 478
229 186 515
229 187 62
229 188 184
229 189 446
229 190 358
229 191 308
229 192 662
229 193 73
229 194 226
229 195 71
229 196 266
229 197 855
229 198 103
229 199 635
229 200 435
229 201 557
229 202 23
229 203 695
229 204 959
229 205 62
229 206 819
229 207 744
229 208 215
229 209 490
229 210 126
229 211 735
229 212 189
229 213 993
229 214 984
229 215 199
229 216 22
229 217 620
229 218 37
229 219 118
229 220 853
229 221 379
229 222 93
229 223 400
229 224 122
229 225 589
229 226 850
229 227 620
229 228 193
229 229 650
228 229 127
227 228 27
226 227 75
225 226 696
224 225 616
223 224 547
222 223 958
221 222 931
220 221 649
219 220 587
218 219 836
217 218 46
216 217 224
215 216 714
214 215 875
213 214 149
212 213 801
211 212 103
210 211 63
209 210 835
208 209 436
207 208 340
206 207 174
205 206 813
204 205 380
203 204 225
202 203 722
201 202 119
200 201 277
199 200 749
198 199 16
197 198 248
196 197 194
195 196 865
194 195 343
193 194 645
192 193 601
191 192 498
190 191 118
189 190 627
188 189 332
187 188 84
186 187 365
185 186 812
184 185 938
183 184 717
182 183 656
181 182 676
180 181 504
179 180 461
178 179 281
177 178 593
176 177 429
175 176 972
174 175 845
173 174 603
172 173 695
171 172 916
170 171 220
169 170 869
168 169 241
167 168 831
166 167 534
165 166 282
164 165 537
163 164 722
162 163 857
161 162 400
160 161 699
159 160 553
158 159 849
157 158 945
156 157 716
155 156 919
154 155 82
153 154 862
152 153 39
151 152 945
150 151 153
149 150 897
148 149 133
147 148 775
146 147 695
145 146 91
144 145 70
143 144 487
142 143 266
141 142 672
140 141 627
139 140 33
138 139 191
137 138 841
136 137 193
135 136 188
134 135 297
133 134 247
132 133 589
131 132 324
130 131 394
129 130 817
128 129 610
127 128 93
126 127 455
125 126 294
124 125 601
123 124 560
122 123 617
121 122 818
120 121 986
119 120 208
118 119 553
117 118 944
116 117 834
115 116 340
114 115 560
113 114 127
112 113 723
111 112 298
110 111 564
109 110 308
108 109 111
107 108 501
106 107 955
105 106 520
104 105 896
103 104 327
102 103 82
101 102 93
100 101 458
99 100 556
98 99 822
97 98 145
96 97 990
95 96 822
94 95 244
93 94 227
92 93 581
91 92 939
90 91 195
89 90 64
88 89 891
87 88 720
86 87 333
85 86 747
84 85 249
83 84 341
82 83 888
81 82 847
80 81 505
79 80 626
78 79 1
77 78 640
76 77 684
75 76 803
74 75 844
73 74 727
72 73 408
71 72 860
70 71 736
69 70 95
68 69 14
67 68 937
66 67 561
65 66 940
64 65 824
63 64 63
62 63 266
61 62 533
60 61 886
59 60 453
58 59 488
57 58 565
56 57 989
55 56 209
54 55 934
53 54 655
52 53 625
51 52 323
50 51 444
49 50 362
48 49 103
47 48 573
46 47 483
45 46 338
44 45 700
43 44 870
42 43 920
41 42 75
40 41 747
39 40 101
38 39 317
37 38 150
36 37 923
35 36 616
34 35 829
33 34 722
32 33 545
31 32 931
30 31 256
29 30 818
28 29 633
27 28 97
26 27 773
25 26 143
24 25 288
23 24 142
22 23 516
21 22 223
20 21 929
19 20 913
18 19 597
17 18 366
16 17 488
15 16 991
14 15 310
13 14 849
12 13 802
11 12 940
10 11 414
9 10 497
8 9 523
7 8 988
6 7 265
5 6 41
4 5 430
3 4 911
2 3 776
1 2 394
0 1 864