770 725 850
770 726 883
770 727 171
770 728 180
770 729 317
770 730 62
770 731 414
770 732 951
770 733 412
770 734 435
770 735 614
770 736 505
770 737 966
770 738 861
770 739 496
770 740 965
770 741 629
770 742 413
770 743 234
770 744 628
770 745 727
770 746 891
770 747 3
770 748 441
770 749 204
770 750 706
770 751 639
770 752 296
770 753 397
770 754 53
770 755 861
770 756 96
770 757 828
770 758 581
770 759 940
770 760 992
770 761 418
770 762 451
770 763 31
770 764 139
770 765 374
770 766 1
770 767 783
770 768 250
770 769 720
770 770 600
771 1 814
771 2 674
771 3 437
771 4 608
771 5 470
771 6 596
771 7 161
771 8 204
771 9 211
771 10 990
771 11 423
771 12 152
771 13 838
771 14 360
771 15 678
771 16 890
771 17 274
771 18 382
771 19 815
771 20 383
771 21 82
771 22 789
771 23 458
771 24 344
771 25 183
771 26 810
771 27 876
771 28 265
771 29 153
771 30 324
771 31 99
771 32 369
771 33 428
771 34 404
771 35 189
771 36 457
771 37 268
771 38 479
771 39 261
771 40 366
771 41 169
771 42 631
771 43 98
771 44 635
771 45 640
771 46 573
771 47 596
771 48 595
771 49 326
771 50 114
771 51 946
771 52 802
771 53 517
771 54 842
771 55 961
771 56 138
771 57 614
771 58 189
771 59 536
771 60 856
771 61 217
771 62 153
771 63 819
771 64 258
771 65 588
771 66 978
771 67 969
771 68 369
771 69 192
771 70 419
771 71 66
771 72 374
771 73 379
771 74 701
771 75 692
771 76 588
771 77 88
771 78 350
771 79 376
771 80 788
771 81 793
771 82 376
771 83 10
771 84 941
771 85 602
771 86 242
771 87 16
771 88 782
771 89 577
771 90 797
771 91 352
771 92 295
771 93 378
771 94 19
771 95 398
771 96 417
771 97 191
771 98 560
771 99 154
771 100 142
771 101 80
771 102 158
771 103 593
771 104 968
771 105 166
771 106 957
771 107 546
771 108 813
771 109 42
771 110 19
771 111 168
771 112 577
771 113 916
771 114 338
771 115 612
771 116 997
771 117 139
771 118 102
771 119 969
771 120 696
771 121 784
771 122 904
771 123 878
771 124 60
771 125 5
771 126 400
771 127 234
771 128 280
771 129 641
771 130 349
771 131 753
771 132 868
771 133 869
771 134 302
771 135 691
771 136 976
771 137 369
771 138 39
771 139 176
771 140 268
771 141 457
771 142 184
771 143 443
771 144 505
771 145 553
771 146 504
771 147 585
771 148 246
771 149 732
771 150 817
771 151 153
771 152 320
771 153 995
771 154 551
771 155 750
771 156 839
771 157 30
771 158 249
771 159 574
771 160 116
771 161 756
771 162 732
771 163 207
771 164 899
771 165 994
771 166 536
771 167 43
771 168 326
771 169 391
771 170 837
771 171 694
771 172 18
771 173 724
771 174 535
771 175 452
771 176 243
771 177 532
771 178 757
771 179 48
771 180 236
771 181 342
771 182 271
771 183 346
771 184 598
771 185 493
771 186 341
771 187 69
771 188 821
771 189 291
771 190 594
771 191 846
771 192 793
771 193 676
771 194 537
771 195 433
771 196 263
771 197 10
771 198 59
771 199 140
771 200 107
771 201 270
771 202 57
771 203 575
771 204 409
771 205 755
771 206 786
771 207 712
771 208 105
771 209 476
771 210 180
771 211 713
771 212 217
771 213 256
771 214 990
771 215 470
771 216 12
771 217 694
771 218 26
771 219 332
771 220 37
771 221 855
771 222 613
771 223 885
771 224 662
771 225 387
771 226 811
771 227 455
771 228 389
771 229 48
771 230 656
771 231 895
771 232 116
771 233 238
771 234 989
771 235 355
771 236 249
771 237 161
771 238 456
771 239 1
771 240 502
771 241 270
771 242 711
771 243 301
771 244 630
771 245 920
771 246 367
771 247 177
771 248 637
771 249 851
771 250 459
771 251 827
771 252 20
771 253 849
771 254 357
771 255 837
771 256 76
771 257 327
771 258 641
771 259 635
771 260 776
771 261 276
771 262 946
771 263 326
771 264 310
771 265 516
771 266 553
771 267 45
771 268 487
771 269 904
771 270 291
771 271 994
771 272 178
771 273 349
771 274 686
771 275 393
771 276 58
771 277 368
771 278 340
771 279 882
771 280 989
771 281 368
771 282 257
771 283 794
771 284 53
771 285 566
771 286 176
771 287 703
771 288 951
771 289 85
771 290 96
771 291 487
771 292 265
771 293 477
771 294 465
771 295 991
771 296 564
771 297 187
771 298 726
771 299 226
771 300 784
771 301 766
771 302 970
771 303 701
771 304 938
771 305 639
771 306 285
771 307 357
771 308 833
771 309 268
771 310 467
771 311 394
771 312 157
771 313 93
771 314 710
771 315 349
771 316 109
771 317 301
771 318 793
771 319 615
771 320 963
771 321 617
771 322 794
771 323 590
771 324 879
771 325 776
771 326 15
771 327 338
771 328 314
771 329 488
771 330 929
771 331 457
771 332 617
771 333 411
771 334 762
771 335 967
771 336 205
771 337 270
771 338 943
771 339 803
771 340 308
771 341 527
771 342 931
771 343 877
771 344 280
771 345 242
771 346 758
771 347 511
771 348 20
771 349 928
771 350 681
771 351 529
771 352 112
771 353 473
771 354 766
771 355 317
771 356 18
771 357 18
771 358 952
771 359 959
771 360 5
771 361 683
771 362 689
771 363 584
771 364 201
771 365 570
771 366 107
771 367 602
771 368 852
771 369 336
771 370 732
771 371 988
771 372 861
771 373 111
771 374 828
771 375 6
771 376 760
771 377 349
771 378 886
771 379 446
771 380 733
771 381 78
771 382 704
771 383 330
771 384 318
771 385 835
771 386 601
771 387 938
771 388 105
771 389 457
771 390 463
771 391 273
771 392 526
771 393 712
771 394 986
771 395 261
771 396 997
771 397 721
771 398 587
771 399 321
771 400 840
771 401 123
771 402 755
771 403 314
771 404 678
771 405 570
771 406 270
771 407 402
771 408 947
771 409 253
771 410 580
771 411 584
771 412 469
771 413 51
771 414 775
771 415 534
771 416 609
771 417 411
771 418 688
771 419 300
771 420 567
771 421 306
771 422 625
771 423 129
771 424 215
771 425 534
771 426 720
771 427 326
771 428 984
771 429 903
771 430 640
771 431 536
771 432 651
771 433 780
771 434 631
771 435 753
771 436 14
771 437 404
771 438 460
771 439 666
771 440 464
771 441 444
771 442 629
771 443 822
771 444 743
771 445 857
771 446 604
771 447 93
771 448 573
771 449 614
771 450 42
771 451 108
771 452 143
771 453 100
771 454 237
771 455 986
771 456 218
771 457 758
771 458 133
771 459 249
771 460 51
771 461 794
771 462 863
771 463 847
771 464 517
771 465 631
771 466 948
771 467 509
771 468 715
771 469 787
771 470 670
771 471 321
771 472 549
771 473 670
771 474 754
771 475 383
771 476 809
771 477 579
771 478 319
771 479 261
771 480 508
771 481 231
771 482 885
771 483 229
771 484 683
771 485 55
771 486 786
771 487 378
771 488 94
771 489 50
771 490 932
771 491 696
771 492 585
771 493 170
771 494 2
771 495 886
771 496 161
771 497 11
771 498 463
771 499 934
771 500 742
771 501 164
771 502 218
771 503 390
771 504 964
771 505 647
771 506 281
771 507 471
771 508 66
771 509 21
771 510 293
771 511 643
771 512 712
771 513 648
771 514 659
771 515 325
771 516 443
771 517 683
771 518 228
771 519 782
771 520 84
771 521 578
771 522 248
771 523 370
771 524 670
771 525 771
771 526 201
771 527 986
771 528 298
771 529 569
771 530 935
771 531 672
771 532 51
771 533 128
771 534 855
771 535 94
771 536 146
771 537 444
771 538 24
771 539 321
771 540 121
771 541 905
771 542 875
771 543 558
771 544 22
771 545 617
771 546 812
771 547 410
771 548 315
771 549 551
771 550 594
771 551 643
771 552 988
771 553 403
771 554 17
771 555 206
771 556 384
771 557 735
771 558 970
771 559 931
771 560 367
771 561 1000
771 562 370
771 563 748
771 564 361
771 565 835
771 566 248
771 567 653
771 568 329
771 569 750
771 570 351
771 571 18
771 572 454
771 573 260
771 574 342
771 575 781
771 576 287
771 577 725
771 578 956
771 579 449
771 580 99
771 581 687
771 582 39
771 583 130
771 584 818
771 585 460
771 586 848
771 587 822
771 588 67
771 589 923
771 590 717
771 591 762
771 592 801
771 593 740
771 594 266
771 595 348
771 596 925
771 597 602
771 598 225
771 599 348
771 600 727
771 601 524
771 602 265
771 603 413
771 604 947
771 605 649
771 606 42
771 607 213
771 608 92
771 609 631
771 610 902
771 611 343
771 612 293
771 613 505
771 614 955
771 615 944
771 616 714
771 617 629
771 618 535
771 619 488
771 620 699
771 621 753
771 622 106
771 623 945
771 624 993
771 625 575
771 626 913
771 627 762
771 628 752
771 629 104
771 630 253
771 631 912
771 632 620
771 633 322
771 634 525
771 635 105
771 636 153
771 637 342
771 638 22
771 639 888
771 640 674
771 641 779
771 642 185
771 643 349
771 644 995
771 645 191
771 646 901
771 647 613
771 648 612
771 649 953
771 650 152
771 651 796
771 652 442
771 653 252
771 654 523
771 655 497
771 656 366
771 657 303
771 658 148
771 659 619
771 660 548
771 661 119
771 662 972
771 663 110
771 664 667
771 665 669
771 666 166
771 667 251
771 668 794
771 669 908
771 670 232
771 671 376
771 672 536
771 673 422
771 674 759
771 675 413
771 676 50
771 677 579
771 678 31
771 679 931
771 680 554
771 681 302
771 682 985
771 683 597
771 684 969
771 685 641
771 686 964
771 687 435
771 688 109
771 689 640
771 690 298
771 691 236
771 692 403
771 693 889
771 694 115
771 695 781
771 696 69
771 697 181
771 698 607
771 699 474
771 700 67
771 701 819
771 702 706
771 703 420
771 704 46
771 705 290
771 706 144
771 707 495
771 708 319
771 709 624
771 710 841
771 711 326
771 712 493
771 713 786
771 714 410
771 715 471
771 716 784
771 717 956
771 718 64
771 719 132
771 720 518
771 721 359
771 722 642
771 723 836
771 724 474
771 725 143
771 726 810
771 727 105
771 728 910
771 729 950
771 730 335
771 731 953
771 732 275
771 733 436
771 734 366
771 735 197
771 736 819
771 737 489
771 738 79
771 739 246
771 740 706
771 741 594
771 742 551
771 743 944
771 744 869
771 745 938
771 746 962
771 747 253
771 748 301
771 749 921
771 750 497
771 751 178
771 752 301
771 753 777
771 754 756
771 755 817
771 756 867
771 757 749
771 758 294
771 759 124
771 760 816
771 761 150
771 762 183
771 763 361
771 764 566
771 765 690
771 766 432
771 767 998
771 768 512
771 769 107
771 770 991
771 771 920
772 1 87
772 2 754
772 3 307
772 4 523
772 5 205
772 6 726
772 7 823
772 8 260
772 9 112
772 10 701
772 11 444
772 12 547
772 13 44
772 14 685
772 15 546
772 16 898
772 17 27
772 18 400
772 19 925
772 20 354
772 21 984
772 22 993
772 23 172
772 24 680
772 25 257
772 26 547
772 27 124
772 28 387
772 29 701
772 30 192
772 31 204
772 32 850
772 33 246
772 34 238
772 35 348
772 36 938
772 37 199
772 38 291
772 39 367
772 40 110
772 41 713
772 42 271
772 43 59
772 44 300
772 45 851
772 46 380
772 47 503
772 48 274
772 49 859
772 50 711
772 51 107
772 52 682
772 53 345
772 54 197
772 55 272
772 56 603
772 57 255
772 58 769
772 59 61
772 60 792
772 61 958
772 62 882
772 63 426
772 64 798
772 65 276
772 66 627
772 67 683
772 68 455
772 69 732
772 70 221
772 71 527
772 72 45
772 73 141
772 74 375
772 75 807
772 76 783
772 77 13
772 78 262
772 79 426
772 80 559
772 81 184
772 82 808
772 83 633
772 84 540
772 85 652
772 86 986
772 87 634
772 88 134
772 89 116
772 90 326
772 91 28
772 92 310
772 93 169
772 94 900
772 95 156
772 96 113
772 97 553
772 98 80
772 99 746
772 100 585
772 101 229
772 102 497
772 103 409
772 104 525
772 105 221
772 106 233
772 107 537
772 108 631
772 109 658
772 110 47
772 111 941
772 112 371
772 113 833
772 114 705
772 115 637
772 116 904
772 117 453
772 118 646
772 119 573
772 120 131
772 121 396
772 122 780
772 123 419
772 124 227
772 125 804
772 126 389
772 127 811
772 128 166
772 129 509
772 130 939
772 131 878
772 132 811
772 133 998
772 134 582
772 135 774
772 136 113
772 137 826
772 138 816
772 139 391
772 140 967
772 141 56
772 142 282
772 143 425
772 144 737
772 145 590
772 146 184
772 147 147
772 148 813
772 149 312
772 150 750
772 151 337
772 152 331
772 153 775
772 154 300
772 155 122
772 156 204
772 157 36
772 158 217
772 159 201
772 160 581
772 161 188
772 162 745
772 163 468
772 164 346
772 165 204
772 166 848
772 167 857
772 168 48
772 169 645
772 170 997
772 171 525
772 172 504
772 173 425
772 174 33
772 175 693
772 176 251
772 177 610
772 178 364
772 179 831
772 180 526
772 181 945
772 182 205
772 183 531
772 184 430
772 185 645
772 186 326
772 187 686
772 188 26
772 189 389
772 190 862
772 191 175
772 192 289
772 193 835
772 194 415
772 195 403
772 196 41
772 197 886
772 198 30
772 199 110
772 200 561
772 201 666
772 202 225
772 203 751
772 204 179
772 205 612
772 206 392
772 207 402
772 208 130
772 209 93
772 210 816
772 211 44
772 212 684
772 213 14
772 214 795
772 215 663
772 216 69
772 217 550
772 218 465
772 219 586
772 220 706
772 221 179
772 222 4
772 223 832
772 224 300
772 225 476
772 226 583
772 227 440
772 228 840
772 229 239
772 230 442
772 231 8
772 232 410
772 233 837
772 234 930
772 235 611
772 236 657
772 237 857
772 238 14
772 239 740
772 240 39
772 241 360
772 242 152
772 243 577
772 244 307
772 245 102
772 246 840
772 247 354
772 248 784
772 249 846
772 250 286
772 251 986
772 252 336
772 253 72
772 254 362
772 255 422
772 256 587
772 257 12
772 258 311
772 259 594
772 260 231
772 261 810
772 262 559
772 263 915
772 264 317
772 265 671
772 266 342
772 267 635
772 268 904
772 269 0
772 270 809
772 271 827
772 272 558
772 273 866
772 274 381
772 275 153
772 276 89
772 277 581
772 278 758
772 279 588
772 280 297
772 281 533
772 282 204
772 283 674
772 284 772
772 285 504
772 286 175
772 287 192
772 288 608
772 289 49
772 290 664
772 291 17
772 292 75
772 293 505
772 294 62
772 295 549
772 296 218
772 297 266
772 298 794
772 299 448
772 300 981
772 301 895
772 302 49
772 303 622
772 304 602
772 305 620
772 306 784
772 307 163
772 308 917
772 309 829
772 310 173
772 311 791
772 312 100
772 313 813
772 314 622
772 315 733
772 316 571
772 317 463
772 318 760
772 319 331
772 320 221
772 321 69
772 322 548
772 323 255
772 324 583
772 325 692
772 326 78
772 327 80
772 328 421
772 329 399
772 330 948
772 331 190
772 332 843
772 333 79
772 334 843
772 335 928
772 336 975
772 337 683
772 338 28
772 339 415
772 340 885
772 341 171
772 342 847
772 343 637
772 344 727
772 345 261
772 346 831
772 347 309
772 348 158
772 349 387
772 350 753
772 351 360
772 352 121
772 353 969
772 354 993
772 355 828
772 356 204
772 357 287
772 358 733
772 359 743
772 360 181
772 361 166
772 362 820
772 363 300
772 364 357
772 365 576
772 366 994
772 367 977
772 368 219
772 369 345
772 370 831
772 371 875
772 372 819
772 373 730
772 374 405
772 375 747
772 376 610
772 377 839
772 378 534
772 379 15
772 380 485
772 381 762
772 382 754
772 383 775
772 384 897
772 385 228
772 386 866
772 387 933
772 388 443
772 389 456
772 390 894
772 391 319
772 392 39
772 393 971
772 394 993
772 395 767
772 396 531
772 397 930
772 398 453
772 399 258
772 400 604
772 401 363
772 402 270
772 403 337
772 404 385
772 405 877
772 406 812
772 407 28
772 408 196
772 409 965
772 410 670
772 411 865
772 412 993
772 413 734
772 414 926
772 415 489
772 416 207
772 417 115
772 418 248
772 419 95
772 420 84
772 421 832
772 422 172
772 423 605
772 424 368
772 425 575
772 426 955
772 427 708
772 428 135
772 429 347
772 430 982
772 431 841
772 432 430
772 433 929
772 434 141
772 435 797
772 436 657
772 437 547
772 438 945
772 439 834
772 440 890
772 441 463
772 442 884
772 443 524
772 444 775
772 445 885
772 446 431
772 447 80
772 448 160
772 449 831
772 450 826
772 451 591
772 452 974
772 453 182
772 454 871
772 455 305
772 456 27
772 457 826
772 458 424
772 459 158
772 460 929
772 461 332
772 462 623
772 463 7
772 464 455
772 465 819
772 466 500
772 467 159
772 468 621
772 469 304
772 470 337
772 471 307
772 472 838
772 473 826
772 474 134
772 475 113
772 476 830
772 477 466
772 478 926
772 479 828
772 480 24
772 481 879
772 482 414
772 483 29
772 484 290
772 485 479
772 486 278
772 487 998
772 488 838
772 489 398
772 490 810
772 491 69
772 492 709
772 493 890
772 494 864
772 495 465
772 496 761
772 497 696
772 498 345
772 499 580
772 500 571
772 501 752
772 502 144
772 503 876
772 504 163
772 505 640
772 506 635
772 507 831
772 508 810
772 509 6
772 510 469
772 511 966
772 512 282
772 513 573
772 514 91
772 515 173
772 516 339
772 517 353
772 518 60
772 519 731
772 520 892
772 521 392
772 522 250
772 523 304
772 524 505
772 525 622
772 526 493
772 527 67
772 528 336
772 529 126
772 530 603
772 531 437
772 532 948
772 533 338
772 534 821
772 535 254
772 536 905
772 537 445
772 538 351
772 539 193
772 540 63
772 541 11
772 542 405
772 543 92
772 544 772
772 545 102
772 546 559
772 547 344
772 548 727
772 549 456
772 550 173
772 551 332
772 552 692
772 553 811
772 554 282
772 555 272
772 556 704
772 557 946
772 558 182
772 559 133
772 560 734
772 561 963
772 562 193
772 563 925
772 564 767
772 565 97
772 566 859
772 567 428
772 568 143
772 569 97
772 570 293
772 571 617
772 572 454
772 573 583
772 574 611
772 575 781
772 576 229
772 577 621
772 578 208
772 579 534
772 580 912
772 581 587
772 582 343
772 583 128
772 584 500
772 585 385
772 586 98
772 587 102
772 588 374
772 589 367
772 590 661
772 591 214
772 592 576
772 593 150
772 594 140
772 595 605
772 596 962
772 597 904
772 598 96
772 599 740
772 600 764
772 601 808
772 602 92
772 603 754
772 604 719
772 605 39
772 606 528
772 607 55
772 608 961
772 609 863
772 610 119
772 611 188
772 612 991
772 613 444
772 614 254
772 615 959
772 616 492
772 617 124
772 618 496
772 619 677
772 620 189
772 621 875
772 622 601
772 623 167
772 624 518
772 625 861
772 626 514
772 627 277
772 628 954
772 629 890
772 630 79
772 631 197
772 632 947
772 633 963
772 634 639
772 635 174
772 636 973
772 637 194
772 638 488
772 639 183
772 640 990
772 641 941
772 642 132
772 643 698
772 644 832
772 645 950
772 646 876
772 647 847
772 648 757
772 649 757
772 650 438
772 651 412
772 652 305
772 653 770
772 654 478
772 655 730
772 656 931
772 657 860
772 658 219
772 659 14
772 660 713
772 661 950
772 662 287
772 663 773
772 664 916
772 665 413
772 666 952
772 667 343
772 668 686
772 669 410
772 670 340
772 671 547
772 672 810
772 673 454
772 674 311
772 675 890
772 676 528
772 677 272
772 678 828
772 679 337
772 680 502
772 681 423
772 682 536
772 683 350
772 684 463
772 685 907
772 686 795
772 687 301
772 688 904
772 689 287
772 690 768
772 691 324
772 692 806
772 693 913
772 694 933
772 695 953
772 696 132
772 697 651
772 698 592
772 699 64
772 700 205
772 701 794
772 702 157
772 703 424
772 704 11
772 705 755
772 706 456
772 707 907
772 708 7
772 709 582
772 710 228
772 711 754
772 712 610
772 713 40
772 714 736
772 715 401
772 716 214
772 717 428
772 718 917
772 719 376
772 720 694
772 721 634
772 722 542
772 723 974
772 724 665
772 725 392
772 726 978
772 727 368
772 728 803
772 729 916
772 730 181
772 731 749
772 732 235
772 733 776
772 734 49
772 735 691
772 736 64
772 737 784
772 738 198
772 739 683
772 740 319
772 741 929
772 742 328
772 743 56
772 744 112
772 745 892
772 746 783
772 747 141
772 748 872
772 749 19
772 750 870
772 751 575
772 752 86
772 753 1
772 754 143
772 755 825
772 756 493
772 757 756
772 758 998
772 759 26
772 760 864
772 761 755
772 762 739
772 763 532
772 764 148
772 765 506
772 766 338
772 767 232
772 768 345
772 769 815
772 770 622
772 771 325
772 772 429
773 1 891
773 2 384
773 3 674
773 4 755
773 5 559
773 6 576
773 7 627
773 8 574
773 9 541
773 10 542
773 11 466
773 12 49
773 13 112
773 14 178
773 15 450
773 16 319
773 17 112
773 18 853
773 19 726
773 20 561
773 21 512
773 22 200
773 23 278
773 24 184
773 25 938
773 26 636
773 27 700
773 28 637
773 29 18
773 30 303
773 31 792
773 32 276
773 33 899
773 34 678
773 35 516
773 36 923
773 37 492
773 38 877
773 39 652
773 40 997
773 41 603
773 42 351
773 43 881
773 44 508
773 45 676
773 46 322
773 47 560
773 48 631
773 49 242
773 50 204
773 51 137
773 52 330
773 53 123
773 54 230
773 55 769
773 56 369
773 57 101
773 58 444
773 59 450
773 60 783
773 61 937
773 62 128
773 63 66
773 64 236
773 65 951
773 66 231
773 67 511
773 68 179
773 69 357
773 70 143
773 71 57
773 72 828
773 73 469
773 74 309
773 75 807
773 76 816
773 77 434
773 78 528
773 79 339
773 80 92
773 81 854
773 82 674
773 83 922
773 84 889
773 85 466
773 86 753
773 87 691
773 88 366
773 89 784
773 90 923
773 91 836
773 92 532
773 93 652
773 94 216
773 95 87
773 96 741
773 97 844
773 98 165
773 99 938
773 100 181
773 101 916
773 102 914
773 103 267
773 104 413
773 105 827
773 106 662
773 107 178
773 108 641
773 109 345
773 110 782
773 111 273
773 112 719
773 113 463
773 114 543
773 115 176
773 116 923
773 117 412
773 118 845
773 119 865
773 120 309
773 121 921
773 122 765
773 123 873
773 124 222
773 125 102
773 126 594
773 127 590
773 128 83
773 129 288
773 130 96
773 131 913
773 132 622
773 133 413
773 134 854
773 135 122
773 136 647
773 137 154
773 138 115
773 139 943
773 140 59
773 141 144
773 142 723
773 143 144
773 144 679
773 145 496
773 146 474
773 147 400
773 148 91
773 149 762
773 150 387
773 151 52
773 152 108
773 153 722
773 154 918
773 155 265
773 156 916
773 157 536
773 158 730
773 159 81
773 160 246
773 161 981
773 162 486
773 163 162
773 164 571
773 165 868
773 166 173
773 167 191
773 168 654
773 169 309
773 170 665
773 171 674
773 172 193
773 173 1
773 174 884
773 175 780
773 176 876
773 177 341
773 178 317
773 179 335
773 180 777
773 181 329
773 182 387
773 183 115
773 184 119
773 185 730
773 186 678
773 187 364
773 188 957
773 189 278
773 190 167
773 191 323
773 192 676
773 193 89
773 194 178
773 195 325
773 196 746
773 197 455
773 198 619
773 199 600
773 200 549
773 201 99
773 202 158
773 203 509
773 204 224
773 205 822
773 206 348
773 207 721
773 208 130
773 209 999
773 210 472
773 211 166
773 212 251
773 213 351
773 214 460
773 215 829
773 216 819
773 217 298
773 218 371
773 219 329
773 220 476
773 221 140
773 222 828
773 223 73
773 224 274
773 225 196
773 226 789
773 227 643
773 228 434
773 229 780
773 230 210
773 231 829
773 232 439
773 233 148
773 234 385
773 235 908
773 236 504
773 237 685
773 238 442
773 239 497
773 240 966
773 241 273
773 242 875
773 243 427
773 244 93
773 245 219
773 246 648
773 247 414
773 248 414
773 249 486
773 250 772
773 251 672
773 252 7
773 253 789
773 254 184
773 255 374
773 256 594
773 257 315
773 258 673
773 259 313
773 260 112
773 261 693
773 262 639
773 263 103
773 264 902
773 265 105
773 266 337
773 267 43
773 268 379
773 269 934
773 270 479
773 271 902
773 272 133
773 273 942
773 274 365
773 275 309
773 276 82
773 277 264
773 278 576
773 279 138
773 280 576
773 281 477
773 282 643
773 283 142
773 284 51
773 285 536
773 286 587
773 287 79
773 288 482
773 289 501
773 290 27
773 291 45
773 292 199
773 293 348
773 294 956
773 295 65
773 296 148
773 297 143
773 298 516
773 299 132
773 300 915
773 301 314
773 302 98
773 303 609
773 304 917
773 305 665
773 306 547
773 307 832
773 308 403
773 309 270
773 310 522
773 311 944
773 312 369
773 313 45
773 314 793
773 315 229
773 316 819
773 317 740
773 318 537
773 319 726
773 320 349
773 321 503
773 322 258
773 323 865
773 324 978
773 325 801
773 326 500
773 327 158
773 328 711
773 329 880
773 330 450
773 331 866
773 332 323
773 333 509
773 334 956
773 335 131
773 336 643
773 337 464
773 338 620
773 339 807
773 340 169
773 341 99
773 342 224
773 343 68
773 344 440
773 345 315
773 346 215
773 347 364
773 348 621
773 349 25
773 350 772
773 351 601
773 352 825
773 353 189
773 354 592
773 355 486
773 356 921
773 357 720
773 358 750
773 359 761
773 360 569
773 361 455
773 362 536
773 363 483
773 364 562
773 365 358
773 366 546
773 367 971
773 368 399
773 369 829
773 370 695
773 371 504
773 372 30
773 373 26
773 374 830
773 375 729
773 376 284
773 377 817
773 378 974
773 379 87
773 380 568
773 381 424
773 382 22
773 383 988
773 384 37
773 385 739
773 386 416
773 387 779
773 388 671
773 389 748
773 390 278
773 391 432
773 392 207
773 393 514
773 394 970
773 395 526
773 396 661
773 397 959
773 398 511
773 399 23
773 400 526
773 401 622
773 402 384
773 403 291
773 404 739
773 405 258
773 406 263
773 407 322
773 408 619
773 409 256
773 410 122
773 411 475
773 412 502
773 413 434
773 414 745
773 415 551
773 416 328
773 417 431
773 418 660
773 419 924
773 420 534
773 421 262
773 422 407
773 423 180
773 424 256
773 425 157
773 426 101
773 427 189
773 428 766
773 429 932
773 430 308
773 431 2
773 432 582
773 433 930
773 434 162
773 435 955
773 436 717
773 437 64
773 438 258
773 439 219
773 440 766
773 441 658
773 442 737
773 443 754
773 444 983
773 445 847
773 446 455
773 447 390
773 448 439
773 449 695
773 450 157
773 451 165
773 452 401
773 453 775
773 454 423
773 455 506
773 456 766
773 457 629
773 458 192
773 459 953
773 460 889
773 461 682
773 462 15
773 463 614
773 464 782
773 465 394
773 466 942
773 467 923
773 468 646
773 469 910
773 470 742
773 471 766
773 472 922
773 473 824
773 474 651
773 475 882
773 476 751
773 477 697
773 478 739
773 479 233
773 480 922
773 481 890
773 482 491
773 483 190
773 484 372
773 485 428
773 486 17
773 487 810
773 488 789
773 489 119
773 490 373
773 491 354
773 492 841
773 493 986
773 494 342
773 495 984
773 496 633
773 497 607
773 498 460
773 499 674
773 500 559
773 501 896
773 502 464
773 503 194
773 504 912
773 505 878
773 506 771
773 507 556
773 508 658
773 509 32
773 510 989
773 511 936
773 512 202
773 513 838
773 514 561
773 515 597
773 516 239
773 517 414
773 518 911
773 519 176
773 520 337
773 521 162
773 522 621
773 523 818
773 524 30
773 525 5
773 526 264
773 527 43
773 528 694
773 529 710
773 530 833
773 531 292
773 532 417
773 533 75
773 534 607
773 535 624
773 536 580
773 537 892
773 538 204
773 539 509
773 540 175
773 541 116
773 542 649
773 543 536
773 544 842
773 545 973
773 546 948
773 547 378
773 548 259
773 549 183
773 550 725
773 551 797
773 552 881
773 553 838
773 554 954
773 555 999
773 556 671
773 557 232
773 558 273
773 559 694
773 560 792
773 561 7
773 562 426
773 563 664
773 564 342
773 565 81
773 566 740
773 567 274
773 568 762
773 569 47
773 570 268
773 571 941
773 572 163
773 573 818
773 574 797
773 575 276
773 576 549
773 577 431
773 578 775
773 579 989
773 580 34
773 581 403
773 582 237
773 583 339
773 584 653
773 585 32
773 586 365
773 587 570
773 588 397
773 589 950
773 590 793
773 591 281
773 592 980
773 593 105
773 594 787
773 595 408
773 596 818
773 597 361
773 598 248
773 599 706
773 600 686
773 601 632
773 602 118
773 603 650
773 604 194
773 605 328
773 606 257
773 607 647
773 608 148
773 609 506
773 610 812
773 611 513
773 612 97
773 613 647
773 614 204
773 615 331
773 616 764
773 617 832
773 618 359
773 619 672
773 620 939
773 621 176
773 622 41
773 623 893
773 624 142
773 625 836
773 626 267
773 627 989
773 628 282
773 629 128
773 630 682
773 631 495
773 632 752
773 633 501
773 634 848
773 635 118
773 636 190
773 637 140
773 638 924
773 639 668
773 640 214
773 641 709
773 642 697
773 643 758
773 644 263
773 645 146
773 646 1
773 647 8
773 648 21
773 649 382
773 650 517
773 651 361
773 652 964
773 653 290
773 654 752
773 655 373
773 656 989
773 657 796
773 658 870
773 659 414
773 660 619
773 661 156
773 662 93
773 663 710
773 664 579
773 665 247
773 666 314
773 667 930
773 668 401
773 669 559
773 670 585
773 671 715
773 672 575
773 673 331
773 674 936
773 675 541
773 676 380
773 677 917
773 678 387
773 679 810
773 680 746
773 681 96
773 682 254
773 683 566
773 684 900
773 685 747
773 686 35
773 687 981
773 688 518
773 689 641
773 690 82
773 691 133
773 692 523
773 693 432
773 694 870
773 695 747
773 696 381
773 697 875
773 698 141
773 699 104
773 700 552
773 701 172
773 702 909
773 703 744
773 704 513
773 705 456
773 706 880
773 707 734
773 708 484
773 709 117
773 710 82
773 711 443
773 712 498
773 713 956
773 714 102
773 715 840
773 716 206
773 717 118
773 718 676
773 719 795
773 720 622
773 721 66
773 722 726
773 723 78
773 724 104
773 725 814
773 726 138
773 727 574
773 728 760
773 729 970
773 730 20
773 731 142
773 732 599
773 733 83
773 734 664
773 735 481
773 736 173
773 737 888
773 738 608
773 739 895
773 740 159
773 741 44
773 742 639
773 743 33
773 744 1
773 745 59
773 746 316
773 747 301
773 748 7
773 749 377
773 750 93
773 751 947
773 752 813
773 753 43
773 754 41
773 755 434
773 756 69
773 757 897
773 758 386
773 759 210
773 760 949
773 761 561
773 762 316
773 763 648
773 764 465
773 765 955
773 766 952
773 767 225
773 768 300
773 769 848
773 770 728
773 771 666
773 772 783
773 773 61
774 1 69
774 2 472
774 3 778
774 4 339
774 5 273
774 6 839
774 7 600
774 8 33
774 9 400
774 10 309
774 11 312
774 12 817
774 13 751
774 14 289
774 15 750
774 16 834
774 17 484
774 18 119
774 19 676
774 20 109
774 21 917
774 22 917
774 23 161
774 24 490
774 25 163
774 26 38
774 27 544
774 28 980
774 29 318
774 30 450
774 31 406
774 32 296
774 33 183
774 34 441
774 35 691
774 36 447
774 37 695
774 38 940
774 39 933
774 40 532
774 41 669
774 42 10
774 43 183
774 44 664
774 45 234
774 46 32
774 47 618
774 48 965
774 49 181
774 50 101
774 51 794
774 52 70
774 53 898
774 54 509
774 55 912
774 56 841
774 57 187
774 58 159
774 59 346
774 60 639
774 61 24
774 62 385
774 63 236
774 64 339
774 65 232
774 66 698
774 67 67
774 68 317
774 69 451
774 70 981
774 71 449
774 72 434
774 73 38
774 74 354
774 75 174
774 76 790
774 77 661
774 78 599
774 79 935
774 80 837
774 81 428
774 82 311
774 83 378
774 84 560
774 85 480
774 86 309
774 87 615
774 88 739
774 89 600
774 90 993
774 91 854
774 92 785
774 93 915
774 94 997
774 95 941
774 96 731
774 97 404
774 98 991
774 99 939
774 100 441
774 101 844
774 102 690
774 103 408
774 104 157
774 105 496
774 106 689
774 107 295
774 108 650
774 109 445
774 110 642
774 111 0
774 112 567
774 113 410
774 114 995
774 115 496
774 116 289
774 117 237
774 118 789
774 119 655
774 120 779
774 121 712
774 122 660
774 123 800
774 124 390
774 125 422
774 126 658
774 127 388
774 128 354
774 129 88
774 130 39
774 131 65
774 132 290
774 133 718
774 134 526
774 135 720
774 136 459
774 137 428
774 138 821
774 139 788
774 140 908
774 141 887
774 142 782
774 143 851
774 144 302
774 145 631
774 146 202
774 147 2
774 148 936
774 149 756
774 150 350
774 151 761
774 152 734
774 153 488
774 154 557
774 155 23
774 156 438
774 157 80
774 158 212
774 159 285
774 160 628
774 161 414
774 162 567
774 163 963
774 164 687
774 165 710
774 166 531
774 167 736
774 168 89
774 169 675
774 170 134
774 171 502
774 172 69
774 173 208
774 174 580
774 175 202
774 176 12
774 177 376
774 178 451
774 179 898
774 180 976
774 181 811
774 182 478
774 183 913
774 184 423
774 185 503
774 186 33
774 187 136
774 188 564
774 189 339
774 190 616
774 191 716
774 192 974
774 193 398
774 194 835
774 195 202
774 196 186
774 197 922
774 198 838
774 199 529
774 200 746
774 201 470
774 202 104
774 203 21
774 204 253
774 205 691
774 206 293
774 207 719
774 208 964
774 209 807
774 210 636
774 211 485
774 212 381
774 213 23
774 214 658
774 215 331
774 216 473
774 217 921
774 218 227
774 219 900
774 220 190
774 221 167
774 222 794
774 223 279
774 224 352
774 225 259
774 226 925
774 227 735
774 228 762
774 229 901
774 230 478
774 231 755
774 232 781
774 233 873
774 234 643
774 235 484
774 236 321
774 237 525
774 238 355
774 239 290
774 240 239
774 241 616
774 242 969
774 243 993
774 244 431
774 245 603
774 246 8
774 247 825
774 248 655
774 249 435
774 250 191
774 251 376
774 252 857
774 253 573
774 254 516
774 255 608
774 256 660
774 257 474
774 258 235
774 259 393
774 260 740
774 261 262
774 262 213
774 263 390
774 264 786
774 265 645
774 266 84
774 267 317
774 268 102
774 269 125
774 270 983
774 271 16
774 272 387
774 273 574
774 274 27
774 275 584
774 276 851
774 277 721
774 278 450
774 279 171
774 280 710
774 281 849
774 282 925
774 283 264
774 284 476
774 285 169
774 286 169
774 287 455
774 288 168
774 289 700
774 290 113
774 291 856
774 292 943
774 293 251
774 294 62
774 295 758
774 296 295
774 297 631
774 298 557
774 299 104
774 300 94
774 301 910
774 302 308
774 303 796
774 304 513
774 305 117
774 306 557
774 307 319
774 308 212
774 309 742
774 310 337
774 311 109
774 312 4
774 313 105
774 314 15
774 315 409
774 316 460
774 317 960
774 318 175
774 319 558
774 320 267
774 321 472
774 322 585
774 323 685
774 324 902
774 325 383
774 326 248
774 327 203
774 328 867
774 329 463
774 330 345
774 331 771
774 332 347
774 333 95
774 334 1
774 335 147
774 336 992
774 337 0
774 338 345
774 339 694
774 340 684
774 341 571
774 342 127
774 343 539
774 344 285
774 345 308
774 346 174
774 347 615
774 348 303
774 349 861
774 350 691
774 351 58
774 352 431
774 353 98
774 354 738
774 355 652
774 356 402
774 357 243
774 358 491
774 359 670
774 360 395
774 361 717
774 362 879
774 363 537
774 364 822
774 365 972
774 366 15
774 367 98
774 368 134
774 369 463
774 370 820
774 371 571
774 372 89
774 373 108
774 374 598
774 375 373
774 376 419
774 377 446
774 378 869
774 379 437
774 380 362
774 381 857
774 382 703
774 383 177
774 384 452
774 385 483
774 386 934
774 387 738
774 388 779
774 389 366
774 390 255
774 391 126
774 392 656
774 393 985
774 394 130
774 395 953
774 396 798
774 397 420
774 398 338
774 399 197
774 400 942
774 401 737
774 402 636
774 403 330
774 404 317
774 405 446
774 406 31
774 407 673
774 408 111
774 409 833
774 410 881
774 411 723
774 412 725
774 413 267
774 414 347
774 415 212
774 416 15
774 417 710
774 418 176
774 419 894
774 420 973
774 421 274
774 422 509
774 423 623
774 424 135
774 425 413
774 426 527
774 427 271
774 428 482
774 429 901
774 430 496
774 431 202
774 432 263
774 433 724
774 434 394
774 435 859
774 436 109
774 437 273
774 438 7
774 439 857
774 440 164
774 441 199
774 442 529
774 443 761
774 444 582
774 445 863
774 446 625
774 447 479
774 448 434
774 449 790
774 450 636
774 451 522
774 452 292
774 453 789
774 454 795
774 455 646
774 456 53
774 457 458
774 458 658
774 459 989
774 460 395
774 461 26
774 462 460
774 463 148
774 464 376
774 465 86
774 466 313
774 467 793
774 468 924
774 469 268
774 470 662
774 471 820
774 472 242
774 473 276
774 474 650
774 475 664
774 476 455
774 477 97
774 478 305
774 479 205
774 480 946
774 481 397
774 482 546
774 483 671
774 484 583
774 485 732
774 486 339
774 487 727
774 488 132
774 489 560
774 490 531
774 491 592
774 492 430
774 493 256
774 494 783
774 495 10
774 496 895
774 497 997
774 498 327
774 499 463
774 500 218
774 501 535
774 502 893
774 503 253
774 504 147
774 505 738
774 506 606
774 507 91
774 508 794
774 509 217
774 510 247
774 511 668
774 512 303
774 513 22
774 514 927
774 515 399
774 516 417
774 517 652
774 518 260
774 519 340
774 520 355
774 521 60
774 522 462
774 523 847
774 524 144
774 525 76
774 526 725
774 527 42
774 528 429
774 529 592
774 530 264
774 531 798
774 532 591
774 533 479
774 534 637
774 535 276
774 536 97
774 537 286
774 538 108
774 539 69
774 540 181
774 541 635
774 542 606
774 543 840
774 544 830
774 545 781
774 546 868
774 547 158
774 548 994
774 549 652
774 550 884
774 551 147
774 552 892
774 553 785
774 554 691
774 555 615
774 556 723
774 557 146
774 558 231
774 559 13
774 560 249
774 561 643
774 562 955
774 563 665
774 564 508
774 565 977
774 566 163
774 567 530
774 568 798
774 569 745
774 570 970
774 571 595
774 572 842
774 573 695
774 574 124
774 575 640
774 576 243
774 577 166
774 578 385
774 579 812
774 580 575
774 581 719
774 582 263
774 583 599
774 584 754
774 585 266
774 586 841
774 587 476
774 588 88
774 589 603
774 590 823
774 591 699
774 592 727
774 593 881
774 594 30
774 595 43
774 596 532
774 597 251
774 598 506
774 599 103
774 600 100
774 601 948
774 602 662
774 603 375
774 604 698
774 605 87
774 606 586
774 607 481
774 608 768
774 609 306
774 610 39
774 611 859
774 612 183
774 613 959
774 614 433
774 615 549
774 616 869
774 617 938
774 618 452
774 619 142
774 620 161
774 621 964
774 622 119
774 623 216
774 624 758
774 625 271
774 626 439
774 627 586
774 628 897
774 629 152
774 630 599
774 631 159
774 632 358
774 633 501
774 634 616
774 635 850
774 636 192
774 637 539
774 638 158
774 639 677
774 640 644
774 641 294
774 642 78
774 643 451
774 644 146
774 645 36
774 646 404
774 647 387
774 648 755
774 649 743
774 650 666
774 651 434
774 652 714
774 653 533
774 654 302
774 655 205
774 656 196
774 657 861
774 658 830
774 659 925
774 660 368
774 661 77
774 662 742
774 663 699
774 664 327
774 665 329
774 666 520
774 667 118
774 668 149
774 669 693
774 670 756
774 671 379
774 672 648
774 673 864
774 674 529
774 675 147
774 676 289
774 677 496
774 678 18
774 679 877
774 680 245
774 681 900
774 682 943
774 683 419
774 684 139
774 685 881
774 686 235
774 687 90
774 688 669
774 689 636
774 690 627
774 691 379
774 692 508
774 693 846
774 694 127
774 695 629
774 696 90
774 697 686
774 698 898
774 699 304
774 700 731
774 701 918
774 702 680
774 703 959
774 704 737
774 705 755
774 706 336
774 707 401
774 708 296
774 709 664
774 710 855
774 711 282
774 712 618
774 713 93
774 714 483
774 715 464
774 716 242
774 717 146
774 718 7
774 719 845
774 720 217
774 721 698
774 722 530
774 723 220
774 724 451
774 725 202
774 726 998
774 727 35
774 728 659
774 729 718
774 730 210
774 731 807
774 732 787
774 733 353
774 734 359
774 735 29
774 736 807
774 737 617
774 738 645
774 739 655
774 740 482
774 741 819
774 742 688
774 743 268
774 744 934
774 745 656
774 746 885
774 747 404
774 748 615
774 749 441
774 750 635
774 751 654
774 752 532
774 753 590
774 754 563
774 755 199
774 756 618
774 757 133
774 758 525
774 759 102
774 760 879
774 761 946
774 762 196
774 763 93
774 764 503
774 765 223
774 766 203
774 767 538
774 768 217
774 769 561
774 770 848
774 771 908
774 772 71
774 773 416
774 774 387
775 1 612
775 2 97
775 3 246
775 4 238
775 5 206
775 6 33
775 7 171
775 8 669
775 9 767
775 10 477
775 11 689
775 12 518
775 13 124
775 14 411
775 15 548
775 16 99
775 17 89
775 18 400
775 19 208
775 20 479
775 21 215
775 22 425
775 23 589
775 24 779
775 25 528
775 26 454
775 27 631
775 28 312
775 29 35
775 30 671
775 31 155
775 32 582
775 33 554
775 34 729
775 35 726
775 36 790
775 37 128
775 38 562
775 39 393
775 40 739
775 41 753
775 42 399
775 43 883
775 44 853
775 45 352
775 46 52
775 47 524
775 48 385
775 49 334
775 50 997
775 51 451
775 52 271
775 53 70
775 54 756
775 55 181
775 56 810
775 57 779
775 58 199
775 59 549
775 60 751
775 61 917
775 62 267
775 63 432
775 64 147
775 65 471
775 66 937
775 67 939
775 68 891
775 69 732
775 70 141
775 71 872
775 72 529
775 73 97
775 74 667
775 75 930
775 76 604
775 77 977
775 78 116
775 79 384
775 80 179
775 81 67
775 82 401
775 83 565
775 84 292
775 85 223
775 86 289
775 87 992
775 88 602
775 89 551
775 90 361
775 91 278
775 92 501
775 93 358
775 94 102
775 95 193
775 96 724
775 97 691
775 98 281
775 99 751
775 100 652
775 101 664
775 102 963
775 103 236
775 104 453
775 105 902
775 106 680
775 107 324
775 108 467
775 109 178
775 110 685
775 111 225
775 112 972
775 113 326
775 114 515
775 115 42
775 116 551
775 117 496
775 118 148
775 119 130
775 120 428
775 121 3
775 122 691
775 123 591
775 124 758
775 125 212
775 126 843
775 127 146
775 128 915
775 129 4
775 130 225
775 131 754
775 132 613
775 133 810
775 134 285
775 135 887
775 136 707
775 137 872
775 138 632
775 139 716
775 140 737
775 141 919
775 142 83
775 143 277
775 144 759
775 145 834
775 146 773
775 147 129
775 148 694
775 149 491
775 150 674
775 151 550
775 152 359
775 153 17
775 154 602
775 155 891
775 156 203
775 157 186
775 158 975
775 159 997
775 160 416
775 161 679
775 162 863
775 163 919
775 164 139
775 165 80
775 166 209
775 167 277
775 168 630
775 169 752
775 170 148
775 171 310
775 172 807
775 173 507
775 174 264
775 175 233
775 176 896
775 177 133
775 178 140
775 179 231
775 180 974
775 181 604
775 182 188
775 183 930
775 184 162
775 185 302
775 186 284
775 187 202
775 188 902
775 189 885
775 190 981
775 191 543
775 192 625
775 193 944
775 194 949
775 195 964
775 196 589
775 197 913
775 198 790
775 199 131
775 200 726
775 201 400
775 202 891
775 203 602
775 204 835
775 205 93
775 206 319
775 207 747
775 208 955
775 209 843
775 210 97
775 211 807
775 212 42
775 213 20
775 214 240
775 215 577
775 216 922
775 217 98
775 218 610
775 219 836
775 220 750
775 221 978
775 222 338
775 223 525
775 224 596
775 225 675
775 226 875
775 227 17
775 228 518
775 229 93
775 230 643
775 231 809
775 232 997
775 233 82
775 234 743
775 235 91
775 236 692
775 237 968
775 238 225
775 239 383
775 240 493
775 241 938
775 242 873
775 243 424
775 244 920
775 245 561
775 246 316
775 247 448
775 248 572
775 249 737
775 250 629
775 251 272
775 252 781
775 253 163
775 254 342
775 255 60
775 256 913
775 257 117
775 258 936
775 259 884
775 260 55
775 261 394
775 262 713
775 263 894
775 264 716
775 265 957
775 266 760
775 267 689
775 268 868
775 269 321
775 270 833
775 271 429
775 272 498
775 273 705
775 274 294
775 275 513
775 276 256
775 277 82
775 278 469
775 279 570
775 280 867
775 281 167
775 282 851
775 283 618
775 284 201
775 285 979
775 286 196
775 287 44
775 288 21
775 289 748
775 290 322
775 291 416
775 292 864
775 293 362
775 294 206
775 295 524
775 296 279
775 297 399
775 298 300
775 299 215
775 300 926
775 301 508
775 302 553
775 303 90
775 304 821
775 305 726
775 306 255
775 307 619
775 308 366
775 309 614
775 310 185
775 311 708
775 312 209
775 313 491
775 314 457
775 315 944
775 316 915
775 317 117
775 318 610
775 319 727
775 320 721
775 321 549
775 322 177
775 323 563
775 324 262
775 325 778
775 326 864
775 327 147
775 328 249
775 329 329
775 330 149
775 331 648
775 332 638
775 333 345
775 334 613
775 335 243
775 336 466
775 337 964
775 338 380
775 339 906
775 340 950
775 341 886
775 342 601
775 343 549
775 344 247
775 345 985
775 346 261
775 347 216
775 348 246
775 349 302
775 350 390
775 351 377
775 352 242
775 353 400
775 354 439
775 355 524
775 356 147
775 357 643
775 358 885
775 359 886
775 360 787
775 361 581
775 362 440
775 363 335
775 364 592
775 365 322
775 366 452
775 367 626
775 368 177
775 369 686
775 370 999
775 371 845
775 372 614
775 373 638
775 374 465
775 375 724
775 376 27
775 377 935
775 378 218
775 379 495
775 380 594
775 381 899
775 382 701
775 383 294
775 384 712
775 385 394
775 386 853
775 387 168
775 388 950
775 389 674
775 390 538
775 391 491
775 392 756
775 393 779
775 394 44
775 395 944
775 396 164
775 397 743
775 398 803
775 399 845
775 400 867
775 401 822
775 402 699
775 403 352
775 404 908
775 405 742
775 406 760
775 407 488
775 408 670
775 409 670
775 410 241
775 411 788
775 412 663
775 413 830
775 414 1
775 415 429
775 416 969
775 417 903
775 418 936
775 419 774
775 420 494
775 421 497
775 422 275
775 423 349
775 424 184
775 425 374
775 426 965
775 427 40
775 428 367
775 429 583
775 430 41
775 431 997
775 432 114
775 433 519
775 434 531
775 435 24
775 436 558
775 437 249
775 438 633
775 439 784
775 440 445
775 441 376
775 442 113
775 443 486
775 444 78
775 445 588
775 446 255
775 447 7
775 448 524
775 449 811
775 450 350
775 451 374
775 452 1000
775 453 800
775 454 393
775 455 742
775 456 38
775 457 514
775 458 795
775 459 237
775 460 353
775 461 524
775 462 477
775 463 637
775 464 926
775 465 685
775 466 761
775 467 326
775 468 834
775 469 605
775 470 411
775 471 488
775 472 744
775 473 890
775 474 681
775 475 960
775 476 360
775 477 309
775 478 578
775 479 274
775 480 536
775 481 69
775 482 680
775 483 118
775 484 578
775 485 660
775 486 393
775 487 35
775 488 159
775 489 146
775 490 72
775 491 900
775 492 151
775 493 320
775 494 523
775 495 895
775 496 848
775 497 409
775 498 659
775 499 147
775 500 224
775 501 928
775 502 75
775 503 531
775 504 436
775 505 564
775 506 491
775 507 555
775 508 412
775 509 795
775 510 392
775 511 449
775 512 323
775 513 82
775 514 86
775 515 539
775 516 548
775 517 481
775 518 496
775 519 698
775 520 339
775 521 461
775 522 259
775 523 212
775 524 381
775 525 88
775 526 64
775 527 769
775 528 592
775 529 338
775 530 148
775 531 857
775 532 331
775 533 840
775 534 758
775 535 6
775 536 340
775 537 976
775 538 117
775 539 960
775 540 137
775 541 519
775 542 779
775 543 852
775 544 144
775 545 791
775 546 158
775 547 291
775 548 654
775 549 10
775 550 897
775 551 71
775 552 796
775 553 792
775 554 536
775 555 52
775 556 882
775 557 651
775 558 885
775 559 9
775 560 701
775 561 412
775 562 216
775 563 258
775 564 274
775 565 294
775 566 480
775 567 590
775 568 91
775 569 850
775 570 172
775 571 978
775 572 602
775 573 212
775 574 659
775 575 130
775 576 923
775 577 964
775 578 574
775 579 148
775 580 555
775 581 899
775 582 456
775 583 856
775 584 760
775 585 56
775 586 559
775 587 853
775 588 978
775 589 913
775 590 414
775 591 416
775 592 304
775 593 720
775 594 748
775 595 573
775 596 135
775 597 408
775 598 800
775 599 613
775 600 48
775 601 28
775 602 924
775 603 941
775 604 936
775 605 422
775 606 214
775 607 49
775 608 230
775 609 767
775 610 593
775 611 659
775 612 401
775 613 719
775 614 87
775 615 143
775 616 839
775 617 647
775 618 320
775 619 27
775 620 907
775 621 492
775 622 802
775 623 394
775 624 417
775 625 125
775 626 909
775 627 141
775 628 976
775 629 794
775 630 997
775 631 15
775 632 622
775 633 41
775 634 8
775 635 76
775 636 821
775 637 548
775 638 845
775 639 521
775 640 364
775 641 650
775 642 113
775 643 803
775 644 282
775 645 268
775 646 435
775 647 782
775 648 701
775 649 102
775 650 746
775 651 702
775 652 301
775 653 493
775 654 986
775 655 764
775 656 190
775 657 858
775 658 114
775 659 791
775 660 598
775 661 115
775 662 806
775 663 792
775 664 960
775 665 832
775 666 672
775 667 702
775 668 129
775 669 784
775 670 429
775 671 945
775 672 622
775 673 162
775 674 687
775 675 431
775 676 458
775 677 622
775 678 414
775 679 731
775 680 572
775 681 265
775 682 524
775 683 110
775 684 919
775 685 163
775 686 772
775 687 823
775 688 469
775 689 79
775 690 661
775 691 917
775 692 276
775 693 338
775 694 934
775 695 623
775 696 492
775 697 1000
775 698 497
775 699 280
775 700 764
775 701 672
775 702 323
775 703 141
775 704 994
775 705 347
775 706 62
775 707 731
775 708 193
775 709 633
775 710 846
775 711 948
775 712 641
775 713 938
775 714 648
775 715 339
775 716 317
775 717 429
775 718 87
775 719 514
775 720 138
775 721 953
775 722 663
775 723 663
775 724 661
775 725 32
775 726 618
775 727 918
775 728 446
775 729 55
775 730 2
775 731 927
775 732 232
775 733 881
775 734 932
775 735 963
775 736 642
775 737 600
775 738 417
775 739 517
775 740 605
775 741 626
775 742 154
775 743 673
775 744 508
775 745 183
775 746 814
775 747 188
775 748 326
775 749 201
775 750 393
775 751 942
775 752 891
775 753 213
775 754 756
775 755 361
775 756 279
775 757 544
775 758 608
775 759 14
775 760 176
775 761 786
775 762 25
775 763 716
775 764 118
775 765 800
775 766 442
775 767 596
775 768 89
775 769 363
775 770 878
775 771 371
775 772 756
775 773 511
775 774 842
775 775 402
776 1 241
776 2 841
776 3 985
776 4 317
776 5 891
776 6 851
776 7 171
776 8 950
776 9 938
776 10 622
776 11 21
776 12 16
776 13 672
776 14 690
776 15 9
776 16 274
776 17 831
776 18 624
776 19 369
776 20 677
776 21 988
776 22 928
776 23 177
776 24 632
776 25 189
776 26 917
776 27 962
776 28 221
776 29 894
776 30 845
776 31 1
776 32 965
776 33 812
776 34 262
776 35 876
776 36 105
776 37 611
776 38 206
776 39 18
776 40 70
776 41 707
776 42 469
776 43 263
776 44 991
776 45 198
776 46 747
776 47 808
776 48 53
776 49 539
776 50 666
776 51 928
776 52 467
776 53 308
776 54 443
776 55 265
776 56 349
776 57 939
776 58 487
776 59 663
776 60 846
776 61 856
776 62 518
776 63 933
776 64 796
776 65 544
776 66 921
776 67 774
776 68 529
776 69 611
776 70 827
776 71 143
776 72 521
776 73 171
776 74 526
776 75 271
776 76 221
776 77 441
776 78 193
776 79 240
776 80 863
776 81 578
776 82 775
776 83 834
776 84 690
776 85 305
776 86 513
776 87 916
776 88 712
776 89 410
776 90 592
776 91 405
776 92 389
776 93 617
776 94 653
776 95 873
776 96 357
776 97 339
776 98 934
776 99 717
776 100 828
776 101 960
776 102 303
776 103 838
776 104 486
776 105 142
776 106 450
776 107 308
776 108 484
776 109 347
776 110 406
776 111 623
776 112 204
776 113 875
776 114 853
776 115 957
776 116 751
776 117 826
776 118 490
776 119 23
776 120 136
776 121 259
776 122 704
776 123 657
776 124 513
776 125 304
776 126 986
776 127 849
776 128 375
776 129 366
776 130 682
776 131 359
776 132 151
776 133 612
776 134 13
776 135 296
776 136 521
776 137 901
776 138 641
776 139 614
776 140 137
776 141 677
776 142 779
776 143 918
776 144 796
776 145 727
776 146 461
776 147 254
776 148 456
776 149 709
776 150 68
776 151 828
776 152 523
776 153 54
776 154 874
776 155 779
776 156 46
776 157 878
776 158 214
776 159 758
776 160 248
776 161 600
776 162 161
776 163 780
776 164 913
776 165 78
776 166 743
776 167 264
776 168 405
776 169 677
776 170 353
776 171 996
776 172 422
776 173 282
776 174 690
776 175 461
776 176 405
776 177 763
776 178 248
776 179 764
776 180 984
776 181 10
776 182 83
776 183 915
776 184 844
776 185 920
776 186 11
776 187 545
776 188 88
776 189 876
776 190 129
776 191 105
776 192 505
776 193 538
776 194 546
776 195 394
776 196 217
776 197 397
776 198 517
776 199 390
776 200 171
776 201 421
776 202 63
776 203 204
776 204 867
776 205 926
776 206 808
776 207 471
776 208 739
776 209 21
776 210 759
776 211 725
776 212 814
776 213 876
776 214 888
776 215 817
776 216 306
776 217 792
776 218 536
776 219 253
776 220 762
776 221 172
776 222 697
776 223 595
776 224 853
776 225 902
776 226 131
776 227 573
776 228 776
776 229 249
776 230 160
776 231 966
776 232 722
776 233 904
776 234 947
776 235 427
776 236 739
776 237 840
776 238 884
776 239 238
776 240 185
776 241 27
776 242 557
776 243 256
776 244 564
776 245 190
776 246 148
776 247 807
776 248 308
776 249 818
776 250 226
776 251 154
776 252 255
776 253 207
776 254 365
776 255 536
776 256 874
776 257 908
776 258 726
776 259 168
776 260 59
776 261 949
776 262 959
776 263 714
776 264 482
776 265 441
776 266 413
776 267 274
776 268 288
776 269 511
776 270 252
776 271 539
776 272 127
776 273 423
776 274 538
776 275 370
776 276 771
776 277 914
776 278 15
776 279 448
776 280 983
776 281 131
776 282 925
776 283 187
776 284 844
776 285 100
776 286 315
776 287 83
776 288 244
776 289 31
776 290 392
776 291 488
776 292 827
776 293 723
776 294 236
776 295 52
776 296 533
776 297 173
776 298 383
776 299 433
776 300 125
776 301 725
776 302 459
776 303 910
776 304 501
776 305 545
776 306 827
776 307 932
776 308 320
776 309 973
776 310 259
776 311 230
776 312 596
776 313 287
776 314 428
776 315 397
776 316 804
776 317 57
776 318 611
776 319 265
776 320 143
776 321 529
776 322 708
776 323 909
776 324 869
776 325 254
776 326 725
776 327 802
776 328 49
776 329 294
776 330 669
776 331 560
776 332 324
776 333 320
776 334 677
776 335 999
776 336 891
776 337 78
776 338 275
776 339 865
776 340 653
776 341 8
776 342 855
776 343 23
776 344 32
776 345 293
776 346 715
776 347 689
776 348 447
776 349 643
776 350 246
776 351 303
776 352 178
776 353 331
776 354 474
776 355 607
776 356 82
776 357 125
776 358 418
776 359 851
776 360 544
776 361 514
776 362 424
776 363 91
776 364 459
776 365 885
776 366 354
776 367 567
776 368 525
776 369 206
776 370 281
776 371 728
776 372 170
776 373 117
776 374 822
776 375 299
776 376 14
776 377 626
776 378 86
776 379 35
776 380 331
776 381 972
776 382 800
776 383 723
776 384 893
776 385 315
776 386 335
776 387 838
776 388 676
776 389 85
776 390 0
776 391 788
776 392 794
776 393 680
776 394 574
776 395 283
776 396 131
776 397 321
776 398 848
776 399 476
776 400 221
776 401 205
776 402 872
776 403 560
776 404 997
776 405 356
776 406 916
776 407 996
776 408 738
776 409 275
776 410 161
776 411 356
776 412 449
776 413 763
776 414 715
776 415 623
776 416 206
776 417 408
776 418 235
776 419 984
776 420 679
776 421 710
776 422 181
776 423 222
776 424 724
776 425 856
776 426 571
776 427 99
776 428 355
776 429 228
776 430 800
776 431 860
776 432 532
776 433 35
776 434 496
776 435 131
776 436 600
776 437 881
776 438 76
776 439 533
776 440 106
776 441 584
776 442 257
776 443 69
776 444 776
776 445 809
776 446 978
776 447 427
776 448 574
776 449 628
776 450 101
776 451 352
776 452 140
776 453 339
776 454 264
776 455 883
776 456 652
776 457 22
776 458 839
776 459 507
776 460 929
776 461 165
776 462 14
776 463 565
776 464 527
776 465 346
776 466 61
776 467 554
776 468 554
776 469 844
776 470 762
776 471 194
776 472 652
776 473 822
776 474 630
776 475 382
776 476 298
776 477 352
776 478 118
776 479 393
776 480 270
776 481 278
776 482 644
776 483 32
776 484 253
776 485 440
776 486 722
776 487 121
776 488 31
776 489 906
776 490 145
776 491 779
776 492 136
776 493 985
776 494 958
776 495 680
776 496 621
776 497 444
776 498 119
776 499 24
776 500 893
776 501 746
776 502 394
776 503 327
776 504 445
776 505 490
776 506 539
776 507 978
776 508 64
776 509 496
776 510 577
776 511 598
776 512 641
776 513 323
776 514 158
776 515 45
776 516 91
776 517 958
776 518 270
776 519 604
776 520 843
776 521 233
776 522 347
776 523 949
776 524 518
776 525 763
776 526 393
776 527 391
776 528 224
776 529 858
776 530 899
776 531 285
776 532 457
776 533 607
776 534 112
776 535 264
776 536 476
776 537 157
776 538 376
776 539 524
776 540 981
776 541 884
776 542 602
776 543 28
776 544 886
776 545 991
776 546 628
776 547 244
776 548 827
776 549 785
776 550 23
776 551 762
776 552 85
776 553 319
776 554 368
776 555 775
776 556 631
776 557 429
776 558 208
776 559 15
776 560 770
776 561 504
776 562 748
776 563 993
776 564 619
776 565 80
776 566 67
776 567 550
776 568 556
776 569 389
776 570 316
776 571 501
776 572 928
776 573 658
776 574 543
776 575 139
776 576 684
776 577 983
776 578 4
776 579 648
776 580 215
776 581 553
776 582 421
776 583 809
776 584 894
776 585 583
776 586 599
776 587 422
776 588 874
776 589 89
776 590 212
776 591 415
776 592 21
776 593 47
776 594 721
776 595 376
776 596 913
776 597 215
776 598 553
776 599 724
776 600 475
776 601 973
776 602 403
776 603 958
776 604 976
776 605 159
776 606 769
776 607 116
776 608 772
776 609 225
776 610 150
776 611 68
776 612 479
776 613 866
776 614 325
776 615 679
776 616 449
776 617 400
776 618 448
776 619 734
776 620 365
776 621 863
776 622 570
776 623 381
776 624 167
776 625 196
776 626 701
776 627 505
776 628 346
776 629 699
776 630 906
776 631 293
776 632 649
776 633 661
776 634 946
776 635 435
776 636 528
776 637 775
776 638 988
776 639 882
776 640 111
776 641 700
776 642 676
776 643 229
776 644 624
776 645 690
776 646 895
776 647 453
776 648 248
776 649 137
776 650 63
776 651 44
776 652 0
776 653 201
776 654 748
776 655 569
776 656 325
776 657 863
776 658 618
776 659 926
776 660 499
776 661 248
776 662 33
776 663 451
776 664 612
776 665 218
776 666 951
776 667 584
776 668 679
776 669 920
776 670 505
776 671 632
776 672 705
776 673 648
776 674 155
776 675 444
776 676 596
776 677 608
776 678 871
776 679 729
776 680 555
776 681 945
776 682 531
776 683 187
776 684 335
776 685 741
776 686 192
776 687 533
776 688 849
776 689 698
776 690 778
776 691 908
776 692 347
776 693 984
776 694 790
776 695 821
776 696 970
776 697 805
776 698 48
776 699 400
776 700 171
776 701 196
776 702 508
776 703 421
776 704 192
776 705 694
776 706 399
776 707 479
776 708 921
776 709 784
776 710 164
776 711 824
776 712 636
776 713 890
776 714 342
776 715 37
776 716 351
776 717 158
776 718 60
776 719 968
776 720 125
776 721 689
776 722 646
776 723 530
776 724 955
776 725 307
776 726 192
776 727 89
776 728 700
776 729 534
776 730 851
776 731 992
776 732 152
776 733 951
776 734 954
776 735 613
776 736 497
776 737 668
776 738 368
776 739 290
776 740 451
776 741 233
776 742 144
776 743 486
776 744 488
776 745 259
776 746 246
776 747 439
776 748 229
776 749 456
776 750 793
776 751 782
776 752 981
776 753 414
776 754 565
776 755 6
776 756 909
776 757 740
776 758 457
776 759 24
776 760 420
776 761 957
776 762 793
776 763 492
776 764 359
776 765 254
776 766 464
776 767 239
776 768 883
776 769 841
776 770 839
776 771 343
776 772 517
776 773 578
776 774 80
776 775 386
776 776 260
777 1 426
777 2 131
777 3 347
777 4 560
777 5 465
777 6 182
777 7 481
777 8 458
777 9 914
777 10 521
777 11 127
777 12 486
777 13 932
777 14 709
777 15 108
777 16 573
777 17 123
777 18 512
777 19 520
777 20 431
777 21 206
777 22 327
777 23 675
777 24 999
777 25 586
777 26 212
777 27 388
777 28 139
777 29 674
777 30 790
777 31 635
777 32 145
777 33 708
777 34 24
777 35 279
777 36 105
777 37 731
777 38 105
777 39 967
777 40 257
777 41 94
777 42 529
777 43 610
777 44 137
777 45 656
777 46 464
777 47 693
777 48 345
777 49 846
777 50 376
777 51 720
777 52 355
777 53 596
777 54 29
777 55 275
777 56 977
777 57 630
777 58 42
777 59 783
777 60 999
777 61 390
777 62 215
777 63 446
777 64 0
777 65 826
777 66 486
777 67 391
777 68 425
777 69 950
777 70 232
777 71 239
777 72 948
777 73 181
777 74 549
777 75 68
777 76 425
777 77 866
777 78 636
777 79 918
777 80 532
777 81 1
777 82 868
777 83 202
777 84 477
777 85 758
777 86 83
777 87 204
777 88 934
777 89 957
777 90 620
777 91 619
777 92 841
777 93 119
777 94 132
777 95 4
777 96 547
777 97 391
777 98 8
777 99 44
777 100 975
777 101 239
777 102 28
777 103 372
777 104 715
777 105 816
777 106 185
777 107 115
777 108 182
777 109 334
777 110 742
777 111 205
777 112 269
777 113 95
777 114 416
777 115 41
777 116 789
777 117 589
777 118 49
777 119 441
777 120 990
777 121 840
777 122 232
777 123 972
777 124 912
777 125 403
777 126 324
777 127 483
777 128 94
777 129 1
777 130 700
777 131 530
777 132 322
777 133 238
777 134 498
777 135 318
777 136 514
777 137 408
777 138 691
777 139 225
777 140 632
777 141 848
777 142 579
777 143 1000
777 144 958
777 145 472
777 146 525
777 147 475
777 148 398
777 149 998
777 150 393
777 151 697
777 152 112
777 153 234
777 154 511
777 155 346
777 156 978
777 157 951
777 158 191
777 159 761
777 160 249
777 161 955
777 162 352
777 163 157
777 164 456
777 165 123
777 166 298
777 167 925
777 168 491
777 169 107
777 170 887
777 171 289
777 172 731
777 173 784
777 174 785
777 175 410
777 176 996
777 177 367
777 178 284
777 179 442
777 180 367
777 181 937
777 182 647
777 183 382
777 184 726
777 185 671
777 186 234
777 187 482
777 188 889
777 189 512
777 190 363
777 191 410
777 192 122
777 193 797
777 194 851
777 195 132
777 196 627
777 197 393
777 198 289
777 199 367
777 200 800
777 201 901
777 202 675
777 203 492
777 204 794
777 205 760
777 206 204
777 207 958
777 208 294
777 209 237
777 210 148
777 211 776
777 212 881
777 213 390
777 214 986
777 215 376
777 216 756
777 217 231
777 218 432
777 219 587
777 220 312
777 221 79
777 222 93
777 223 349
777 224 948
777 225 521
777 226 977
777 227 969
777 228 363
777 229 507
777 230 9
777 231 230
777 232 281
777 233 318
777 234 858
777 235 509
777 236 232
777 237 247
777 238 5
777 239 702
777 240 99
777 241 893
777 242 351
777 243 798
777 244 895
777 245 355
777 246 572
777 247 484
777 248 953
777 249 109
777 250 706
777 251 731
777 252 502
777 253 616
777 254 773
777 255 716
777 256 571
777 257 414
777 258 882
777 259 33
777 260 7
777 261 203
777 262 572
777 263 600
777 264 140
777 265 681
777 266 842
777 267 58
777 268 884
777 269 674
777 270 141
777 271 96
777 272 831
777 273 368
777 274 144
777 275 303
777 276 113
777 277 834
777 278 235
777 279 493
777 280 271
777 281 94
777 282 569
777 283 419
777 284 975
777 285 579
777 286 402
777 287 489
777 288 70
777 289 985
777 290 70
777 291 467
777 292 147
777 293 938
777 294 851
777 295 623
777 296 872
777 297 309
777 298 163
777 299 373
777 300 553
777 301 235
777 302 185
777 303 271
777 304 484
777 305 403
777 306 660
777 307 564
777 308 502
777 309 519
777 310 853
777 311 275
777 312 104
777 313 634
777 314 491
777 315 40
777 316 466
777 317 894
777 318 518
777 319 238
777 320 342
777 321 414
777 322 602
777 323 659
777 324 88
777 325 821
777 326 951
777 327 384
777 328 938
777 329 54
777 330 578
777 331 451
777 332 906
777 333 175
777 334 397
777 335 941
777 336 137
777 337 601
777 338 21
777 339 270
777 340 414
777 341 700
777 342 725
777 343 448
777 344 213
777 345 676
777 346 622
777 347 418
777 348 529
777 349 899
777 350 170
777 351 869
777 352 658
777 353 847
777 354 26
777 355 172
777 356 907
777 357 942
777 358 520
777 359 876
777 360 799
777 361 79
777 362 916
777 363 847
777 364 564
777 365 575
777 366 162
777 367 944
777 368 234
777 369 794
777 370 831
777 371 498
777 372 682
777 373 259
777 374 713
777 375 598
777 376 377
777 377 463
777 378 692
777 379 110
777 380 325
777 381 492
777 382 739
777 383 836
777 384 370
777 385 913
777 386 118
777 387 10
777 388 36
777 389 812
777 390 87
777 391 384
777 392 172
777 393 629
777 394 749
777 395 705
777 396 273
777 397 113
777 398 525
777 399 617
777 400 659
777 401 610
777 402 209
777 403 714
777 404 662
777 405 797
777 406 713
777 407 109
777 408 529
777 409 902
777 410 957
777 411 721
777 412 649
777 413 609
777 414 597
777 415 5
777 416 151
777 417 157
777 418 996
777 419 699
777 420 100
777 421 832
777 422 416
777 423 419
777 424 987
777 425 313
777 426 523
777 427 482
777 428 971
777 429 399
777 430 354
777 431 387
777 432 936
777 433 901
777 434 240
777 435 312
777 436 568
777 437 761
777 438 757
777 439 385
777 440 934
777 441 148
777 442 711
777 443 545
777 444 339
777 445 991
777 446 513
777 447 643
777 448 350
777 449 162
777 450 920
777 451 268
777 452 883
777 453 791
777 454 418
777 455 858
777 456 875
777 457 936
777 458 985
777 459 821
777 460 121
777 461 700
777 462 343
777 463 812
777 464 733
777 465 294
777 466 753
777 467 638
777 468 903
777 469 921
777 470 365
777 471 504
777 472 838
777 473 138
777 474 537
777 475 30
777 476 233
777 477 168
777 478 212
777 479 156
777 480 173
777 481 141
777 482 567
777 483 743
777 484 557
777 485 435
777 486 796
777 487 79
777 488 697
777 489 724
777 490 727
777 491 657
777 492 77
777 493 474
777 494 407
777 495 590
777 496 440
777 497 31
777 498 169
777 499 365
777 500 627
777 501 112
777 502 135
777 503 137
777 504 355
777 505 213
777 506 745
777 507 384
777 508 275
777 509 420
777 510 698
777 511 35
777 512 441
777 513 564
777 514 298
777 515 42
777 516 649
777 517 389
777 518 303
777 519 332
777 520 597
777 521 740
777 522 181
777 523 263
777 524 980
777 525 898
777 526 200
777 527 55
777 528 771
777 529 531
777 530 645
777 531 484
777 532 784
777 533 366
777 534 643
777 535 146
777 536 353
777 537 377
777 538 955
777 539 115
777 540 515
777 541 780
777 542 290
777 543 885
777 544 940
777 545 604
777 546 162
777 547 420
777 548 485
777 549 348
777 550 173
777 551 165
777 552 473
777 553 618
777 554 471
777 555 730
777 556 107
777 557 946
777 558 443
777 559 402
777 560 999
777 561 891
777 562 748
777 563 431
777 564 786
777 565 27
777 566 401
777 567 730
777 568 147
777 569 49
777 570 873
777 571 898
777 572 547
777 573 109
777 574 641
777 575 987
777 576 400
777 577 817
777 578 888
777 579 329
777 580 625
777 581 41
777 582 282
777 583 242
777 584 897
777 585 485
777 586 798
777 587 626
777 588 618
777 589 22
777 590 555
777 591 380
777 592 539
777 593 906
777 594 282
777 595 258
777 596 855
777 597 70
777 598 595
777 599 942
777 600 406
777 601 492
777 602 660
777 603 245
777 604 404
777 605 938
777 606 230
777 607 390
777 608 482
777 609 251
777 610 446
777 611 917
777 612 441
777 613 98
777 614 989
777 615 359
777 616 674
777 617 579
777 618 417
777 619 132
777 620 74
777 621 409
777 622 546
777 623 221
777 624 522
777 625 372
777 626 141
777 627 944
777 628 253
777 629 728
777 630 340
777 631 702
777 632 935
777 633 581
777 634 446
777 635 428
777 636 27
777 637 806
777 638 388
777 639 805
777 640 689
777 641 156
777 642 797
777 643 151
777 644 626
777 645 586
777 646 114
777 647 947
777 648 795
777 649 48
777 650 39
777 651 3
777 652 522
777 653 331
777 654 843
777 655 25
777 656 19
777 657 152
777 658 176
777 659 820
777 660 735
777 661 399
777 662 703
777 663 5
777 664 597
777 665 952
777 666 166
777 667 13
777 668 789
777 669 578
777 670 395
777 671 141
777 672 578
777 673 897
777 674 372
777 675 474
777 676 430
777 677 899
777 678 167
777 679 231
777 680 360
777 681 243
777 682 989
777 683 174
777 684 336
777 685 288
777 686 650
777 687 246
777 688 231
777 689 45
777 690 407
777 691 694
777 692 640
777 693 909
777 694 981
777 695 494
777 696 24
777 697 968
777 698 336
777 699 639
777 700 956
777 701 899
777 702 965
777 703 248
777 704 696
777 705 655
777 706 162
777 707 942
777 708 798
777 709 178
777 710 164
777 711 150
777 712 712
777 713 561
777 714 967
777 715 160
777 716 345
777 717 385
777 718 0
777 719 37
777 720 982
777 721 293
777 722 824
777 723 640
777 724 528
777 725 930
777 726 157
777 727 33
777 728 991
777 729 482
777 730 100
777 731 978
777 732 367
777 733 341
777 734 82
777 735 846
777 736 856
777 737 98
777 738 528
777 739 663
777 740 28
777 741 268
777 742 947
777 743 879
777 744 802
777 745 809
777 746 411
777 747 882
777 748 548
777 749 52
777 750 878
777 751 82
777 752 487
777 753 507
777 754 711
777 755 892
777 756 763
777 757 567
777 758 809
777 759 467
777 760 330
777 761 13
777 762 918
777 763 669
777 764 707
777 765 630
777 766 413
777 767 181
777 768 21
777 769 359
777 770 26
777 771 126
777 772 98
777 773 366
777 774 65
777 775 396
777 776 972
777 777 195
778 1 270
778 2 821
778 3 464
778 4 31
778 5 185
778 6 422
778 7 464
778 8 823
778 9 869
778 10 576
778 11 317
778 12 688
778 13 261
778 14 774
778 15 635
778 16 923
778 17 618
778 18 363
778 19 451
778 20 55
778 21 418
778 22 79
778 23 949
778 24 855
778 25 940
778 26 366
778 27 172
778 28 728
778 29 813
778 30 785
778 31 614
778 32 53
778 33 933
778 34 398
778 35 815
778 36 318
778 37 715
778 38 63
778 39 660
778 40 423
778 41 45
778 42 197
778 43 622
778 44 907
778 45 345
778 46 19
778 47 128
778 48 751
778 49 186
778 50 23
778 51 947
778 52 324
778 53 139
778 54 121
778 55 651
778 56 882
778 57 861
778 58 370
778 59 524
778 60 387
778 61 853
778 62 343
778 63 462
778 64 583
778 65 360
778 66 622
778 67 437
778 68 106
778 69 81
778 70 793
778 71 832
778 72 2
778 73 351
778 74 530
778 75 840
778 76 84
778 77 556
778 78 58
778 79 569
778 80 790
778 81 487
778 82 138
778 83 670
778 84 934
778 85 341
778 86 726
778 87 163
778 88 534
778 89 469
778 90 831
778 91 244
778 92 625
778 93 467
778 94 810
778 95 663
778 96 197
778 97 73
778 98 969
778 99 837
778 100 323
778 101 775
778 102 917
778 103 34
778 104 524
778 105 656
778 106 181
778 107 599
778 108 647
778 109 39
778 110 156
778 111 565
778 112 459
778 113 921
778 114 774
778 115 158
778 116 931
778 117 467
778 118 957
778 119 529
778 120 265
778 121 801
778 122 259
778 123 725
778 124 717
778 125 335
778 126 267
778 127 819
778 128 206
778 129 271
778 130 832
778 131 178
778 132 573
778 133 82
778 134 84
778 135 832
778 136 599
778 137 819
778 138 352
778 139 184
778 140 972
778 141 396
778 142 646
778 143 714
778 144 762
778 145 707
778 146 568
778 147 843
778 148 44
778 149 532
778 150 843
778 151 747
778 152 47
778 153 740
778 154 782
778 155 733
778 156 657
778 157 722
778 158 492
778 159 932
778 160 137
778 161 914
778 162 128
778 163 166
778 164 61
778 165 523
778 166 313
778 167 887
778 168 413
778 169 151
778 170 609
778 171 145
778 172 686
778 173 416
778 174 281
778 175 650
778 176 783
778 177 128
778 178 926
778 179 402
778 180 322
778 181 25
778 182 967
778 183 977
778 184 865
778 185 861
778 186 950
778 187 322
778 188 44
778 189 482
778 190 553
778 191 687
778 192 113
778 193 734
778 194 195
778 195 71
778 196 4
778 197 369
778 198 355
778 199 885
778 200 579
778 201 83
778 202 42
778 203 138
778 204 534
778 205 943
778 206 485
778 207 407
778 208 24
778 209 841
778 210 335
778 211 285
778 212 727
778 213 577
778 214 129
778 215 582
778 216 849
778 217 363
778 218 476
778 219 596
778 220 39
778 221 842
778 222 901
778 223 713
778 224 398
778 225 689
778 226 640
778 227 650
778 228 794
778 229 446
778 230 395
778 231 407
778 232 780
778 233 207
778 234 256
778 235 780
778 236 11
778 237 504
778 238 30
778 239 314
778 240 92
778 241 335
778 242 624
778 243 364
778 244 792
778 245 775
778 246 902
778 247 447
778 248 258
778 249 278
778 250 962
778 251 404
778 252 649
778 253 436
778 254 950
778 255 66
778 256 945
778 257 451
778 258 168
778 259 192
778 260 980
778 261 102
778 262 721
778 263 829
778 264 826
778 265 916
778 266 521
778 267 884
778 268 460
778 269 730
778 270 761
778 271 242
778 272 458
778 273 586
778 274 79
778 275 430
778 276 948
778 277 776
778 278 967
778 279 189
778 280 281
778 281 247
778 282 913
778 283 585
778 284 255
778 285 752
778 286 748
778 287 19
778 288 508
778 289 716
778 290 642
778 291 362
778 292 646
778 293 199
778 294 696
778 295 162
778 296 963
778 297 541
778 298 370
778 299 16
778 300 921
778 301 233
778 302 778
778 303 823
778 304 817
778 305 628
778 306 651
778 307 421
778 308 934
778 309 575
778 310 37
778 311 972
778 312 475
778 313 369
778 314 393
778 315 576
778 316 800
778 317 945
778 318 718
778 319 676
778 320 803
778 321 159
778 322 523
778 323 768
778 324 6
778 325 865
778 326 145
778 327 810
778 328 442
778 329 801
778 330 722
778 331 194
778 332 350
778 333 325
778 334 567
778 335 539
778 336 550
778 337 264
778 338 968
778 339 287
778 340 735
778 341 839
778 342 797
778 343 438
778 344 13
778 345 291
778 346 318
778 347 272
778 348 445
778 349 772
778 350 393
778 351 619
778 352 556
778 353 815
778 354 647
778 355 516
778 356 964
778 357 112
778 358 593
778 359 161
778 360 654
778 361 674
778 362 64
778 363 173
778 364 542
778 365 178
778 366 850
778 367 972
778 368 285
778 369 434
778 370 958
778 371 562
778 372 71
778 373 192
778 374 626
778 375 765
778 376 263
778 377 797
778 378 678
778 379 838
778 380 680
778 381 969
778 382 931
778 383 491
778 384 738
778 385 971
778 386 9
778 387 951
778 388 349
778 389 128
778 390 452
778 391 44
778 392 582
778 393 144
778 394 807
778 395 1
778 396 174
778 397 441
778 398 615
778 399 413
778 400 801
778 401 506
778 402 330
778 403 300
778 404 640
778 405 298
778 406 371
778 407 352
778 408 975
778 409 159
778 410 578
778 411 52
778 412 835
778 413 598
778 414 9
778 415 839
778 416 765
778 417 866
778 418 338
778 419 156
778 420 921
778 421 888
778 422 938
778 423 166
778 424 361
778 425 896
778 426 697
778 427 545
778 428 737
778 429 690
778 430 600
778 431 248
778 432 946
778 433 965
778 434 991
778 435 824
778 436 337
778 437 579
778 438 118
778 439 213
778 440 256
778 441 995
778 442 854
778 443 395
778 444 348
778 445 528
778 446 541
778 447 780
778 448 212
778 449 780
778 450 702
778 451 296
778 452 951
778 453 794
778 454 719
778 455 595
778 456 696
778 457 697
778 458 260
778 459 35
778 460 757
778 461 279
778 462 21
778 463 52
778 464 507
778 465 354
778 466 413
778 467 122
778 468 738
778 469 404
778 470 466
778 471 39
778 472 703
778 473 956
778 474 268
778 475 565
778 476 584
778 477 544
778 478 791
778 479 35
778 480 1000
778 481 480
778 482 563
778 483 295
778 484 922
778 485 543
778 486 318
778 487 15
778 488 402
778 489 967
778 490 504
778 491 822
778 492 276
778 493 345
778 494 414
778 495 771
778 496 753
778 497 166
778 498 364
778 499 519
778 500 241
778 501 469
778 502 154
778 503 687
778 504 299
778 505 366
778 506 91
778 507 508
778 508 37
778 509 910
778 510 954
778 511 640
778 512 27
778 513 385
778 514 750
778 515 755
778 516 825
778 517 348
778 518 258
778 519 41
778 520 616
778 521 629
778 522 153
778 523 727
778 524 468
778 525 643
778 526 635
778 527 106
778 528 612
778 529 885
778 530 949
778 531 437
778 532 80
778 533 735
778 534 172
778 535 574
778 536 700
778 537 858
778 538 806
778 539 760
778 540 172
778 541 917
778 542 825
778 543 979
778 544 22
778 545 968
778 546 252
778 547 180
778 548 840
778 549 848
778 550 860
778 551 243
778 552 337
778 553 81
778 554 151
778 555 716
778 556 750
778 557 860
778 558 526
778 559 677
778 560 889
778 561 636
778 562 141
778 563 512
778 564 3
778 565 175
778 566 399
778 567 976
778 568 418
778 569 125
778 570 943
778 571 578
778 572 42
778 573 777
778 574 473
778 575 721
778 576 703
778 577 753
778 578 823
778 579 544
778 580 546
778 581 270
778 582 912
778 583 419
778 584 9
778 585 391
778 586 418
778 587 765
778 588 804
778 589 745
778 590 336
778 591 664
778 592 181
778 593 319
778 594 366
778 595 145
778 596 445
778 597 459
778 598 221
778 599 944
778 600 913
778 601 139
778 602 432
778 603 679
778 604 995
778 605 353
778 606 63
778 607 840
778 608 68
778 609 334
778 610 669
778 611 968
778 612 231
778 613 12
778 614 46
778 615 247
778 616 25
778 617 62
778 618 642
778 619 502
778 620 22
778 621 361
778 622 154
778 623 645
778 624 749
778 625 59
778 626 552
778 627 587
778 628 364
778 629 17
778 630 312
778 631 166
778 632 687
778 633 352
778 634 266
778 635 231
778 636 673
778 637 675
778 638 743
778 639 684
778 640 451
778 641 883
778 642 351
778 643 255
778 644 984
778 645 765
778 646 743
778 647 322
778 648 39
778 649 213
778 650 60
778 651 966
778 652 393
778 653 298
778 654 804
778 655 324
778 656 841
778 657 195
778 658 720
778 659 411
778 660 618
778 661 140
778 662 265
778 663 80
778 664 868
778 665 721
778 666 321
778 667 559
778 668 492
778 669 755
778 670 976
778 671 828
778 672 506
778 673 900
778 674 676
778 675 166
778 676 668
778 677 568
778 678 225
778 679 981
778 680 12
778 681 316
778 682 466
778 683 500
778 684 367
778 685 610
778 686 539
778 687 26
778 688 853
778 689 630
778 690 110
778 691 939
778 692 922
778 693 510
778 694 644
778 695 135
778 696 605
778 697 623
778 698 361
778 699 393
778 700 778
778 701 239
778 702 835
778 703 135
778 704 750
778 705 240
778 706 218
778 707 992
778 708 712
778 709 785
778 710 583
778 711 508
778 712 793
778 713 937
778 714 800
778 715 211
778 716 783
778 717 138
778 718 78
778 719 522
778 720 181
778 721 999
778 722 158
778 723 405
778 724 897
778 725 132
778 726 831
778 727 25
778 728 650
778 729 599
778 730 375
778 731 335
778 732 516
778 733 566
778 734 15
778 735 829
778 736 140
778 737 175
778 738 596
778 739 293
778 740 491
778 741 643
778 742 382
778 743 239
778 744 335
778 745 690
778 746 314
778 747 530
778 748 66
778 749 245
778 750 923
778 751 851
778 752 757
778 753 226
778 754 288
778 755 676
778 756 559
778 757 720
778 758 733
778 759 691
778 760 235
778 761 367
778 762 578
778 763 754
778 764 994
778 765 121
778 766 279
778 767 660
778 768 393
778 769 124
778 770 50
778 771 879
778 772 438
778 773 527
778 774 548
778 775 759
778 776 6
778 777 675
778 778 753
779 1 900
779 2 291
779 3 223
779 4 254
779 5 424
779 6 750
779 7 176
779 8 101
779 9 728
779 10 802
779 11 629
779 12 121
779 13 16
779 14 237
779 15 279
779 16 267
779 17 649
779 18 549
779 19 473
779 20 619
779 21 526
779 22 452
779 23 796
779 24 303
779 25 728
779 26 206
779 27 807
779 28 554
779 29 624
779 30 292
779 31 921
779 32 570
779 33 109
779 34 445
779 35 327
779 36 360
779 37 956
779 38 285
779 39 891
779 40 860
779 41 131
779 42 225
779 43 501
779 44 255
779 45 184
779 46 981
779 47 40
779 48 403
779 49 849
779 50 907
779 51 772
779 52 572
779 53 437
779 54 837
779 55 78
779 56 627
779 57 451
779 58 218
779 59 941
779 60 905
779 61 423
779 62 157
779 63 783
779 64 846
779 65 101
779 66 246
779 67 83
779 68 87
779 69 120
779 70 450
779 71 471
779 72 505
779 73 422
779 74 828
779 75 939
779 76 48
779 77 448
779 78 741
779 79 507
779 80 471
779 81 9
779 82 74
779 83 565
779 84 956
779 85 313
779 86 45
779 87 245
779 88 729
779 89 892
779 90 352
779 91 493
779 92 260
779 93 393
779 94 880
779 95 529
779 96 319
779 97 308
779 98 753
779 99 746
779 100 688
779 101 257
779 102 206
779 103 857
779 104 192
779 105 354
779 106 537
779 107 890
779 108 214
779 109 82
779 110 377
779 111 194
779 112 45
779 113 534
779 114 29
779 115 261
779 116 332
779 117 914
779 118 466
779 119 548
779 120 330
779 121 326
779 122 813
779 123 87
779 124 904
779 125 620
779 126 104
779 127 622
779 128 347
779 129 197
779 130 464
779 131 226
779 132 943
779 133 571
779 134 406
779 135 623
779 136 993
779 137 227
779 138 696
779 139 438
779 140 805
779 141 65
779 142 143
779 143 7
779 144 670
779 145 296
779 146 3
779 147 358
779 148 166
779 149 53
779 150 44
779 151 43
779 152 272
779 153 345
779 154 220
779 155 487
779 156 721
779 157 260
779 158 501
779 159 465
779 160 594
779 161 440
779 162 956
779 163 752
779 164 952
779 165 560
779 166 977
779 167 664
779 168 979
779 169 681
779 170 528
779 171 713
779 172 647
779 173 55
779 174 469
779 175 421
779 176 361
779 177 904
779 178 898
779 179 789
779 180 291
779 181 769
779 182 524
779 183 889
779 184 721
779 185 88
779 186 627
779 187 304
779 188 625
779 189 238
779 190 177
779 191 693
779 192 653
779 193 760
779 194 58
779 195 372
779 196 191
779 197 891
779 198 86
779 199 648
779 200 239
779 201 34
779 202 397
779 203 927
779 204 50
779 205 727
779 206 600
779 207 209
779 208 962
779 209 449
779 210 200
779 211 814
779 212 225
779 213 747
779 214 398
779 215 503
779 216 826
779 217 437
779 218 398
779 219 808
779 220 357
779 221 454
779 222 191
779 223 932
779 224 213
779 225 132
779 226 323
779 227 536
779 228 151
779 229 725
779 230 955
779 231 458
779 232 151
779 233 445
779 234 703
779 235 918
779 236 663
779 237 431
779 238 338
779 239 172
779 240 393
779 241 338
779 242 733
779 243 471
779 244 444
779 245 107
779 246 195
779 247 294
779 248 586
779 249 769
779 250 144
779 251 232
779 252 922
779 253 744
779 254 299
779 255 716
779 256 655
779 257 894
779 258 276
779 259 3
779 260 635
779 261 118
779 262 42
779 263 369
779 264 6
779 265 404
779 266 685
779 267 946
779 268 759
779 269 972
779 270 702
779 271 83
779 272 887
779 273 703
779 274 68
779 275 539
779 276 866
779 277 10
779 278 909
779 279 400
779 280 482
779 281 363
779 282 26
779 283 220
779 284 636
779 285 908
779 286 53
779 287 507
779 288 763
779 289 146
779 290 307
779 291 454
779 292 61
779 293 981
779 294 667
779 295 504
779 296 325
779 297 513
779 298 711
779 299 500
779 300 488
779 301 223
779 302 425
779 303 760
779 304 484
779 305 647
779 306 362
779 307 306
779 308 684
779 309 573
779 310 142
779 311 479
779 312 605
779 313 410
779 314 390
779 315 123
779 316 713
779 317 126
779 318 160
779 319 141
779 320 643
779 321 581
779 322 380
779 323 452
779 324 299
779 325 285
779 326 807
779 327 925
779 328 797
779 329 759
779 330 413
779 331 556
779 332 649
779 333 978
779 334 420
779 335 107
779 336 544
779 337 215
779 338 642
779 339 535
779 340 587
779 341 137
779 342 532
779 343 289
779 344 296
779 345 881
779 346 424
779 347 69
779 348 167
779 349 780
779 350 942
779 351 912
779 352 255
779 353 880
779 354 542
779 355 121
779 356 348
779 357 546
779 358 312
779 359 268
779 360 811
779 361 72
779 362 36
779 363 87
779 364 609
779 365 200
779 366 930
779 367 688
779 368 773
779 369 892
779 370 290
779 371 362
779 372 258
779 373 764
779 374 104
779 375 455
779 376 405
779 377 727
779 378 595
779 379 911
779 380 538
779 381 407
779 382 262
779 383 0
779 384 41
779 385 684
779 386 904
779 387 276
779 388 123
779 389 22
779 390 647
779 391 286
779 392 415
779 393 780
779 394 556
779 395 237
779 396 983
779 397 778
779 398 509
779 399 694
779 400 94
779 401 482
779 402 769
779 403 723
779 404 434
779 405 159
779 406 623
779 407 558
779 408 308
779 409 644
779 410 787
779 411 117
779 412 305
779 413 223
779 414 7
779 415 473
779 416 633
779 417 459
779 418 715
779 419 850
779 420 1
779 421 301
779 422 208
779 423 773
779 424 494
779 425 88
779 426 652
779 427 646
779 428 473
779 429 363
779 430 145
779 431 535
779 432 959
779 433 348
779 434 464
779 435 982
779 436 253
779 437 178
779 438 442
779 439 431
779 440 786
779 441 189
779 442 408
779 443 950
779 444 456
779 445 719
779 446 814
779 447 157
779 448 704
779 449 620
779 450 571
779 451 114
779 452 283
779 453 111
779 454 815
779 455 189
779 456 973
779 457 93
779 458 482
779 459 975
779 460 300
779 461 380
779 462 208
779 463 451
779 464 328
779 465 922
779 466 745
779 467 985
779 468 427
779 469 8
779 470 418
779 471 385
779 472 59
779 473 541
779 474 971
779 475 652
779 476 378
779 477 647
779 478 455
779 479 254
779 480 86
779 481 363
779 482 652
779 483 305
779 484 432
779 485 605
779 486 145
779 487 948
779 488 758
779 489 426
779 490 563
779 491 306
779 492 430
779 493 135
779 494 74
779 495 719
779 496 79
779 497 403
779 498 21
779 499 615
779 500 135
779 501 881
779 502 47
779 503 679
779 504 429
779 505 381
779 506 298
779 507 188
779 508 772
779 509 242
779 510 248
779 511 520
779 512 323
779 513 228
779 514 823
779 515 128
779 516 968
779 517 150
779 518 919
779 519 385
779 520 160
779 521 315
779 522 594
779 523 546
779 524 105
779 525 82
779 526 607
779 527 188
779 528 334
779 529 651
779 530 566
779 531 981
779 532 899
779 533 959
779 534 303
779 535 299
779 536 983
779 537 484
779 538 343
779 539 370
779 540 213
779 541 989
779 542 28
779 543 133
779 544 264
779 545 982
779 546 724
779 547 352
779 548 488
779 549 115
779 550 464
779 551 191
779 552 145
779 553 879
779 554 238
779 555 619
779 556 955
779 557 25
779 558 706
779 559 377
779 560 300
779 561 7
779 562 765
779 563 126
779 564 922
779 565 960
779 566 749
779 567 689
779 568 674
779 569 209
779 570 3
779 571 212
779 572 146
779 573 914
779 574 610
779 575 72
779 576 374
779 577 838
779 578 236
779 579 997
779 580 850
779 581 10
779 582 182
779 583 356
779 584 353
779 585 30
779 586 708
779 587 367
779 588 124
779 589 72
779 590 360
779 591 80
779 592 258
779 593 739
779 594 332
779 595 985
779 596 884
779 597 941
779 598 508
779 599 30
779 600 427
779 601 702
779 602 441
779 603 457
779 604 810
779 605 31
779 606 977
779 607 751
779 608 159
779 609 792
779 610 425
779 611 101
779 612 64
779 613 425
779 614 107
779 615 958
779 616 86
779 617 945
779 618 432
779 619 579
779 620 913
779 621 436
779 622 149
779 623 116
779 624 968
779 625 312
779 626 519
779 627 430
779 628 536
779 629 715
779 630 514
779 631 798
779 632 642
779 633 910
779 634 905
779 635 839
779 636 794
779 637 95
779 638 235
779 639 221
779 640 896
779 641 585
779 642 582
779 643 682
779 644 532
779 645 967
779 646 27
779 647 922
779 648 261
779 649 497
779 650 40
779 651 956
779 652 923
779 653 45
779 654 979
779 655 77
779 656 647
779 657 808
779 658 365
779 659 466
779 660 195
779 661 774
779 662 380
779 663 455
779 664 401
779 665 800
779 666 39
779 667 193
779 668 804
779 669 881
779 670 531
779 671 124
779 672 829
779 673 697
779 674 980
779 675 893
779 676 763
779 677 938
779 678 300
779 679 818
779 680 396
779 681 933
779 682 981
779 683 130
779 684 869
779 685 807
779 686 303
779 687 636
779 688 730
779 689 698
779 690 992
779 691 127
779 692 666
779 693 345
779 694 956
779 695 647
779 696 629
779 697 478
779 698 717
779 699 624
779 700 61
779 701 902
779 702 113
779 703 502
779 704 796
779 705 795
779 706 802
779 707 392
779 708 199
779 709 354
779 710 664
779 711 562
779 712 716
779 713 107
779 714 331
779 715 645
779 716 135
779 717 632
779 718 612
779 719 33
779 720 20
779 721 155
779 722 796
779 723 482
779 724 103
779 725 48
779 726 469
779 727 395
779 728 477
779 729 626
779 730 36
779 731 421
779 732 361
779 733 829
779 734 155
779 735 715
779 736 689
779 737 83
779 738 734
779 739 616
779 740 884
779 741 911
779 742 503
779 743 144
779 744 427
779 745 492
779 746 36
779 747 964
779 748 56
779 749 342
779 750 849
779 751 746
779 752 293
779 753 244
779 754 130
779 755 957
779 756 656
779 757 167
779 758 63
779 759 392
779 760 829
779 761 393
779 762 417
779 763 791
779 764 310
779 765 844
779 766 965
779 767 268
779 768 880
779 769 505
779 770 67
779 771 340
779 772 260
779 773 583
779 774 519
779 775 309
779 776 186
779 777 758
779 778 0
779 779 906
778 779 672
777 778 20
776 777 817
775 776 885
774 775 871
773 774 239
772 773 600
771 772 622
770 771 397
769 770 995
768 769 810
767 768 865
766 767 493
765 766 995
764 765 845
763 764 427
762 763 612
761 762 922
760 761 548
759 760 296
758 759 211
757 758 772
756 757 927
755 756 436
754 755 764
753 754 78
752 753 614
751 752 776
750 751 530
749 750 824
748 749 813
747 748 694
746 747 92
745 746 587
744 745 34
743 744 514
742 743 542
741 742 922
740 741 391
739 740 517
738 739 380
737 738 991
736 737 471
735 736 671
734 735 889
733 734 152
732 733 819
731 732 164
730 731 882
729 730 338
728 729 459
727 728 864
726 727 777
725 726 15
724 725 307
723 724 41
722 723 133
721 722 230
720 721 67
719 720 40
718 719 937
717 718 889
716 717 528
715 716 86
714 715 819
713 714 67
712 713 481
711 712 826
710 711 723
709 710 735
708 709 301
707 708 596
706 707 388
705 706 862
704 705 159
703 704 802
702 703 617
701 702 263
700 701 895
699 700 151
698 699 537
697 698 36
696 697 329
695 696 837
694 695 325
693 694 920
692 693 764
691 692 985
690 691 722
689 690 348
688 689 9
687 688 224
686 687 953
685 686 624
684 685 555
683 684 206
682 683 895
681 682 686
680 681 650
679 680 510
678 679 510
677 678 853
676 677 330
675 676 909
674 675 939
673 674 695
672 673 507
671 672 533
670 671 898
669 670 433
668 669 696
667 668 653
666 667 415
665 666 577
664 665 151
663 664 499
662 663 610
661 662 107
660 661 154
659 660 846
658 659 559
657 658 370
656 657 387
655 656 469
654 655 202
653 654 107
652 653 149
651 652 638
650 651 221
649 650 816
648 649 970
647 648 43
646 647 656
645 646 212
644 645 262
643 644 407
642 643 509
641 642 121
640 641 206
639 640 693
638 639 770
637 638 462
636 637 538
635 636 924
634 635 28
633 634 718
632 633 873
631 632 884
630 631 841
629 630 65
628 629 117
627 628 367
626 627 196
625 626 441
624 625 170
623 624 795
622 623 599
621 622 267
620 621 225
619 620 377
618 619 85
617 618 433
616 617 222
615 616 695
614 615 731
613 614 598
612 613 807
611 612 500
610 611 942
609 610 459
608 609 296
607 608 531
606 607 569
605 606 403
604 605 100
603 604 8
602 603 394
601 602 62
600 601 226
599 600 767
598 599 202
597 598 86
596 597 827
595 596 67
594 595 89
593 594 654
592 593 997
591 592 825
590 591 384
589 590 578
588 589 641
587 588 170
586 587 941
585 586 159
584 585 915
583 584 703
582 583 752
581 582 343
580 581 309
579 580 38
578 579 436
577 578 509
576 577 716
575 576 118
574 575 490
573 574 127
572 573 351
571 572 831
570 571 999
569 570 817
568 569 861
567 568 345
566 567 485
565 566 492
564 565 930
563 564 574
562 563 101
561 562 111
560 561 424
559 560 306
558 559 336
557 558 855
556 557 412
555 556 309
554 555 72
553 554 746
552 553 535
551 552 877
550 551 183
549 550 315
548 549 49
547 548 956
546 547 245
545 546 748
544 545 489
543 544 117
542 543 300
541 542 132
540 541 561
539 540 404
538 539 369
537 538 296
536 537 597
535 536 153
534 535 167
533 534 276
532 533 42
531 532 36
530 531 635
529 530 798
528 529 346
527 528 95
526 527 735
525 526 376
524 525 808
523 524 345
522 523 341
521 522 277
520 521 154
519 520 141
518 519 9
517 518 298
516 517 601
515 516 384
514 515 212
513 514 182
512 513 550
511 512 892
510 511 381
509 510 445
508 509 655
507 508 469
506 507 924
505 506 659
504 505 729
503 504 506
502 503 671
501 502 622
500 501 718
499 500 984
498 499 767
497 498 866
496 497 43
495 496 869
494 495 931
493 494 581
492 493 960
491 492 375
490 491 969
489 490 322
488 489 571
487 488 265
486 487 697
485 486 210
484 485 41
483 484 43
482 483 19
481 482 871
480 481 285
479 480 158
478 479 892
477 478 117
476 477 355
475 476 660
474 475 666
473 474 836
472 473 533
471 472 669
470 471 136
469 470 262
468 469 882
467 468 118
466 467 811
465 466 819
464 465 463
463 464 935
462 463 281
461 462 22
460 461 83
459 460 642
458 459 406
457 458 944
456 457 874
455 456 487
454 455 102
453 454 186
452 453 705
451 452 286
450 451 309
449 450 894
448 449 203
447 448 664
446 447 622
445 446 121
444 445 195
443 444 100
442 443 626
441 442 541
440 441 691
439 440 842
438 439 2
437 438 772
436 437 734
435 436 14
434 435 218
433 434 3
432 433 323
431 432 427
430 431 694
429 430 972
428 429 411
427 428 15
426 427 133
425 426 742
424 425 857
423 424 85
422 423 648
421 422 986
420 421 561
419 420 192
418 419 425
417 418 831
416 417 997
415 416 896
414 415 842
413 414 828
412 413 51
411 412 478
410 411 857
409 410 319
408 409 333
407 408 506
406 407 39
405 406 905
404 405 0
403 404 773
402 403 618
401 402 574
400 401 929
399 400 498
398 399 906
397 398 540
396 397 457
395 396 161
394 395 718
393 394 265
392 393 65
391 392 456
390 391 169
389 390 47
388 389 726
387 388 678
386 387 790
385 386 428
384 385 581
383 384 718
382 383 892
381 382 411
380 381 32
379 380 424
378 379 895
377 378 581
376 377 689
375 376 896
374 375 727
373 374 387
372 373 458
371 372 652
370 371 228
369 370 245
368 369 163
367 368 342
366 367 715
365 366 196
364 365 608
363 364 1
362 363 82
361 362 666
360 361 848
359 360 424
358 359 766
357 358 397
356 357 317
355 356 732
354 355 135
353 354 635
352 353 874
351 352 648
350 351 913
349 350 969
348 349 604
347 348 367
346 347 689
345 346 294
344 345 624
343 344 360
342 343 493
341 342 976
340 341 780
339 340 245
338 339 138
337 338 287
336 337 557
335 336 46
334 335 756
333 334 343
332 333 80
331 332 759
330 331 468
329 330 12
328 329 707
327 328 574
326 327 157
325 326 256
324 325 673
323 324 857
322 323 397
321 322 365
320 321 664
319 320 318
318 319 939
317 318 520
316 317 895
315 316 582
314 315 921
313 314 419
312 313 697
311 312 482
310 311 13
309 310 179
308 309 681
307 308 452
306 307 943
305 306 611
304 305 120
303 304 256
302 303 542
301 302 350
300 301 165
299 300 865
298 299 162
297 298 692
296 297 807
295 296 59
294 295 785
293 294 989
292 293 208
291 292 688
290 291 714
289 290 173
288 289 583
287 288 940
286 287 923
285 286 858
284 285 481
283 284 749
282 283 926
281 282 367
280 281 266
279 280 204
278 279 400
277 278 716
276 277 103
275 276 610
274 275 40
273 274 478
272 273 515
271 272 62
270 271 184
269 270 446
268 269 358
267 268 308
266 267 662
265 266 73
264 265 226
263 264 71
262 263 266
261 262 855
260 261 103
259 260 635
258 259 435
257 258 557
256 257 23
255 256 695
254 255 959
253 254 62
252 253 819
251 252 744
250 251 215
249 250 490
248 249 126
247 248 735
246 247 189
245 246 993
244 245 984
243 244 199
242 243 22
241 242 620
240 241 37
239 240 118
238 239 853
237 238 379
236 237 93
235 236 400
234 235 122
233 234 589
232 233 850
231 232 620
230 231 193
229 230 650
228 229 127
227 228 27
226 227 75
225 226 696
224 225 616
223 224 547
222 223 958
221 222 931
220 221 649
219 220 587
218 219 836
217 218 46
216 217 224
215 216 714
214 215 875
213 214 149
212 213 801
211 212 103
210 211 63
209 210 835
208 209 436
207 208 340
206 207 174
205 206 813
204 205 380
203 204 225
202 203 722
201 202 119
200 201 277
199 200 749
198 199 16
197 198 248
196 197 194
195 196 865
194 195 343
193 194 645
192 193 601
191 192 498
190 191 118
189 190 627
188 189 332
187 188 84
186 187 365
185 186 812
184 185 938
183 184 717
182 183 656
181 182 676
180 181 504
179 180 461
178 179 281
177 178 593
176 177 429
175 176 972
174 175 845
173 174 603
172 173 695
171 172 916
170 171 220
169 170 869
168 169 241
167 168 831
166 167 534
165 166 282
164 165 537
163 164 722
162 163 857
161 162 400
160 161 699
159 160 553
158 159 849
157 158 945
156 157 716
155 156 919
154 155 82
153 154 862
152 153 39
151 152 945
150 151 153
149 150 897
148 149 133
147 148 775
146 147 695
145 146 91
144 145 70
143 144 487
142 143 266
141 142 672
140 141 627
139 140 33
138 139 191
137 138 841
136 137 193
135 136 188
134 135 297
133 134 247
132 133 589
131 132 324
130 131 394
129 130 817
128 129 610
127 128 93
126 127 455
125 126 294
124 125 601
123 124 560
122 123 617
121 122 818
120 121 986
119 120 208
118 119 553
117 118 944
116 117 834
115 116 340
114 115 560
113 114 127
112 113 723
111 112 298
110 111 564
109 110 308
108 109 111
107 108 501
106 107 955
105 106 520
104 105 896
103 104 327
102 103 82
101 102 93
100 101 458
99 100 556
98 99 822
97 98 145
96 97 990
95 96 822
94 95 244
93 94 227
92 93 581
91 92 939
90 91 195
89 90 64
88 89 891
87 88 720
86 87 333
85 86 747
84 85 249
83 84 341
82 83 888
81 82 847
80 81 505
79 80 626
78 79 1
77 78 640
76 77 684
75 76 803
74 75 844
73 74 727
72 73 408
71 72 860
70 71 736
69 70 95
68 69 14
67 68 937
66 67 561
65 66 940
64 65 824
63 64 63
62 63 266
61 62 533
60 61 886
59 60 453
58 59 488
57 58 565
56 57 989
55 56 209
54 55 934
53 54 655
52 53 625
51 52 323
50 51 444
49 50 362
48 49 103
47 48 573
46 47 483
45 46 338
44 45 700
43 44 870
42 43 920
41 42 75
40 41 747
39 40 101
38 39 317
37 38 150
36 37 923
35 36 616
34 35 829
33 34 722
32 33 545
31 32 931
30 31 256
29 30 818
28 29 633
27 28 97
26 27 773
25 26 143
24 25 288
23 24 142
22 23 516
21 22 223
20 21 929
19 20 913
18 19 597
17 18 366
16 17 488
15 16 991
14 15 310
13 14 849
12 13 802
11 12 940
10 11 414
9 10 497
8 9 523
7 8 988
6 7 265
5 6 41
4 5 430
3 4 911
2 3 776
1 2 394
0 1 864