420 375 322
420 376 452
420 377 626
420 378 177
420 379 686
420 380 999
420 381 845
420 382 614
420 383 638
420 384 465
420 385 724
420 386 27
420 387 935
420 388 218
420 389 495
420 390 594
420 391 899
420 392 701
420 393 294
420 394 712
420 395 394
420 396 853
420 397 168
420 398 950
420 399 674
420 400 538
420 401 491
420 402 756
420 403 779
420 404 44
420 405 944
420 406 164
420 407 743
420 408 803
420 409 845
420 410 867
420 411 822
420 412 699
420 413 352
420 414 908
420 415 742
420 416 760
420 417 488
420 418 670
420 419 670
420 420 241
421 1 788
421 2 663
421 3 830
421 4 1
421 5 429
421 6 969
421 7 903
421 8 936
421 9 774
421 10 494
421 11 497
421 12 275
421 13 349
421 14 184
421 15 374
421 16 965
421 17 40
421 18 367
421 19 583
421 20 41
421 21 997
421 22 114
421 23 519
421 24 531
421 25 24
421 26 558
421 27 249
421 28 633
421 29 784
421 30 445
421 31 376
421 32 113
421 33 486
421 34 78
421 35 588
421 36 255
421 37 7
421 38 524
421 39 811
421 40 350
421 41 374
421 42 1000
421 43 800
421 44 393
421 45 742
421 46 38
421 47 514
421 48 795
421 49 237
421 50 353
421 51 524
421 52 477
421 53 637
421 54 926
421 55 685
421 56 761
421 57 326
421 58 834
421 59 605
421 60 411
421 61 488
421 62 744
421 63 890
421 64 681
421 65 960
421 66 360
421 67 309
421 68 578
421 69 274
421 70 536
421 71 69
421 72 680
421 73 118
421 74 578
421 75 660
421 76 393
421 77 35
421 78 159
421 79 146
421 80 72
421 81 900
421 82 151
421 83 320
421 84 523
421 85 895
421 86 848
421 87 409
421 88 659
421 89 147
421 90 224
421 91 928
421 92 75
421 93 531
421 94 436
421 95 564
421 96 491
421 97 555
421 98 412
421 99 795
421 100 392
421 101 449
421 102 323
421 103 82
421 104 86
421 105 539
421 106 548
421 107 481
421 108 496
421 109 698
421 110 339
421 111 461
421 112 259
421 113 212
421 114 381
421 115 88
421 116 64
421 117 769
421 118 592
421 119 338
421 120 148
421 121 857
421 122 331
421 123 840
421 124 758
421 125 6
421 126 340
421 127 976
421 128 117
421 129 960
421 130 137
421 131 519
421 132 779
421 133 852
421 134 144
421 135 791
421 136 158
421 137 291
421 138 654
421 139 10
421 140 897
421 141 71
421 142 796
421 143 792
421 144 536
421 145 52
421 146 882
421 147 651
421 148 885
421 149 9
421 150 701
421 151 412
421 152 216
421 153 258
421 154 274
421 155 294
421 156 480
421 157 590
421 158 91
421 159 850
421 160 172
421 161 978
421 162 602
421 163 212
421 164 659
421 165 130
421 166 923
421 167 964
421 168 574
421 169 148
421 170 555
421 171 899
421 172 456
421 173 856
421 174 760
421 175 56
421 176 559
421 177 853
421 178 978
421 179 913
421 180 414
421 181 416
421 182 304
421 183 720
421 184 748
421 185 573
421 186 135
421 187 408
421 188 800
421 189 613
421 190 48
421 191 28
421 192 924
421 193 941
421 194 936
421 195 422
421 196 214
421 197 49
421 198 230
421 199 767
421 200 593
421 201 659
421 202 401
421 203 719
421 204 87
421 205 143
421 206 839
421 207 647
421 208 320
421 209 27
421 210 907
421 211 492
421 212 802
421 213 394
421 214 417
421 215 125
421 216 909
421 217 141
421 218 976
421 219 794
421 220 997
421 221 15
421 222 622
421 223 41
421 224 8
421 225 76
421 226 821
421 227 548
421 228 845
421 229 521
421 230 364
421 231 650
421 232 113
421 233 803
421 234 282
421 235 268
421 236 435
421 237 782
421 238 701
421 239 102
421 240 746
421 241 702
421 242 301
421 243 493
421 244 986
421 245 764
421 246 190
421 247 858
421 248 114
421 249 791
421 250 598
421 251 115
421 252 806
421 253 792
421 254 960
421 255 832
421 256 672
421 257 702
421 258 129
421 259 784
421 260 429
421 261 945
421 262 622
421 263 162
421 264 687
421 265 431
421 266 458
421 267 622
421 268 414
421 269 731
421 270 572
421 271 265
421 272 524
421 273 110
421 274 919
421 275 163
421 276 772
421 277 823
421 278 469
421 279 79
421 280 661
421 281 917
421 282 276
421 283 338
421 284 934
421 285 623
421 286 492
421 287 1000
421 288 497
421 289 280
421 290 764
421 291 672
421 292 323
421 293 141
421 294 994
421 295 347
421 296 62
421 297 731
421 298 193
421 299 633
421 300 846
421 301 948
421 302 641
421 303 938
421 304 648
421 305 339
421 306 317
421 307 429
421 308 87
421 309 514
421 310 138
421 311 953
421 312 663
421 313 663
421 314 661
421 315 32
421 316 618
421 317 918
421 318 446
421 319 55
421 320 2
421 321 927
421 322 232
421 323 881
421 324 932
421 325 963
421 326 642
421 327 600
421 328 417
421 329 517
421 330 605
421 331 626
421 332 154
421 333 673
421 334 508
421 335 183
421 336 814
421 337 188
421 338 326
421 339 201
421 340 393
421 341 942
421 342 891
421 343 213
421 344 756
421 345 361
421 346 279
421 347 544
421 348 608
421 349 14
421 350 176
421 351 786
421 352 25
421 353 716
421 354 118
421 355 800
421 356 442
421 357 596
421 358 89
421 359 363
421 360 878
421 361 371
421 362 756
421 363 511
421 364 842
421 365 402
421 366 241
421 367 841
421 368 985
421 369 317
421 370 891
421 371 851
421 372 171
421 373 950
421 374 938
421 375 622
421 376 21
421 377 16
421 378 672
421 379 690
421 380 9
421 381 274
421 382 831
421 383 624
421 384 369
421 385 677
421 386 988
421 387 928
421 388 177
421 389 632
421 390 189
421 391 917
421 392 962
421 393 221
421 394 894
421 395 845
421 396 1
421 397 965
421 398 812
421 399 262
421 400 876
421 401 105
421 402 611
421 403 206
421 404 18
421 405 70
421 406 707
421 407 469
421 408 263
421 409 991
421 410 198
421 411 747
421 412 808
421 413 53
421 414 539
421 415 666
421 416 928
421 417 467
421 418 308
421 419 443
421 420 265
421 421 349
422 1 939
422 2 487
422 3 663
422 4 846
422 5 856
422 6 518
422 7 933
422 8 796
422 9 544
422 10 921
422 11 774
422 12 529
422 13 611
422 14 827
422 15 143
422 16 521
422 17 171
422 18 526
422 19 271
422 20 221
422 21 441
422 22 193
422 23 240
422 24 863
422 25 578
422 26 775
422 27 834
422 28 690
422 29 305
422 30 513
422 31 916
422 32 712
422 33 410
422 34 592
422 35 405
422 36 389
422 37 617
422 38 653
422 39 873
422 40 357
422 41 339
422 42 934
422 43 717
422 44 828
422 45 960
422 46 303
422 47 838
422 48 486
422 49 142
422 50 450
422 51 308
422 52 484
422 53 347
422 54 406
422 55 623
422 56 204
422 57 875
422 58 853
422 59 957
422 60 751
422 61 826
422 62 490
422 63 23
422 64 136
422 65 259
422 66 704
422 67 657
422 68 513
422 69 304
422 70 986
422 71 849
422 72 375
422 73 366
422 74 682
422 75 359
422 76 151
422 77 612
422 78 13
422 79 296
422 80 521
422 81 901
422 82 641
422 83 614
422 84 137
422 85 677
422 86 779
422 87 918
422 88 796
422 89 727
422 90 461
422 91 254
422 92 456
422 93 709
422 94 68
422 95 828
422 96 523
422 97 54
422 98 874
422 99 779
422 100 46
422 101 878
422 102 214
422 103 758
422 104 248
422 105 600
422 106 161
422 107 780
422 108 913
422 109 78
422 110 743
422 111 264
422 112 405
422 113 677
422 114 353
422 115 996
422 116 422
422 117 282
422 118 690
422 119 461
422 120 405
422 121 763
422 122 248
422 123 764
422 124 984
422 125 10
422 126 83
422 127 915
422 128 844
422 129 920
422 130 11
422 131 545
422 132 88
422 133 876
422 134 129
422 135 105
422 136 505
422 137 538
422 138 546
422 139 394
422 140 217
422 141 397
422 142 517
422 143 390
422 144 171
422 145 421
422 146 63
422 147 204
422 148 867
422 149 926
422 150 808
422 151 471
422 152 739
422 153 21
422 154 759
422 155 725
422 156 814
422 157 876
422 158 888
422 159 817
422 160 306
422 161 792
422 162 536
422 163 253
422 164 762
422 165 172
422 166 697
422 167 595
422 168 853
422 169 902
422 170 131
422 171 573
422 172 776
422 173 249
422 174 160
422 175 966
422 176 722
422 177 904
422 178 947
422 179 427
422 180 739
422 181 840
422 182 884
422 183 238
422 184 185
422 185 27
422 186 557
422 187 256
422 188 564
422 189 190
422 190 148
422 191 807
422 192 308
422 193 818
422 194 226
422 195 154
422 196 255
422 197 207
422 198 365
422 199 536
422 200 874
422 201 908
422 202 726
422 203 168
422 204 59
422 205 949
422 206 959
422 207 714
422 208 482
422 209 441
422 210 413
422 211 274
422 212 288
422 213 511
422 214 252
422 215 539
422 216 127
422 217 423
422 218 538
422 219 370
422 220 771
422 221 914
422 222 15
422 223 448
422 224 983
422 225 131
422 226 925
422 227 187
422 228 844
422 229 100
422 230 315
422 231 83
422 232 244
422 233 31
422 234 392
422 235 488
422 236 827
422 237 723
422 238 236
422 239 52
422 240 533
422 241 173
422 242 383
422 243 433
422 244 125
422 245 725
422 246 459
422 247 910
422 248 501
422 249 545
422 250 827
422 251 932
422 252 320
422 253 973
422 254 259
422 255 230
422 256 596
422 257 287
422 258 428
422 259 397
422 260 804
422 261 57
422 262 611
422 263 265
422 264 143
422 265 529
422 266 708
422 267 909
422 268 869
422 269 254
422 270 725
422 271 802
422 272 49
422 273 294
422 274 669
422 275 560
422 276 324
422 277 320
422 278 677
422 279 999
422 280 891
422 281 78
422 282 275
422 283 865
422 284 653
422 285 8
422 286 855
422 287 23
422 288 32
422 289 293
422 290 715
422 291 689
422 292 447
422 293 643
422 294 246
422 295 303
422 296 178
422 297 331
422 298 474
422 299 607
422 300 82
422 301 125
422 302 418
422 303 851
422 304 544
422 305 514
422 306 424
422 307 91
422 308 459
422 309 885
422 310 354
422 311 567
422 312 525
422 313 206
422 314 281
422 315 728
422 316 170
422 317 117
422 318 822
422 319 299
422 320 14
422 321 626
422 322 86
422 323 35
422 324 331
422 325 972
422 326 800
422 327 723
422 328 893
422 329 315
422 330 335
422 331 838
422 332 676
422 333 85
422 334 0
422 335 788
422 336 794
422 337 680
422 338 574
422 339 283
422 340 131
422 341 321
422 342 848
422 343 476
422 344 221
422 345 205
422 346 872
422 347 560
422 348 997
422 349 356
422 350 916
422 351 996
422 352 738
422 353 275
422 354 161
422 355 356
422 356 449
422 357 763
422 358 715
422 359 623
422 360 206
422 361 408
422 362 235
422 363 984
422 364 679
422 365 710
422 366 181
422 367 222
422 368 724
422 369 856
422 370 571
422 371 99
422 372 355
422 373 228
422 374 800
422 375 860
422 376 532
422 377 35
422 378 496
422 379 131
422 380 600
422 381 881
422 382 76
422 383 533
422 384 106
422 385 584
422 386 257
422 387 69
422 388 776
422 389 809
422 390 978
422 391 427
422 392 574
422 393 628
422 394 101
422 395 352
422 396 140
422 397 339
422 398 264
422 399 883
422 400 652
422 401 22
422 402 839
422 403 507
422 404 929
422 405 165
422 406 14
422 407 565
422 408 527
422 409 346
422 410 61
422 411 554
422 412 554
422 413 844
422 414 762
422 415 194
422 416 652
422 417 822
422 418 630
422 419 382
422 420 298
422 421 352
422 422 118
423 1 393
423 2 270
423 3 278
423 4 644
423 5 32
423 6 253
423 7 440
423 8 722
423 9 121
423 10 31
423 11 906
423 12 145
423 13 779
423 14 136
423 15 985
423 16 958
423 17 680
423 18 621
423 19 444
423 20 119
423 21 24
423 22 893
423 23 746
423 24 394
423 25 327
423 26 445
423 27 490
423 28 539
423 29 978
423 30 64
423 31 496
423 32 577
423 33 598
423 34 641
423 35 323
423 36 158
423 37 45
423 38 91
423 39 958
423 40 270
423 41 604
423 42 843
423 43 233
423 44 347
423 45 949
423 46 518
423 47 763
423 48 393
423 49 391
423 50 224
423 51 858
423 52 899
423 53 285
423 54 457
423 55 607
423 56 112
423 57 264
423 58 476
423 59 157
423 60 376
423 61 524
423 62 981
423 63 884
423 64 602
423 65 28
423 66 886
423 67 991
423 68 628
423 69 244
423 70 827
423 71 785
423 72 23
423 73 762
423 74 85
423 75 319
423 76 368
423 77 775
423 78 631
423 79 429
423 80 208
423 81 15
423 82 770
423 83 504
423 84 748
423 85 993
423 86 619
423 87 80
423 88 67
423 89 550
423 90 556
423 91 389
423 92 316
423 93 501
423 94 928
423 95 658
423 96 543
423 97 139
423 98 684
423 99 983
423 100 4
423 101 648
423 102 215
423 103 553
423 104 421
423 105 809
423 106 894
423 107 583
423 108 599
423 109 422
423 110 874
423 111 89
423 112 212
423 113 415
423 114 21
423 115 47
423 116 721
423 117 376
423 118 913
423 119 215
423 120 553
423 121 724
423 122 475
423 123 973
423 124 403
423 125 958
423 126 976
423 127 159
423 128 769
423 129 116
423 130 772
423 131 225
423 132 150
423 133 68
423 134 479
423 135 866
423 136 325
423 137 679
423 138 449
423 139 400
423 140 448
423 141 734
423 142 365
423 143 863
423 144 570
423 145 381
423 146 167
423 147 196
423 148 701
423 149 505
423 150 346
423 151 699
423 152 906
423 153 293
423 154 649
423 155 661
423 156 946
423 157 435
423 158 528
423 159 775
423 160 988
423 161 882
423 162 111
423 163 700
423 164 676
423 165 229
423 166 624
423 167 690
423 168 895
423 169 453
423 170 248
423 171 137
423 172 63
423 173 44
423 174 0
423 175 201
423 176 748
423 177 569
423 178 325
423 179 863
423 180 618
423 181 926
423 182 499
423 183 248
423 184 33
423 185 451
423 186 612
423 187 218
423 188 951
423 189 584
423 190 679
423 191 920
423 192 505
423 193 632
423 194 705
423 195 648
423 196 155
423 197 444
423 198 596
423 199 608
423 200 871
423 201 729
423 202 555
423 203 945
423 204 531
423 205 187
423 206 335
423 207 741
423 208 192
423 209 533
423 210 849
423 211 698
423 212 778
423 213 908
423 214 347
423 215 984
423 216 790
423 217 821
423 218 970
423 219 805
423 220 48
423 221 400
423 222 171
423 223 196
423 224 508
423 225 421
423 226 192
423 227 694
423 228 399
423 229 479
423 230 921
423 231 784
423 232 164
423 233 824
423 234 636
423 235 890
423 236 342
423 237 37
423 238 351
423 239 158
423 240 60
423 241 968
423 242 125
423 243 689
423 244 646
423 245 530
423 246 955
423 247 307
423 248 192
423 249 89
423 250 700
423 251 534
423 252 851
423 253 992
423 254 152
423 255 951
423 256 954
423 257 613
423 258 497
423 259 668
423 260 368
423 261 290
423 262 451
423 263 233
423 264 144
423 265 486
423 266 488
423 267 259
423 268 246
423 269 439
423 270 229
423 271 456
423 272 793
423 273 782
423 274 981
423 275 414
423 276 565
423 277 6
423 278 909
423 279 740
423 280 457
423 281 24
423 282 420
423 283 957
423 284 793
423 285 492
423 286 359
423 287 254
423 288 464
423 289 239
423 290 883
423 291 841
423 292 839
423 293 343
423 294 517
423 295 578
423 296 80
423 297 386
423 298 260
423 299 426
423 300 131
423 301 347
423 302 560
423 303 465
423 304 182
423 305 481
423 306 458
423 307 914
423 308 521
423 309 127
423 310 486
423 311 932
423 312 709
423 313 108
423 314 573
423 315 123
423 316 512
423 317 520
423 318 431
423 319 206
423 320 327
423 321 675
423 322 999
423 323 586
423 324 212
423 325 388
423 326 139
423 327 674
423 328 790
423 329 635
423 330 145
423 331 708
423 332 24
423 333 279
423 334 105
423 335 731
423 336 105
423 337 967
423 338 257
423 339 94
423 340 529
423 341 610
423 342 137
423 343 656
423 344 464
423 345 693
423 346 345
423 347 846
423 348 376
423 349 720
423 350 355
423 351 596
423 352 29
423 353 275
423 354 977
423 355 630
423 356 42
423 357 783
423 358 999
423 359 390
423 360 215
423 361 446
423 362 0
423 363 826
423 364 486
423 365 391
423 366 425
423 367 950
423 368 232
423 369 239
423 370 948
423 371 181
423 372 549
423 373 68
423 374 425
423 375 866
423 376 636
423 377 918
423 378 532
423 379 1
423 380 868
423 381 202
423 382 477
423 383 758
423 384 83
423 385 204
423 386 934
423 387 957
423 388 620
423 389 619
423 390 841
423 391 119
423 392 132
423 393 4
423 394 547
423 395 391
423 396 8
423 397 44
423 398 975
423 399 239
423 400 28
423 401 372
423 402 715
423 403 816
423 404 185
423 405 115
423 406 182
423 407 334
423 408 742
423 409 205
423 410 269
423 411 95
423 412 416
423 413 41
423 414 789
423 415 589
423 416 49
423 417 441
423 418 990
423 419 840
423 420 232
423 421 972
423 422 912
423 423 403
424 1 324
424 2 483
424 3 94
424 4 1
424 5 700
424 6 530
424 7 322
424 8 238
424 9 498
424 10 318
424 11 514
424 12 408
424 13 691
424 14 225
424 15 632
424 16 848
424 17 579
424 18 1000
424 19 958
424 20 472
424 21 525
424 22 475
424 23 398
424 24 998
424 25 393
424 26 697
424 27 112
424 28 234
424 29 511
424 30 346
424 31 978
424 32 951
424 33 191
424 34 761
424 35 249
424 36 955
424 37 352
424 38 157
424 39 456
424 40 123
424 41 298
424 42 925
424 43 491
424 44 107
424 45 887
424 46 289
424 47 731
424 48 784
424 49 785
424 50 410
424 51 996
424 52 367
424 53 284
424 54 442
424 55 367
424 56 937
424 57 647
424 58 382
424 59 726
424 60 671
424 61 234
424 62 482
424 63 889
424 64 512
424 65 363
424 66 410
424 67 122
424 68 797
424 69 851
424 70 132
424 71 627
424 72 393
424 73 289
424 74 367
424 75 800
424 76 901
424 77 675
424 78 492
424 79 794
424 80 760
424 81 204
424 82 958
424 83 294
424 84 237
424 85 148
424 86 776
424 87 881
424 88 390
424 89 986
424 90 376
424 91 756
424 92 231
424 93 432
424 94 587
424 95 312
424 96 79
424 97 93
424 98 349
424 99 948
424 100 521
424 101 977
424 102 969
424 103 363
424 104 507
424 105 9
424 106 230
424 107 281
424 108 318
424 109 858
424 110 509
424 111 232
424 112 247
424 113 5
424 114 702
424 115 99
424 116 893
424 117 351
424 118 798
424 119 895
424 120 355
424 121 572
424 122 484
424 123 953
424 124 109
424 125 706
424 126 731
424 127 502
424 128 616
424 129 773
424 130 716
424 131 571
424 132 414
424 133 882
424 134 33
424 135 7
424 136 203
424 137 572
424 138 600
424 139 140
424 140 681
424 141 842
424 142 58
424 143 884
424 144 674
424 145 141
424 146 96
424 147 831
424 148 368
424 149 144
424 150 303
424 151 113
424 152 834
424 153 235
424 154 493
424 155 271
424 156 94
424 157 569
424 158 419
424 159 975
424 160 579
424 161 402
424 162 489
424 163 70
424 164 985
424 165 70
424 166 467
424 167 147
424 168 938
424 169 851
424 170 623
424 171 872
424 172 309
424 173 163
424 174 373
424 175 553
424 176 235
424 177 185
424 178 271
424 179 484
424 180 403
424 181 660
424 182 564
424 183 502
424 184 519
424 185 853
424 186 275
424 187 104
424 188 634
424 189 491
424 190 40
424 191 466
424 192 894
424 193 518
424 194 238
424 195 342
424 196 414
424 197 602
424 198 659
424 199 88
424 200 821
424 201 951
424 202 384
424 203 938
424 204 54
424 205 578
424 206 451
424 207 906
424 208 175
424 209 397
424 210 941
424 211 137
424 212 601
424 213 21
424 214 270
424 215 414
424 216 700
424 217 725
424 218 448
424 219 213
424 220 676
424 221 622
424 222 418
424 223 529
424 224 899
424 225 170
424 226 869
424 227 658
424 228 847
424 229 26
424 230 172
424 231 907
424 232 942
424 233 520
424 234 876
424 235 799
424 236 79
424 237 916
424 238 847
424 239 564
424 240 575
424 241 162
424 242 944
424 243 234
424 244 794
424 245 831
424 246 498
424 247 682
424 248 259
424 249 713
424 250 598
424 251 377
424 252 463
424 253 692
424 254 110
424 255 325
424 256 492
424 257 739
424 258 836
424 259 370
424 260 913
424 261 118
424 262 10
424 263 36
424 264 812
424 265 87
424 266 384
424 267 172
424 268 629
424 269 749
424 270 705
424 271 273
424 272 113
424 273 525
424 274 617
424 275 659
424 276 610
424 277 209
424 278 714
424 279 662
424 280 797
424 281 713
424 282 109
424 283 529
424 284 902
424 285 957
424 286 721
424 287 649
424 288 609
424 289 597
424 290 5
424 291 151
424 292 157
424 293 996
424 294 699
424 295 100
424 296 832
424 297 416
424 298 419
424 299 987
424 300 313
424 301 523
424 302 482
424 303 971
424 304 399
424 305 354
424 306 387
424 307 936
424 308 901
424 309 240
424 310 312
424 311 568
424 312 761
424 313 757
424 314 385
424 315 934
424 316 148
424 317 711
424 318 545
424 319 339
424 320 991
424 321 513
424 322 643
424 323 350
424 324 162
424 325 920
424 326 268
424 327 883
424 328 791
424 329 418
424 330 858
424 331 875
424 332 936
424 333 985
424 334 821
424 335 121
424 336 700
424 337 343
424 338 812
424 339 733
424 340 294
424 341 753
424 342 638
424 343 903
424 344 921
424 345 365
424 346 504
424 347 838
424 348 138
424 349 537
424 350 30
424 351 233
424 352 168
424 353 212
424 354 156
424 355 173
424 356 141
424 357 567
424 358 743
424 359 557
424 360 435
424 361 796
424 362 79
424 363 697
424 364 724
424 365 727
424 366 657
424 367 77
424 368 474
424 369 407
424 370 590
424 371 440
424 372 31
424 373 169
424 374 365
424 375 627
424 376 112
424 377 135
424 378 137
424 379 355
424 380 213
424 381 745
424 382 384
424 383 275
424 384 420
424 385 698
424 386 35
424 387 441
424 388 564
424 389 298
424 390 42
424 391 649
424 392 389
424 393 303
424 394 332
424 395 597
424 396 740
424 397 181
424 398 263
424 399 980
424 400 898
424 401 200
424 402 55
424 403 771
424 404 531
424 405 645
424 406 484
424 407 784
424 408 366
424 409 643
424 410 146
424 411 353
424 412 377
424 413 955
424 414 115
424 415 515
424 416 780
424 417 290
424 418 885
424 419 940
424 420 604
424 421 162
424 422 420
424 423 485
424 424 348
425 1 173
425 2 165
425 3 473
425 4 618
425 5 471
425 6 730
425 7 107
425 8 946
425 9 443
425 10 402
425 11 999
425 12 891
425 13 748
425 14 431
425 15 786
425 16 27
425 17 401
425 18 730
425 19 147
425 20 49
425 21 873
425 22 898
425 23 547
425 24 109
425 25 641
425 26 987
425 27 400
425 28 817
425 29 888
425 30 329
425 31 625
425 32 41
425 33 282
425 34 242
425 35 897
425 36 485
425 37 798
425 38 626
425 39 618
425 40 22
425 41 555
425 42 380
425 43 539
425 44 906
425 45 282
425 46 258
425 47 855
425 48 70
425 49 595
425 50 942
425 51 406
425 52 492
425 53 660
425 54 245
425 55 404
425 56 938
425 57 230
425 58 390
425 59 482
425 60 251
425 61 446
425 62 917
425 63 441
425 64 98
425 65 989
425 66 359
425 67 674
425 68 579
425 69 417
425 70 132
425 71 74
425 72 409
425 73 546
425 74 221
425 75 522
425 76 372
425 77 141
425 78 944
425 79 253
425 80 728
425 81 340
425 82 702
425 83 935
425 84 581
425 85 446
425 86 428
425 87 27
425 88 806
425 89 388
425 90 805
425 91 689
425 92 156
425 93 797
425 94 151
425 95 626
425 96 586
425 97 114
425 98 947
425 99 795
425 100 48
425 101 39
425 102 3
425 103 522
425 104 331
425 105 843
425 106 25
425 107 19
425 108 152
425 109 176
425 110 820
425 111 735
425 112 399
425 113 703
425 114 5
425 115 597
425 116 952
425 117 166
425 118 13
425 119 789
425 120 578
425 121 395
425 122 141
425 123 578
425 124 897
425 125 372
425 126 474
425 127 430
425 128 899
425 129 167
425 130 231
425 131 360
425 132 243
425 133 989
425 134 174
425 135 336
425 136 288
425 137 650
425 138 246
425 139 231
425 140 45
425 141 407
425 142 694
425 143 640
425 144 909
425 145 981
425 146 494
425 147 24
425 148 968
425 149 336
425 150 639
425 151 956
425 152 899
425 153 965
425 154 248
425 155 696
425 156 655
425 157 162
425 158 942
425 159 798
425 160 178
425 161 164
425 162 150
425 163 712
425 164 561
425 165 967
425 166 160
425 167 345
425 168 385
425 169 0
425 170 37
425 171 982
425 172 293
425 173 824
425 174 640
425 175 528
425 176 930
425 177 157
425 178 33
425 179 991
425 180 482
425 181 100
425 182 978
425 183 367
425 184 341
425 185 82
425 186 846
425 187 856
425 188 98
425 189 528
425 190 663
425 191 28
425 192 268
425 193 947
425 194 879
425 195 802
425 196 809
425 197 411
425 198 882
425 199 548
425 200 52
425 201 878
425 202 82
425 203 487
425 204 507
425 205 711
425 206 892
425 207 763
425 208 567
425 209 809
425 210 467
425 211 330
425 212 13
425 213 918
425 214 669
425 215 707
425 216 630
425 217 413
425 218 181
425 219 21
425 220 359
425 221 26
425 222 126
425 223 98
425 224 366
425 225 65
425 226 396
425 227 972
425 228 195
425 229 270
425 230 821
425 231 464
425 232 31
425 233 185
425 234 422
425 235 464
425 236 823
425 237 869
425 238 576
425 239 317
425 240 688
425 241 261
425 242 774
425 243 635
425 244 923
425 245 618
425 246 363
425 247 451
425 248 55
425 249 418
425 250 79
425 251 949
425 252 855
425 253 940
425 254 366
425 255 172
425 256 728
425 257 813
425 258 785
425 259 614
425 260 53
425 261 933
425 262 398
425 263 815
425 264 318
425 265 715
425 266 63
425 267 660
425 268 423
425 269 45
425 270 197
425 271 622
425 272 907
425 273 345
425 274 19
425 275 128
425 276 751
425 277 186
425 278 23
425 279 947
425 280 324
425 281 139
425 282 121
425 283 651
425 284 882
425 285 861
425 286 370
425 287 524
425 288 387
425 289 853
425 290 343
425 291 462
425 292 583
425 293 360
425 294 622
425 295 437
425 296 106
425 297 81
425 298 793
425 299 832
425 300 2
425 301 351
425 302 530
425 303 840
425 304 84
425 305 556
425 306 58
425 307 569
425 308 790
425 309 487
425 310 138
425 311 670
425 312 934
425 313 341
425 314 726
425 315 163
425 316 534
425 317 469
425 318 831
425 319 244
425 320 625
425 321 467
425 322 810
425 323 663
425 324 197
425 325 73
425 326 969
425 327 837
425 328 323
425 329 775
425 330 917
425 331 34
425 332 524
425 333 656
425 334 181
425 335 599
425 336 647
425 337 39
425 338 156
425 339 565
425 340 459
425 341 921
425 342 774
425 343 158
425 344 931
425 345 467
425 346 957
425 347 529
425 348 265
425 349 801
425 350 259
425 351 725
425 352 717
425 353 335
425 354 267
425 355 819
425 356 206
425 357 271
425 358 832
425 359 178
425 360 573
425 361 82
425 362 84
425 363 832
425 364 599
425 365 819
425 366 352
425 367 184
425 368 972
425 369 396
425 370 646
425 371 714
425 372 762
425 373 707
425 374 568
425 375 843
425 376 44
425 377 532
425 378 843
425 379 747
425 380 47
425 381 740
425 382 782
425 383 733
425 384 657
425 385 722
425 386 492
425 387 932
425 388 137
425 389 914
425 390 128
425 391 166
425 392 61
425 393 523
425 394 313
425 395 887
425 396 413
425 397 151
425 398 609
425 399 145
425 400 686
425 401 416
425 402 281
425 403 650
425 404 783
425 405 128
425 406 926
425 407 402
425 408 322
425 409 25
425 410 967
425 411 977
425 412 865
425 413 861
425 414 950
425 415 322
425 416 44
425 417 482
425 418 553
425 419 687
425 420 113
425 421 734
425 422 195
425 423 71
425 424 4
425 425 369
426 1 355
426 2 885
426 3 579
426 4 83
426 5 42
426 6 138
426 7 534
426 8 943
426 9 485
426 10 407
426 11 24
426 12 841
426 13 335
426 14 285
426 15 727
426 16 577
426 17 129
426 18 582
426 19 849
426 20 363
426 21 476
426 22 596
426 23 39
426 24 842
426 25 901
426 26 713
426 27 398
426 28 689
426 29 640
426 30 650
426 31 794
426 32 446
426 33 395
426 34 407
426 35 780
426 36 207
426 37 256
426 38 780
426 39 11
426 40 504
426 41 30
426 42 314
426 43 92
426 44 335
426 45 624
426 46 364
426 47 792
426 48 775
426 49 902
426 50 447
426 51 258
426 52 278
426 53 962
426 54 404
426 55 649
426 56 436
426 57 950
426 58 66
426 59 945
426 60 451
426 61 168
426 62 192
426 63 980
426 64 102
426 65 721
426 66 829
426 67 826
426 68 916
426 69 521
426 70 884
426 71 460
426 72 730
426 73 761
426 74 242
426 75 458
426 76 586
426 77 79
426 78 430
426 79 948
426 80 776
426 81 967
426 82 189
426 83 281
426 84 247
426 85 913
426 86 585
426 87 255
426 88 752
426 89 748
426 90 19
426 91 508
426 92 716
426 93 642
426 94 362
426 95 646
426 96 199
426 97 696
426 98 162
426 99 963
426 100 541
426 101 370
426 102 16
426 103 921
426 104 233
426 105 778
426 106 823
426 107 817
426 108 628
426 109 651
426 110 421
426 111 934
426 112 575
426 113 37
426 114 972
426 115 475
426 116 369
426 117 393
426 118 576
426 119 800
426 120 945
426 121 718
426 122 676
426 123 803
426 124 159
426 125 523
426 126 768
426 127 6
426 128 865
426 129 145
426 130 810
426 131 442
426 132 801
426 133 722
426 134 194
426 135 350
426 136 325
426 137 567
426 138 539
426 139 550
426 140 264
426 141 968
426 142 287
426 143 735
426 144 839
426 145 797
426 146 438
426 147 13
426 148 291
426 149 318
426 150 272
426 151 445
426 152 772
426 153 393
426 154 619
426 155 556
426 156 815
426 157 647
426 158 516
426 159 964
426 160 112
426 161 593
426 162 161
426 163 654
426 164 674
426 165 64
426 166 173
426 167 542
426 168 178
426 169 850
426 170 972
426 171 285
426 172 434
426 173 958
426 174 562
426 175 71
426 176 192
426 177 626
426 178 765
426 179 263
426 180 797
426 181 678
426 182 838
426 183 680
426 184 969
426 185 931
426 186 491
426 187 738
426 188 971
426 189 9
426 190 951
426 191 349
426 192 128
426 193 452
426 194 44
426 195 582
426 196 144
426 197 807
426 198 1
426 199 174
426 200 441
426 201 615
426 202 413
426 203 801
426 204 506
426 205 330
426 206 300
426 207 640
426 208 298
426 209 371
426 210 352
426 211 975
426 212 159
426 213 578
426 214 52
426 215 835
426 216 598
426 217 9
426 218 839
426 219 765
426 220 866
426 221 338
426 222 156
426 223 921
426 224 888
426 225 938
426 226 166
426 227 361
426 228 896
426 229 697
426 230 545
426 231 737
426 232 690
426 233 600
426 234 248
426 235 946
426 236 965
426 237 991
426 238 824
426 239 337
426 240 579
426 241 118
426 242 213
426 243 256
426 244 995
426 245 854
426 246 395
426 247 348
426 248 528
426 249 541
426 250 780
426 251 212
426 252 780
426 253 702
426 254 296
426 255 951
426 256 794
426 257 719
426 258 595
426 259 696
426 260 697
426 261 260
426 262 35
426 263 757
426 264 279
426 265 21
426 266 52
426 267 507
426 268 354
426 269 413
426 270 122
426 271 738
426 272 404
426 273 466
426 274 39
426 275 703
426 276 956
426 277 268
426 278 565
426 279 584
426 280 544
426 281 791
426 282 35
426 283 1000
426 284 480
426 285 563
426 286 295
426 287 922
426 288 543
426 289 318
426 290 15
426 291 402
426 292 967
426 293 504
426 294 822
426 295 276
426 296 345
426 297 414
426 298 771
426 299 753
426 300 166
426 301 364
426 302 519
426 303 241
426 304 469
426 305 154
426 306 687
426 307 299
426 308 366
426 309 91
426 310 508
426 311 37
426 312 910
426 313 954
426 314 640
426 315 27
426 316 385
426 317 750
426 318 755
426 319 825
426 320 348
426 321 258
426 322 41
426 323 616
426 324 629
426 325 153
426 326 727
426 327 468
426 328 643
426 329 635
426 330 106
426 331 612
426 332 885
426 333 949
426 334 437
426 335 80
426 336 735
426 337 172
426 338 574
426 339 700
426 340 858
426 341 806
426 342 760
426 343 172
426 344 917
426 345 825
426 346 979
426 347 22
426 348 968
426 349 252
426 350 180
426 351 840
426 352 848
426 353 860
426 354 243
426 355 337
426 356 81
426 357 151
426 358 716
426 359 750
426 360 860
426 361 526
426 362 677
426 363 889
426 364 636
426 365 141
426 366 512
426 367 3
426 368 175
426 369 399
426 370 976
426 371 418
426 372 125
426 373 943
426 374 578
426 375 42
426 376 777
426 377 473
426 378 721
426 379 703
426 380 753
426 381 823
426 382 544
426 383 546
426 384 270
426 385 912
426 386 419
426 387 9
426 388 391
426 389 418
426 390 765
426 391 804
426 392 745
426 393 336
426 394 664
426 395 181
426 396 319
426 397 366
426 398 145
426 399 445
426 400 459
426 401 221
426 402 944
426 403 913
426 404 139
426 405 432
426 406 679
426 407 995
426 408 353
426 409 63
426 410 840
426 411 68
426 412 334
426 413 669
426 414 968
426 415 231
426 416 12
426 417 46
426 418 247
426 419 25
426 420 62
426 421 642
426 422 502
426 423 22
426 424 361
426 425 154
426 426 645
427 1 749
427 2 59
427 3 552
427 4 587
427 5 364
427 6 17
427 7 312
427 8 166
427 9 687
427 10 352
427 11 266
427 12 231
427 13 673
427 14 675
427 15 743
427 16 684
427 17 451
427 18 883
427 19 351
427 20 255
427 21 984
427 22 765
427 23 743
427 24 322
427 25 39
427 26 213
427 27 60
427 28 966
427 29 393
427 30 298
427 31 804
427 32 324
427 33 841
427 34 195
427 35 720
427 36 411
427 37 618
427 38 140
427 39 265
427 40 80
427 41 868
427 42 721
427 43 321
427 44 559
427 45 492
427 46 755
427 47 976
427 48 828
427 49 506
427 50 900
427 51 676
427 52 166
427 53 668
427 54 568
427 55 225
427 56 981
427 57 12
427 58 316
427 59 466
427 60 500
427 61 367
427 62 610
427 63 539
427 64 26
427 65 853
427 66 630
427 67 110
427 68 939
427 69 922
427 70 510
427 71 644
427 72 135
427 73 605
427 74 623
427 75 361
427 76 393
427 77 778
427 78 239
427 79 835
427 80 135
427 81 750
427 82 240
427 83 218
427 84 992
427 85 712
427 86 785
427 87 583
427 88 508
427 89 793
427 90 937
427 91 800
427 92 211
427 93 783
427 94 138
427 95 78
427 96 522
427 97 181
427 98 999
427 99 158
427 100 405
427 101 897
427 102 132
427 103 831
427 104 25
427 105 650
427 106 599
427 107 375
427 108 335
427 109 516
427 110 566
427 111 15
427 112 829
427 113 140
427 114 175
427 115 596
427 116 293
427 117 491
427 118 643
427 119 382
427 120 239
427 121 335
427 122 690
427 123 314
427 124 530
427 125 66
427 126 245
427 127 923
427 128 851
427 129 757
427 130 226
427 131 288
427 132 676
427 133 559
427 134 720
427 135 733
427 136 691
427 137 235
427 138 367
427 139 578
427 140 754
427 141 994
427 142 121
427 143 279
427 144 660
427 145 393
427 146 124
427 147 50
427 148 879
427 149 438
427 150 527
427 151 548
427 152 759
427 153 6
427 154 675
427 155 753
427 156 900
427 157 291
427 158 223
427 159 254
427 160 424
427 161 750
427 162 176
427 163 101
427 164 728
427 165 802
427 166 629
427 167 121
427 168 16
427 169 237
427 170 279
427 171 267
427 172 649
427 173 549
427 174 473
427 175 619
427 176 526
427 177 452
427 178 796
427 179 303
427 180 728
427 181 206
427 182 807
427 183 554
427 184 624
427 185 292
427 186 921
427 187 570
427 188 109
427 189 445
427 190 327
427 191 360
427 192 956
427 193 285
427 194 891
427 195 860
427 196 131
427 197 225
427 198 501
427 199 255
427 200 184
427 201 981
427 202 40
427 203 403
427 204 849
427 205 907
427 206 772
427 207 572
427 208 437
427 209 837
427 210 78
427 211 627
427 212 451
427 213 218
427 214 941
427 215 905
427 216 423
427 217 157
427 218 783
427 219 846
427 220 101
427 221 246
427 222 83
427 223 87
427 224 120
427 225 450
427 226 471
427 227 505
427 228 422
427 229 828
427 230 939
427 231 48
427 232 448
427 233 741
427 234 507
427 235 471
427 236 9
427 237 74
427 238 565
427 239 956
427 240 313
427 241 45
427 242 245
427 243 729
427 244 892
427 245 352
427 246 493
427 247 260
427 248 393
427 249 880
427 250 529
427 251 319
427 252 308
427 253 753
427 254 746
427 255 688
427 256 257
427 257 206
427 258 857
427 259 192
427 260 354
427 261 537
427 262 890
427 263 214
427 264 82
427 265 377
427 266 194
427 267 45
427 268 534
427 269 29
427 270 261
427 271 332
427 272 914
427 273 466
427 274 548
427 275 330
427 276 326
427 277 813
427 278 87
427 279 904
427 280 620
427 281 104
427 282 622
427 283 347
427 284 197
427 285 464
427 286 226
427 287 943
427 288 571
427 289 406
427 290 623
427 291 993
427 292 227
427 293 696
427 294 438
427 295 805
427 296 65
427 297 143
427 298 7
427 299 670
427 300 296
427 301 3
427 302 358
427 303 166
427 304 53
427 305 44
427 306 43
427 307 272
427 308 345
427 309 220
427 310 487
427 311 721
427 312 260
427 313 501
427 314 465
427 315 594
427 316 440
427 317 956
427 318 752
427 319 952
427 320 560
427 321 977
427 322 664
427 323 979
427 324 681
427 325 528
427 326 713
427 327 647
427 328 55
427 329 469
427 330 421
427 331 361
427 332 904
427 333 898
427 334 789
427 335 291
427 336 769
427 337 524
427 338 889
427 339 721
427 340 88
427 341 627
427 342 304
427 343 625
427 344 238
427 345 177
427 346 693
427 347 653
427 348 760
427 349 58
427 350 372
427 351 191
427 352 891
427 353 86
427 354 648
427 355 239
427 356 34
427 357 397
427 358 927
427 359 50
427 360 727
427 361 600
427 362 209
427 363 962
427 364 449
427 365 200
427 366 814
427 367 225
427 368 747
427 369 398
427 370 503
427 371 826
427 372 437
427 373 398
427 374 808
427 375 357
427 376 454
427 377 191
427 378 932
427 379 213
427 380 132
427 381 323
427 382 536
427 383 151
427 384 725
427 385 955
427 386 458
427 387 151
427 388 445
427 389 703
427 390 918
427 391 663
427 392 431
427 393 338
427 394 172
427 395 393
427 396 338
427 397 733
427 398 471
427 399 444
427 400 107
427 401 195
427 402 294
427 403 586
427 404 769
427 405 144
427 406 232
427 407 922
427 408 744
427 409 299
427 410 716
427 411 655
427 412 894
427 413 276
427 414 3
427 415 635
427 416 118
427 417 42
427 418 369
427 419 6
427 420 404
427 421 685
427 422 946
427 423 759
427 424 972
427 425 702
427 426 83
427 427 887
428 1 703
428 2 68
428 3 539
428 4 866
428 5 10
428 6 909
428 7 400
428 8 482
428 9 363
428 10 26
428 11 220
428 12 636
428 13 908
428 14 53
428 15 507
428 16 763
428 17 146
428 18 307
428 19 454
428 20 61
428 21 981
428 22 667
428 23 504
428 24 325
428 25 513
428 26 711
428 27 500
428 28 488
428 29 223
428 30 425
428 31 760
428 32 484
428 33 647
428 34 362
428 35 306
428 36 684
428 37 573
428 38 142
428 39 479
428 40 605
428 41 410
428 42 390
428 43 123
428 44 713
428 45 126
428 46 160
428 47 141
428 48 643
428 49 581
428 50 380
428 51 452
428 52 299
428 53 285
428 54 807
428 55 925
428 56 797
428 57 759
428 58 413
428 59 556
428 60 649
428 61 978
428 62 420
428 63 107
428 64 544
428 65 215
428 66 642
428 67 535
428 68 587
428 69 137
428 70 532
428 71 289
428 72 296
428 73 881
428 74 424
428 75 69
428 76 167
428 77 780
428 78 942
428 79 912
428 80 255
428 81 880
428 82 542
428 83 121
428 84 348
428 85 546
428 86 312
428 87 268
428 88 811
428 89 72
428 90 36
428 91 87
428 92 609
428 93 200
428 94 930
428 95 688
428 96 773
428 97 892
428 98 290
428 99 362
428 100 258
428 101 764
428 102 104
428 103 455
428 104 405
428 105 727
428 106 595
428 107 911
428 108 538
428 109 407
428 110 262
428 111 0
428 112 41
428 113 684
428 114 904
428 115 276
428 116 123
428 117 22
428 118 647
428 119 286
428 120 415
428 121 780
428 122 556
428 123 237
428 124 983
428 125 778
428 126 509
428 127 694
428 128 94
428 129 482
428 130 769
428 131 723
428 132 434
428 133 159
428 134 623
428 135 558
428 136 308
428 137 644
428 138 787
428 139 117
428 140 305
428 141 223
428 142 7
428 143 473
428 144 633
428 145 459
428 146 715
428 147 850
428 148 1
428 149 301
428 150 208
428 151 773
428 152 494
428 153 88
428 154 652
428 155 646
428 156 473
428 157 363
428 158 145
428 159 535
428 160 959
428 161 348
428 162 464
428 163 982
428 164 253
428 165 178
428 166 442
428 167 431
428 168 786
428 169 189
428 170 408
428 171 950
428 172 456
428 173 719
428 174 814
428 175 157
428 176 704
428 177 620
428 178 571
428 179 114
428 180 283
428 181 111
428 182 815
428 183 189
428 184 973
428 185 93
428 186 482
428 187 975
428 188 300
428 189 380
428 190 208
428 191 451
428 192 328
428 193 922
428 194 745
428 195 985
428 196 427
428 197 8
428 198 418
428 199 385
428 200 59
428 201 541
428 202 971
428 203 652
428 204 378
428 205 647
428 206 455
428 207 254
428 208 86
428 209 363
428 210 652
428 211 305
428 212 432
428 213 605
428 214 145
428 215 948
428 216 758
428 217 426
428 218 563
428 219 306
428 220 430
428 221 135
428 222 74
428 223 719
428 224 79
428 225 403
428 226 21
428 227 615
428 228 135
428 229 881
428 230 47
428 231 679
428 232 429
428 233 381
428 234 298
428 235 188
428 236 772
428 237 242
428 238 248
428 239 520
428 240 323
428 241 228
428 242 823
428 243 128
428 244 968
428 245 150
428 246 919
428 247 385
428 248 160
428 249 315
428 250 594
428 251 546
428 252 105
428 253 82
428 254 607
428 255 188
428 256 334
428 257 651
428 258 566
428 259 981
428 260 899
428 261 959
428 262 303
428 263 299
428 264 983
428 265 484
428 266 343
428 267 370
428 268 213
428 269 989
428 270 28
428 271 133
428 272 264
428 273 982
428 274 724
428 275 352
428 276 488
428 277 115
428 278 464
428 279 191
428 280 145
428 281 879
428 282 238
428 283 619
428 284 955
428 285 25
428 286 706
428 287 377
428 288 300
428 289 7
428 290 765
428 291 126
428 292 922
428 293 960
428 294 749
428 295 689
428 296 674
428 297 209
428 298 3
428 299 212
428 300 146
428 301 914
428 302 610
428 303 72
428 304 374
428 305 838
428 306 236
428 307 997
428 308 850
428 309 10
428 310 182
428 311 356
428 312 353
428 313 30
428 314 708
428 315 367
428 316 124
428 317 72
428 318 360
428 319 80
428 320 258
428 321 739
428 322 332
428 323 985
428 324 884
428 325 941
428 326 508
428 327 30
428 328 427
428 329 702
428 330 441
428 331 457
428 332 810
428 333 31
428 334 977
428 335 751
428 336 159
428 337 792
428 338 425
428 339 101
428 340 64
428 341 425
428 342 107
428 343 958
428 344 86
428 345 945
428 346 432
428 347 579
428 348 913
428 349 436
428 350 149
428 351 116
428 352 968
428 353 312
428 354 519
428 355 430
428 356 536
428 357 715
428 358 514
428 359 798
428 360 642
428 361 910
428 362 905
428 363 839
428 364 794
428 365 95
428 366 235
428 367 221
428 368 896
428 369 585
428 370 582
428 371 682
428 372 532
428 373 967
428 374 27
428 375 922
428 376 261
428 377 497
428 378 40
428 379 956
428 380 923
428 381 45
428 382 979
428 383 77
428 384 647
428 385 808
428 386 365
428 387 466
428 388 195
428 389 774
428 390 380
428 391 455
428 392 401
428 393 800
428 394 39
428 395 193
428 396 804
428 397 881
428 398 531
428 399 124
428 400 829
428 401 697
428 402 980
428 403 893
428 404 763
428 405 938
428 406 300
428 407 818
428 408 396
428 409 933
428 410 981
428 411 130
428 412 869
428 413 807
428 414 303
428 415 636
428 416 730
428 417 698
428 418 992
428 419 127
428 420 666
428 421 345
428 422 956
428 423 647
428 424 629
428 425 478
428 426 717
428 427 624
428 428 61
429 1 902
429 2 113
429 3 502
429 4 796
429 5 795
429 6 802
429 7 392
429 8 199
429 9 354
429 10 664
429 11 562
429 12 716
429 13 107
429 14 331
429 15 645
429 16 135
429 17 632
429 18 612
429 19 33
429 20 20
429 21 155
429 22 796
429 23 482
429 24 103
429 25 48
429 26 469
429 27 395
429 28 477
429 29 626
429 30 36
429 31 421
429 32 361
429 33 829
429 34 155
429 35 715
429 36 689
429 37 83
429 38 734
429 39 616
429 40 884
429 41 911
429 42 503
429 43 144
429 44 427
429 45 492
429 46 36
429 47 964
429 48 56
429 49 342
429 50 849
429 51 746
429 52 293
429 53 244
429 54 130
429 55 957
429 56 656
429 57 167
429 58 63
429 59 392
429 60 829
429 61 393
429 62 417
429 63 791
429 64 310
429 65 844
429 66 965
429 67 268
429 68 880
429 69 505
429 70 67
429 71 340
429 72 260
429 73 583
429 74 519
429 75 309
429 76 186
429 77 758
429 78 0
429 79 906
429 80 672
429 81 20
429 82 817
429 83 885
429 84 871
429 85 239
429 86 600
429 87 622
429 88 397
429 89 995
429 90 810
429 91 865
429 92 493
429 93 995
429 94 845
429 95 427
429 96 612
429 97 922
429 98 548
429 99 296
429 100 211
429 101 772
429 102 927
429 103 436
429 104 764
429 105 78
429 106 614
429 107 776
429 108 530
429 109 824
429 110 813
429 111 694
429 112 92
429 113 587
429 114 34
429 115 514
429 116 542
429 117 922
429 118 391
429 119 517
429 120 380
429 121 991
429 122 471
429 123 671
429 124 889
429 125 152
429 126 819
429 127 164
429 128 882
429 129 338
429 130 459
429 131 864
429 132 777
429 133 15
429 134 307
429 135 41
429 136 133
429 137 230
429 138 67
429 139 40
429 140 937
429 141 889
429 142 528
429 143 86
429 144 819
429 145 67
429 146 481
429 147 826
429 148 723
429 149 735
429 150 301
429 151 596
429 152 388
429 153 862
429 154 159
429 155 802
429 156 617
429 157 263
429 158 895
429 159 151
429 160 537
429 161 36
429 162 329
429 163 837
429 164 325
429 165 920
429 166 764
429 167 985
429 168 722
429 169 348
429 170 9
429 171 224
429 172 953
429 173 624
429 174 555
429 175 206
429 176 895
429 177 686
429 178 650
429 179 510
429 180 510
429 181 853
429 182 330
429 183 909
429 184 939
429 185 695
429 186 507
429 187 533
429 188 898
429 189 433
429 190 696
429 191 653
429 192 415
429 193 577
429 194 151
429 195 499
429 196 610
429 197 107
429 198 154
429 199 846
429 200 559
429 201 370
429 202 387
429 203 469
429 204 202
429 205 107
429 206 149
429 207 638
429 208 221
429 209 816
429 210 970
429 211 43
429 212 656
429 213 212
429 214 262
429 215 407
429 216 509
429 217 121
429 218 206
429 219 693
429 220 770
429 221 462
429 222 538
429 223 924
429 224 28
429 225 718
429 226 873
429 227 884
429 228 841
429 229 65
429 230 117
429 231 367
429 232 196
429 233 441
429 234 170
429 235 795
429 236 599
429 237 267
429 238 225
429 239 377
429 240 85
429 241 433
429 242 222
429 243 695
429 244 731
429 245 598
429 246 807
429 247 500
429 248 942
429 249 459
429 250 296
429 251 531
429 252 569
429 253 403
429 254 100
429 255 8
429 256 394
429 257 62
429 258 226
429 259 767
429 260 202
429 261 86
429 262 827
429 263 67
429 264 89
429 265 654
429 266 997
429 267 825
429 268 384
429 269 578
429 270 641
429 271 170
429 272 941
429 273 159
429 274 915
429 275 703
429 276 752
429 277 343
429 278 309
429 279 38
429 280 436
429 281 509
429 282 716
429 283 118
429 284 490
429 285 127
429 286 351
429 287 831
429 288 999
429 289 817
429 290 861
429 291 345
429 292 485
429 293 492
429 294 930
429 295 574
429 296 101
429 297 111
429 298 424
429 299 306
429 300 336
429 301 855
429 302 412
429 303 309
429 304 72
429 305 746
429 306 535
429 307 877
429 308 183
429 309 315
429 310 49
429 311 956
429 312 245
429 313 748
429 314 489
429 315 117
429 316 300
429 317 132
429 318 561
429 319 404
429 320 369
429 321 296
429 322 597
429 323 153
429 324 167
429 325 276
429 326 42
429 327 36
429 328 635
429 329 798
429 330 346
429 331 95
429 332 735
429 333 376
429 334 808
429 335 345
429 336 341
429 337 277
429 338 154
429 339 141
429 340 9
429 341 298
429 342 601
429 343 384
429 344 212
429 345 182
429 346 550
429 347 892
429 348 381
429 349 445
429 350 655
429 351 469
429 352 924
429 353 659
429 354 729
429 355 506
429 356 671
429 357 622
429 358 718
429 359 984
429 360 767
429 361 866
429 362 43
429 363 869
429 364 931
429 365 581
429 366 960
429 367 375
429 368 969
429 369 322
429 370 571
429 371 265
429 372 697
429 373 210
429 374 41
429 375 43
429 376 19
429 377 871
429 378 285
429 379 158
429 380 892
429 381 117
429 382 355
429 383 660
429 384 666
429 385 836
429 386 533
429 387 669
429 388 136
429 389 262
429 390 882
429 391 118
429 392 811
429 393 819
429 394 463
429 395 935
429 396 281
429 397 22
429 398 83
429 399 642
429 400 406
429 401 944
429 402 874
429 403 487
429 404 102
429 405 186
429 406 705
429 407 286
429 408 309
429 409 894
429 410 203
429 411 664
429 412 622
429 413 121
429 414 195
429 415 100
429 416 626
429 417 541
429 418 691
429 419 842
429 420 2
429 421 772
429 422 734
429 423 14
429 424 218
429 425 3
429 426 323
429 427 427
429 428 694
429 429 972
428 429 411
427 428 15
426 427 133
425 426 742
424 425 857
423 424 85
422 423 648
421 422 986
420 421 561
419 420 192
418 419 425
417 418 831
416 417 997
415 416 896
414 415 842
413 414 828
412 413 51
411 412 478
410 411 857
409 410 319
408 409 333
407 408 506
406 407 39
405 406 905
404 405 0
403 404 773
402 403 618
401 402 574
400 401 929
399 400 498
398 399 906
397 398 540
396 397 457
395 396 161
394 395 718
393 394 265
392 393 65
391 392 456
390 391 169
389 390 47
388 389 726
387 388 678
386 387 790
385 386 428
384 385 581
383 384 718
382 383 892
381 382 411
380 381 32
379 380 424
378 379 895
377 378 581
376 377 689
375 376 896
374 375 727
373 374 387
372 373 458
371 372 652
370 371 228
369 370 245
368 369 163
367 368 342
366 367 715
365 366 196
364 365 608
363 364 1
362 363 82
361 362 666
360 361 848
359 360 424
358 359 766
357 358 397
356 357 317
355 356 732
354 355 135
353 354 635
352 353 874
351 352 648
350 351 913
349 350 969
348 349 604
347 348 367
346 347 689
345 346 294
344 345 624
343 344 360
342 343 493
341 342 976
340 341 780
339 340 245
338 339 138
337 338 287
336 337 557
335 336 46
334 335 756
333 334 343
332 333 80
331 332 759
330 331 468
329 330 12
328 329 707
327 328 574
326 327 157
325 326 256
324 325 673
323 324 857
322 323 397
321 322 365
320 321 664
319 320 318
318 319 939
317 318 520
316 317 895
315 316 582
314 315 921
313 314 419
312 313 697
311 312 482
310 311 13
309 310 179
308 309 681
307 308 452
306 307 943
305 306 611
304 305 120
303 304 256
302 303 542
301 302 350
300 301 165
299 300 865
298 299 162
297 298 692
296 297 807
295 296 59
294 295 785
293 294 989
292 293 208
291 292 688
290 291 714
289 290 173
288 289 583
287 288 940
286 287 923
285 286 858
284 285 481
283 284 749
282 283 926
281 282 367
280 281 266
279 280 204
278 279 400
277 278 716
276 277 103
275 276 610
274 275 40
273 274 478
272 273 515
271 272 62
270 271 184
269 270 446
268 269 358
267 268 308
266 267 662
265 266 73
264 265 226
263 264 71
262 263 266
261 262 855
260 261 103
259 260 635
258 259 435
257 258 557
256 257 23
255 256 695
254 255 959
253 254 62
252 253 819
251 252 744
250 251 215
249 250 490
248 249 126
247 248 735
246 247 189
245 246 993
244 245 984
243 244 199
242 243 22
241 242 620
240 241 37
239 240 118
238 239 853
237 238 379
236 237 93
235 236 400
234 235 122
233 234 589
232 233 850
231 232 620
230 231 193
229 230 650
228 229 127
227 228 27
226 227 75
225 226 696
224 225 616
223 224 547
222 223 958
221 222 931
220 221 649
219 220 587
218 219 836
217 218 46
216 217 224
215 216 714
214 215 875
213 214 149
212 213 801
211 212 103
210 211 63
209 210 835
208 209 436
207 208 340
206 207 174
205 206 813
204 205 380
203 204 225
202 203 722
201 202 119
200 201 277
199 200 749
198 199 16
197 198 248
196 197 194
195 196 865
194 195 343
193 194 645
192 193 601
191 192 498
190 191 118
189 190 627
188 189 332
187 188 84
186 187 365
185 186 812
184 185 938
183 184 717
182 183 656
181 182 676
180 181 504
179 180 461
178 179 281
177 178 593
176 177 429
175 176 972
174 175 845
173 174 603
172 173 695
171 172 916
170 171 220
169 170 869
168 169 241
167 168 831
166 167 534
165 166 282
164 165 537
163 164 722
162 163 857
161 162 400
160 161 699
159 160 553
158 159 849
157 158 945
156 157 716
155 156 919
154 155 82
153 154 862
152 153 39
151 152 945
150 151 153
149 150 897
148 149 133
147 148 775
146 147 695
145 146 91
144 145 70
143 144 487
142 143 266
141 142 672
140 141 627
139 140 33
138 139 191
137 138 841
136 137 193
135 136 188
134 135 297
133 134 247
132 133 589
131 132 324
130 131 394
129 130 817
128 129 610
127 128 93
126 127 455
125 126 294
124 125 601
123 124 560
122 123 617
121 122 818
120 121 986
119 120 208
118 119 553
117 118 944
116 117 834
115 116 340
114 115 560
113 114 127
112 113 723
111 112 298
110 111 564
109 110 308
108 109 111
107 108 501
106 107 955
105 106 520
104 105 896
103 104 327
102 103 82
101 102 93
100 101 458
99 100 556
98 99 822
97 98 145
96 97 990
95 96 822
94 95 244
93 94 227
92 93 581
91 92 939
90 91 195
89 90 64
88 89 891
87 88 720
86 87 333
85 86 747
84 85 249
83 84 341
82 83 888
81 82 847
80 81 505
79 80 626
78 79 1
77 78 640
76 77 684
75 76 803
74 75 844
73 74 727
72 73 408
71 72 860
70 71 736
69 70 95
68 69 14
67 68 937
66 67 561
65 66 940
64 65 824
63 64 63
62 63 266
61 62 533
60 61 886
59 60 453
58 59 488
57 58 565
56 57 989
55 56 209
54 55 934
53 54 655
52 53 625
51 52 323
50 51 444
49 50 362
48 49 103
47 48 573
46 47 483
45 46 338
44 45 700
43 44 870
42 43 920
41 42 75
40 41 747
39 40 101
38 39 317
37 38 150
36 37 923
35 36 616
34 35 829
33 34 722
32 33 545
31 32 931
30 31 256
29 30 818
28 29 633
27 28 97
26 27 773
25 26 143
24 25 288
23 24 142
22 23 516
21 22 223
20 21 929
19 20 913
18 19 597
17 18 366
16 17 488
15 16 991
14 15 310
13 14 849
12 13 802
11 12 940
10 11 414
9 10 497
8 9 523
7 8 988
6 7 265
5 6 41
4 5 430
3 4 911
2 3 776
1 2 394
0 1 864