70 25 392
70 26 829
70 27 393
70 28 417
70 29 791
70 30 310
70 31 844
70 32 965
70 33 268
70 34 880
70 35 505
70 36 67
70 37 340
70 38 260
70 39 583
70 40 519
70 41 309
70 42 186
70 43 758
70 44 0
70 45 906
70 46 672
70 47 20
70 48 817
70 49 885
70 50 871
70 51 239
70 52 600
70 53 622
70 54 397
70 55 995
70 56 810
70 57 865
70 58 493
70 59 995
70 60 845
70 61 427
70 62 612
70 63 922
70 64 548
70 65 296
70 66 211
70 67 772
70 68 927
70 69 436
70 70 764
71 1 78
71 2 614
71 3 776
71 4 530
71 5 824
71 6 813
71 7 694
71 8 92
71 9 587
71 10 34
71 11 514
71 12 542
71 13 922
71 14 391
71 15 517
71 16 380
71 17 991
71 18 471
71 19 671
71 20 889
71 21 152
71 22 819
71 23 164
71 24 882
71 25 338
71 26 459
71 27 864
71 28 777
71 29 15
71 30 307
71 31 41
71 32 133
71 33 230
71 34 67
71 35 40
71 36 937
71 37 889
71 38 528
71 39 86
71 40 819
71 41 67
71 42 481
71 43 826
71 44 723
71 45 735
71 46 301
71 47 596
71 48 388
71 49 862
71 50 159
71 51 802
71 52 617
71 53 263
71 54 895
71 55 151
71 56 537
71 57 36
71 58 329
71 59 837
71 60 325
71 61 920
71 62 764
71 63 985
71 64 722
71 65 348
71 66 9
71 67 224
71 68 953
71 69 624
71 70 555
71 71 206
72 1 895
72 2 686
72 3 650
72 4 510
72 5 510
72 6 853
72 7 330
72 8 909
72 9 939
72 10 695
72 11 507
72 12 533
72 13 898
72 14 433
72 15 696
72 16 653
72 17 415
72 18 577
72 19 151
72 20 499
72 21 610
72 22 107
72 23 154
72 24 846
72 25 559
72 26 370
72 27 387
72 28 469
72 29 202
72 30 107
72 31 149
72 32 638
72 33 221
72 34 816
72 35 970
72 36 43
72 37 656
72 38 212
72 39 262
72 40 407
72 41 509
72 42 121
72 43 206
72 44 693
72 45 770
72 46 462
72 47 538
72 48 924
72 49 28
72 50 718
72 51 873
72 52 884
72 53 841
72 54 65
72 55 117
72 56 367
72 57 196
72 58 441
72 59 170
72 60 795
72 61 599
72 62 267
72 63 225
72 64 377
72 65 85
72 66 433
72 67 222
72 68 695
72 69 731
72 70 598
72 71 807
72 72 500
73 1 942
73 2 459
73 3 296
73 4 531
73 5 569
73 6 403
73 7 100
73 8 8
73 9 394
73 10 62
73 11 226
73 12 767
73 13 202
73 14 86
73 15 827
73 16 67
73 17 89
73 18 654
73 19 997
73 20 825
73 21 384
73 22 578
73 23 641
73 24 170
73 25 941
73 26 159
73 27 915
73 28 703
73 29 752
73 30 343
73 31 309
73 32 38
73 33 436
73 34 509
73 35 716
73 36 118
73 37 490
73 38 127
73 39 351
73 40 831
73 41 999
73 42 817
73 43 861
73 44 345
73 45 485
73 46 492
73 47 930
73 48 574
73 49 101
73 50 111
73 51 424
73 52 306
73 53 336
73 54 855
73 55 412
73 56 309
73 57 72
73 58 746
73 59 535
73 60 877
73 61 183
73 62 315
73 63 49
73 64 956
73 65 245
73 66 748
73 67 489
73 68 117
73 69 300
73 70 132
73 71 561
73 72 404
73 73 369
74 1 296
74 2 597
74 3 153
74 4 167
74 5 276
74 6 42
74 7 36
74 8 635
74 9 798
74 10 346
74 11 95
74 12 735
74 13 376
74 14 808
74 15 345
74 16 341
74 17 277
74 18 154
74 19 141
74 20 9
74 21 298
74 22 601
74 23 384
74 24 212
74 25 182
74 26 550
74 27 892
74 28 381
74 29 445
74 30 655
74 31 469
74 32 924
74 33 659
74 34 729
74 35 506
74 36 671
74 37 622
74 38 718
74 39 984
74 40 767
74 41 866
74 42 43
74 43 869
74 44 931
74 45 581
74 46 960
74 47 375
74 48 969
74 49 322
74 50 571
74 51 265
74 52 697
74 53 210
74 54 41
74 55 43
74 56 19
74 57 871
74 58 285
74 59 158
74 60 892
74 61 117
74 62 355
74 63 660
74 64 666
74 65 836
74 66 533
74 67 669
74 68 136
74 69 262
74 70 882
74 71 118
74 72 811
74 73 819
74 74 463
75 1 935
75 2 281
75 3 22
75 4 83
75 5 642
75 6 406
75 7 944
75 8 874
75 9 487
75 10 102
75 11 186
75 12 705
75 13 286
75 14 309
75 15 894
75 16 203
75 17 664
75 18 622
75 19 121
75 20 195
75 21 100
75 22 626
75 23 541
75 24 691
75 25 842
75 26 2
75 27 772
75 28 734
75 29 14
75 30 218
75 31 3
75 32 323
75 33 427
75 34 694
75 35 972
75 36 411
75 37 15
75 38 133
75 39 742
75 40 857
75 41 85
75 42 648
75 43 986
75 44 561
75 45 192
75 46 425
75 47 831
75 48 997
75 49 896
75 50 842
75 51 828
75 52 51
75 53 478
75 54 857
75 55 319
75 56 333
75 57 506
75 58 39
75 59 905
75 60 0
75 61 773
75 62 618
75 63 574
75 64 929
75 65 498
75 66 906
75 67 540
75 68 457
75 69 161
75 70 718
75 71 265
75 72 65
75 73 456
75 74 169
75 75 47
76 1 726
76 2 678
76 3 790
76 4 428
76 5 581
76 6 718
76 7 892
76 8 411
76 9 32
76 10 424
76 11 895
76 12 581
76 13 689
76 14 896
76 15 727
76 16 387
76 17 458
76 18 652
76 19 228
76 20 245
76 21 163
76 22 342
76 23 715
76 24 196
76 25 608
76 26 1
76 27 82
76 28 666
76 29 848
76 30 424
76 31 766
76 32 397
76 33 317
76 34 732
76 35 135
76 36 635
76 37 874
76 38 648
76 39 913
76 40 969
76 41 604
76 42 367
76 43 689
76 44 294
76 45 624
76 46 360
76 47 493
76 48 976
76 49 780
76 50 245
76 51 138
76 52 287
76 53 557
76 54 46
76 55 756
76 56 343
76 57 80
76 58 759
76 59 468
76 60 12
76 61 707
76 62 574
76 63 157
76 64 256
76 65 673
76 66 857
76 67 397
76 68 365
76 69 664
76 70 318
76 71 939
76 72 520
76 73 895
76 74 582
76 75 921
76 76 419
77 1 697
77 2 482
77 3 13
77 4 179
77 5 681
77 6 452
77 7 943
77 8 611
77 9 120
77 10 256
77 11 542
77 12 350
77 13 165
77 14 865
77 15 162
77 16 692
77 17 807
77 18 59
77 19 785
77 20 989
77 21 208
77 22 688
77 23 714
77 24 173
77 25 583
77 26 940
77 27 923
77 28 858
77 29 481
77 30 749
77 31 926
77 32 367
77 33 266
77 34 204
77 35 400
77 36 716
77 37 103
77 38 610
77 39 40
77 40 478
77 41 515
77 42 62
77 43 184
77 44 446
77 45 358
77 46 308
77 47 662
77 48 73
77 49 226
77 50 71
77 51 266
77 52 855
77 53 103
77 54 635
77 55 435
77 56 557
77 57 23
77 58 695
77 59 959
77 60 62
77 61 819
77 62 744
77 63 215
77 64 490
77 65 126
77 66 735
77 67 189
77 68 993
77 69 984
77 70 199
77 71 22
77 72 620
77 73 37
77 74 118
77 75 853
77 76 379
77 77 93
78 1 400
78 2 122
78 3 589
78 4 850
78 5 620
78 6 193
78 7 650
78 8 127
78 9 27
78 10 75
78 11 696
78 12 616
78 13 547
78 14 958
78 15 931
78 16 649
78 17 587
78 18 836
78 19 46
78 20 224
78 21 714
78 22 875
78 23 149
78 24 801
78 25 103
78 26 63
78 27 835
78 28 436
78 29 340
78 30 174
78 31 813
78 32 380
78 33 225
78 34 722
78 35 119
78 36 277
78 37 749
78 38 16
78 39 248
78 40 194
78 41 865
78 42 343
78 43 645
78 44 601
78 45 498
78 46 118
78 47 627
78 48 332
78 49 84
78 50 365
78 51 812
78 52 938
78 53 717
78 54 656
78 55 676
78 56 504
78 57 461
78 58 281
78 59 593
78 60 429
78 61 972
78 62 845
78 63 603
78 64 695
78 65 916
78 66 220
78 67 869
78 68 241
78 69 831
78 70 534
78 71 282
78 72 537
78 73 722
78 74 857
78 75 400
78 76 699
78 77 553
78 78 849
79 1 945
79 2 716
79 3 919
79 4 82
79 5 862
79 6 39
79 7 945
79 8 153
79 9 897
79 10 133
79 11 775
79 12 695
79 13 91
79 14 70
79 15 487
79 16 266
79 17 672
79 18 627
79 19 33
79 20 191
79 21 841
79 22 193
79 23 188
79 24 297
79 25 247
79 26 589
79 27 324
79 28 394
79 29 817
79 30 610
79 31 93
79 32 455
79 33 294
79 34 601
79 35 560
79 36 617
79 37 818
79 38 986
79 39 208
79 40 553
79 41 944
79 42 834
79 43 340
79 44 560
79 45 127
79 46 723
79 47 298
79 48 564
79 49 308
79 50 111
79 51 501
79 52 955
79 53 520
79 54 896
79 55 327
79 56 82
79 57 93
79 58 458
79 59 556
79 60 822
79 61 145
79 62 990
79 63 822
79 64 244
79 65 227
79 66 581
79 67 939
79 68 195
79 69 64
79 70 891
79 71 720
79 72 333
79 73 747
79 74 249
79 75 341
79 76 888
79 77 847
79 78 505
79 79 626
78 79 1
77 78 640
76 77 684
75 76 803
74 75 844
73 74 727
72 73 408
71 72 860
70 71 736
69 70 95
68 69 14
67 68 937
66 67 561
65 66 940
64 65 824
63 64 63
62 63 266
61 62 533
60 61 886
59 60 453
58 59 488
57 58 565
56 57 989
55 56 209
54 55 934
53 54 655
52 53 625
51 52 323
50 51 444
49 50 362
48 49 103
47 48 573
46 47 483
45 46 338
44 45 700
43 44 870
42 43 920
41 42 75
40 41 747
39 40 101
38 39 317
37 38 150
36 37 923
35 36 616
34 35 829
33 34 722
32 33 545
31 32 931
30 31 256
29 30 818
28 29 633
27 28 97
26 27 773
25 26 143
24 25 288
23 24 142
22 23 516
21 22 223
20 21 929
19 20 913
18 19 597
17 18 366
16 17 488
15 16 991
14 15 310
13 14 849
12 13 802
11 12 940
10 11 414
9 10 497
8 9 523
7 8 988
6 7 265
5 6 41
4 5 430
3 4 911
2 3 776
1 2 394
0 1 864