18 12 865
18 13 162
18 14 692
18 15 807
18 16 59
18 17 785
18 18 989
19 1 208
19 2 688
19 3 714
19 4 173
19 5 583
19 6 940
19 7 923
19 8 858
19 9 481
19 10 749
19 11 926
19 12 367
19 13 266
19 14 204
19 15 400
19 16 716
19 17 103
19 18 610
19 19 40
20 1 478
20 2 515
20 3 62
20 4 184
20 5 446
20 6 358
20 7 308
20 8 662
20 9 73
20 10 226
20 11 71
20 12 266
20 13 855
20 14 103
20 15 635
20 16 435
20 17 557
20 18 23
20 19 695
20 20 959
21 1 62
21 2 819
21 3 744
21 4 215
21 5 490
21 6 126
21 7 735
21 8 189
21 9 993
21 10 984
21 11 199
21 12 22
21 13 620
21 14 37
21 15 118
21 16 853
21 17 379
21 18 93
21 19 400
21 20 122
21 21 589
22 1 850
22 2 620
22 3 193
22 4 650
22 5 127
22 6 27
22 7 75
22 8 696
22 9 616
22 10 547
22 11 958
22 12 931
22 13 649
22 14 587
22 15 836
22 16 46
22 17 224
22 18 714
22 19 875
22 20 149
22 21 801
22 22 103
23 1 63
23 2 835
23 3 436
23 4 340
23 5 174
23 6 813
23 7 380
23 8 225
23 9 722
23 10 119
23 11 277
23 12 749
23 13 16
23 14 248
23 15 194
23 16 865
23 17 343
23 18 645
23 19 601
23 20 498
23 21 118
23 22 627
23 23 332
24 1 84
24 2 365
24 3 812
24 4 938
24 5 717
24 6 656
24 7 676
24 8 504
24 9 461
24 10 281
24 11 593
24 12 429
24 13 972
24 14 845
24 15 603
24 16 695
24 17 916
24 18 220
24 19 869
24 20 241
24 21 831
24 22 534
24 23 282
24 24 537
25 1 722
25 2 857
25 3 400
25 4 699
25 5 553
25 6 849
25 7 945
25 8 716
25 9 919
25 10 82
25 11 862
25 12 39
25 13 945
25 14 153
25 15 897
25 16 133
25 17 775
25 18 695
25 19 91
25 20 70
25 21 487
25 22 266
25 23 672
25 24 627
25 25 33
26 1 191
26 2 841
26 3 193
26 4 188
26 5 297
26 6 247
26 7 589
26 8 324
26 9 394
26 10 817
26 11 610
26 12 93
26 13 455
26 14 294
26 15 601
26 16 560
26 17 617
26 18 818
26 19 986
26 20 208
26 21 553
26 22 944
26 23 834
26 24 340
26 25 560
26 26 127
27 1 723
27 2 298
27 3 564
27 4 308
27 5 111
27 6 501
27 7 955
27 8 520
27 9 896
27 10 327
27 11 82
27 12 93
27 13 458
27 14 556
27 15 822
27 16 145
27 17 990
27 18 822
27 19 244
27 20 227
27 21 581
27 22 939
27 23 195
27 24 64
27 25 891
27 26 720
27 27 333
28 1 747
28 2 249
28 3 341
28 4 888
28 5 847
28 6 505
28 7 626
28 8 1
28 9 640
28 10 684
28 11 803
28 12 844
28 13 727
28 14 408
28 15 860
28 16 736
28 17 95
28 18 14
28 19 937
28 20 561
28 21 940
28 22 824
28 23 63
28 24 266
28 25 533
28 26 886
28 27 453
28 28 488
29 1 565
29 2 989
29 3 209
29 4 934
29 5 655
29 6 625
29 7 323
29 8 444
29 9 362
29 10 103
29 11 573
29 12 483
29 13 338
29 14 700
29 15 870
29 16 920
29 17 75
29 18 747
29 19 101
29 20 317
29 21 150
29 22 923
29 23 616
29 24 829
29 25 722
29 26 545
29 27 931
29 28 256
29 29 818
28 29 633
27 28 97
26 27 773
25 26 143
24 25 288
23 24 142
22 23 516
21 22 223
20 21 929
19 20 913
18 19 597
17 18 366
16 17 488
15 16 991
14 15 310
13 14 849
12 13 802
11 12 940
10 11 414
9 10 497
8 9 523
7 8 988
6 7 265
5 6 41
4 5 430
3 4 911
2 3 776
1 2 394
0 1 864