520 475 788
520 476 908
520 477 887
520 478 782
520 479 851
520 480 302
520 481 631
520 482 202
520 483 2
520 484 936
520 485 756
520 486 350
520 487 761
520 488 734
520 489 488
520 490 557
520 491 23
520 492 438
520 493 80
520 494 212
520 495 285
520 496 628
520 497 414
520 498 567
520 499 963
520 500 687
520 501 710
520 502 531
520 503 736
520 504 89
520 505 675
520 506 134
520 507 502
520 508 69
520 509 208
520 510 580
520 511 202
520 512 12
520 513 376
520 514 451
520 515 898
520 516 976
520 517 811
520 518 478
520 519 913
520 520 423
521 1 503
521 2 33
521 3 136
521 4 564
521 5 339
521 6 616
521 7 716
521 8 974
521 9 398
521 10 835
521 11 202
521 12 186
521 13 922
521 14 838
521 15 529
521 16 746
521 17 470
521 18 104
521 19 21
521 20 253
521 21 691
521 22 293
521 23 719
521 24 964
521 25 807
521 26 636
521 27 485
521 28 381
521 29 23
521 30 658
521 31 331
521 32 473
521 33 921
521 34 227
521 35 900
521 36 190
521 37 167
521 38 794
521 39 279
521 40 352
521 41 259
521 42 925
521 43 735
521 44 762
521 45 901
521 46 478
521 47 755
521 48 781
521 49 873
521 50 643
521 51 484
521 52 321
521 53 525
521 54 355
521 55 290
521 56 239
521 57 616
521 58 969
521 59 993
521 60 431
521 61 603
521 62 8
521 63 825
521 64 655
521 65 435
521 66 191
521 67 376
521 68 857
521 69 573
521 70 516
521 71 608
521 72 660
521 73 474
521 74 235
521 75 393
521 76 740
521 77 262
521 78 213
521 79 390
521 80 786
521 81 645
521 82 84
521 83 317
521 84 102
521 85 125
521 86 983
521 87 16
521 88 387
521 89 574
521 90 27
521 91 584
521 92 851
521 93 721
521 94 450
521 95 171
521 96 710
521 97 849
521 98 925
521 99 264
521 100 476
521 101 169
521 102 169
521 103 455
521 104 168
521 105 700
521 106 113
521 107 856
521 108 943
521 109 251
521 110 62
521 111 758
521 112 295
521 113 631
521 114 557
521 115 104
521 116 94
521 117 910
521 118 308
521 119 796
521 120 513
521 121 117
521 122 557
521 123 319
521 124 212
521 125 742
521 126 337
521 127 109
521 128 4
521 129 105
521 130 15
521 131 409
521 132 460
521 133 960
521 134 175
521 135 558
521 136 267
521 137 472
521 138 585
521 139 685
521 140 902
521 141 383
521 142 248
521 143 203
521 144 867
521 145 463
521 146 345
521 147 771
521 148 347
521 149 95
521 150 1
521 151 147
521 152 992
521 153 0
521 154 345
521 155 694
521 156 684
521 157 571
521 158 127
521 159 539
521 160 285
521 161 308
521 162 174
521 163 615
521 164 303
521 165 861
521 166 691
521 167 58
521 168 431
521 169 98
521 170 738
521 171 652
521 172 402
521 173 243
521 174 491
521 175 670
521 176 395
521 177 717
521 178 879
521 179 537
521 180 822
521 181 972
521 182 15
521 183 98
521 184 134
521 185 463
521 186 820
521 187 571
521 188 89
521 189 108
521 190 598
521 191 373
521 192 419
521 193 446
521 194 869
521 195 437
521 196 362
521 197 857
521 198 703
521 199 177
521 200 452
521 201 483
521 202 934
521 203 738
521 204 779
521 205 366
521 206 255
521 207 126
521 208 656
521 209 985
521 210 130
521 211 953
521 212 798
521 213 420
521 214 338
521 215 197
521 216 942
521 217 737
521 218 636
521 219 330
521 220 317
521 221 446
521 222 31
521 223 673
521 224 111
521 225 833
521 226 881
521 227 723
521 228 725
521 229 267
521 230 347
521 231 212
521 232 15
521 233 710
521 234 176
521 235 894
521 236 973
521 237 274
521 238 509
521 239 623
521 240 135
521 241 413
521 242 527
521 243 271
521 244 482
521 245 901
521 246 496
521 247 202
521 248 263
521 249 724
521 250 394
521 251 859
521 252 109
521 253 273
521 254 7
521 255 857
521 256 164
521 257 199
521 258 529
521 259 761
521 260 582
521 261 863
521 262 625
521 263 479
521 264 434
521 265 790
521 266 636
521 267 522
521 268 292
521 269 789
521 270 795
521 271 646
521 272 53
521 273 458
521 274 658
521 275 989
521 276 395
521 277 26
521 278 460
521 279 148
521 280 376
521 281 86
521 282 313
521 283 793
521 284 924
521 285 268
521 286 662
521 287 820
521 288 242
521 289 276
521 290 650
521 291 664
521 292 455
521 293 97
521 294 305
521 295 205
521 296 946
521 297 397
521 298 546
521 299 671
521 300 583
521 301 732
521 302 339
521 303 727
521 304 132
521 305 560
521 306 531
521 307 592
521 308 430
521 309 256
521 310 783
521 311 10
521 312 895
521 313 997
521 314 327
521 315 463
521 316 218
521 317 535
521 318 893
521 319 253
521 320 147
521 321 738
521 322 606
521 323 91
521 324 794
521 325 217
521 326 247
521 327 668
521 328 303
521 329 22
521 330 927
521 331 399
521 332 417
521 333 652
521 334 260
521 335 340
521 336 355
521 337 60
521 338 462
521 339 847
521 340 144
521 341 76
521 342 725
521 343 42
521 344 429
521 345 592
521 346 264
521 347 798
521 348 591
521 349 479
521 350 637
521 351 276
521 352 97
521 353 286
521 354 108
521 355 69
521 356 181
521 357 635
521 358 606
521 359 840
521 360 830
521 361 781
521 362 868
521 363 158
521 364 994
521 365 652
521 366 884
521 367 147
521 368 892
521 369 785
521 370 691
521 371 615
521 372 723
521 373 146
521 374 231
521 375 13
521 376 249
521 377 643
521 378 955
521 379 665
521 380 508
521 381 977
521 382 163
521 383 530
521 384 798
521 385 745
521 386 970
521 387 595
521 388 842
521 389 695
521 390 124
521 391 640
521 392 243
521 393 166
521 394 385
521 395 812
521 396 575
521 397 719
521 398 263
521 399 599
521 400 754
521 401 266
521 402 841
521 403 476
521 404 88
521 405 603
521 406 823
521 407 699
521 408 727
521 409 881
521 410 30
521 411 43
521 412 532
521 413 251
521 414 506
521 415 103
521 416 100
521 417 948
521 418 662
521 419 375
521 420 698
521 421 87
521 422 586
521 423 481
521 424 768
521 425 306
521 426 39
521 427 859
521 428 183
521 429 959
521 430 433
521 431 549
521 432 869
521 433 938
521 434 452
521 435 142
521 436 161
521 437 964
521 438 119
521 439 216
521 440 758
521 441 271
521 442 439
521 443 586
521 444 897
521 445 152
521 446 599
521 447 159
521 448 358
521 449 501
521 450 616
521 451 850
521 452 192
521 453 539
521 454 158
521 455 677
521 456 644
521 457 294
521 458 78
521 459 451
521 460 146
521 461 36
521 462 404
521 463 387
521 464 755
521 465 743
521 466 666
521 467 434
521 468 714
521 469 533
521 470 302
521 471 205
521 472 196
521 473 861
521 474 830
521 475 925
521 476 368
521 477 77
521 478 742
521 479 699
521 480 327
521 481 329
521 482 520
521 483 118
521 484 149
521 485 693
521 486 756
521 487 379
521 488 648
521 489 864
521 490 529
521 491 147
521 492 289
521 493 496
521 494 18
521 495 877
521 496 245
521 497 900
521 498 943
521 499 419
521 500 139
521 501 881
521 502 235
521 503 90
521 504 669
521 505 636
521 506 627
521 507 379
521 508 508
521 509 846
521 510 127
521 511 629
521 512 90
521 513 686
521 514 898
521 515 304
521 516 731
521 517 918
521 518 680
521 519 959
521 520 737
521 521 755
522 1 336
522 2 401
522 3 296
522 4 664
522 5 855
522 6 282
522 7 618
522 8 93
522 9 483
522 10 464
522 11 242
522 12 146
522 13 7
522 14 845
522 15 217
522 16 698
522 17 530
522 18 220
522 19 451
522 20 202
522 21 998
522 22 35
522 23 659
522 24 718
522 25 210
522 26 807
522 27 787
522 28 353
522 29 359
522 30 29
522 31 807
522 32 617
522 33 645
522 34 655
522 35 482
522 36 819
522 37 688
522 38 268
522 39 934
522 40 656
522 41 885
522 42 404
522 43 615
522 44 441
522 45 635
522 46 654
522 47 532
522 48 590
522 49 563
522 50 199
522 51 618
522 52 133
522 53 525
522 54 102
522 55 879
522 56 946
522 57 196
522 58 93
522 59 503
522 60 223
522 61 203
522 62 538
522 63 217
522 64 561
522 65 848
522 66 908
522 67 71
522 68 416
522 69 387
522 70 612
522 71 97
522 72 246
522 73 238
522 74 206
522 75 33
522 76 171
522 77 669
522 78 767
522 79 477
522 80 689
522 81 518
522 82 124
522 83 411
522 84 548
522 85 99
522 86 89
522 87 400
522 88 208
522 89 479
522 90 215
522 91 425
522 92 589
522 93 779
522 94 528
522 95 454
522 96 631
522 97 312
522 98 35
522 99 671
522 100 155
522 101 582
522 102 554
522 103 729
522 104 726
522 105 790
522 106 128
522 107 562
522 108 393
522 109 739
522 110 753
522 111 399
522 112 883
522 113 853
522 114 352
522 115 52
522 116 524
522 117 385
522 118 334
522 119 997
522 120 451
522 121 271
522 122 70
522 123 756
522 124 181
522 125 810
522 126 779
522 127 199
522 128 549
522 129 751
522 130 917
522 131 267
522 132 432
522 133 147
522 134 471
522 135 937
522 136 939
522 137 891
522 138 732
522 139 141
522 140 872
522 141 529
522 142 97
522 143 667
522 144 930
522 145 604
522 146 977
522 147 116
522 148 384
522 149 179
522 150 67
522 151 401
522 152 565
522 153 292
522 154 223
522 155 289
522 156 992
522 157 602
522 158 551
522 159 361
522 160 278
522 161 501
522 162 358
522 163 102
522 164 193
522 165 724
522 166 691
522 167 281
522 168 751
522 169 652
522 170 664
522 171 963
522 172 236
522 173 453
522 174 902
522 175 680
522 176 324
522 177 467
522 178 178
522 179 685
522 180 225
522 181 972
522 182 326
522 183 515
522 184 42
522 185 551
522 186 496
522 187 148
522 188 130
522 189 428
522 190 3
522 191 691
522 192 591
522 193 758
522 194 212
522 195 843
522 196 146
522 197 915
522 198 4
522 199 225
522 200 754
522 201 613
522 202 810
522 203 285
522 204 887
522 205 707
522 206 872
522 207 632
522 208 716
522 209 737
522 210 919
522 211 83
522 212 277
522 213 759
522 214 834
522 215 773
522 216 129
522 217 694
522 218 491
522 219 674
522 220 550
522 221 359
522 222 17
522 223 602
522 224 891
522 225 203
522 226 186
522 227 975
522 228 997
522 229 416
522 230 679
522 231 863
522 232 919
522 233 139
522 234 80
522 235 209
522 236 277
522 237 630
522 238 752
522 239 148
522 240 310
522 241 807
522 242 507
522 243 264
522 244 233
522 245 896
522 246 133
522 247 140
522 248 231
522 249 974
522 250 604
522 251 188
522 252 930
522 253 162
522 254 302
522 255 284
522 256 202
522 257 902
522 258 885
522 259 981
522 260 543
522 261 625
522 262 944
522 263 949
522 264 964
522 265 589
522 266 913
522 267 790
522 268 131
522 269 726
522 270 400
522 271 891
522 272 602
522 273 835
522 274 93
522 275 319
522 276 747
522 277 955
522 278 843
522 279 97
522 280 807
522 281 42
522 282 20
522 283 240
522 284 577
522 285 922
522 286 98
522 287 610
522 288 836
522 289 750
522 290 978
522 291 338
522 292 525
522 293 596
522 294 675
522 295 875
522 296 17
522 297 518
522 298 93
522 299 643
522 300 809
522 301 997
522 302 82
522 303 743
522 304 91
522 305 692
522 306 968
522 307 225
522 308 383
522 309 493
522 310 938
522 311 873
522 312 424
522 313 920
522 314 561
522 315 316
522 316 448
522 317 572
522 318 737
522 319 629
522 320 272
522 321 781
522 322 163
522 323 342
522 324 60
522 325 913
522 326 117
522 327 936
522 328 884
522 329 55
522 330 394
522 331 713
522 332 894
522 333 716
522 334 957
522 335 760
522 336 689
522 337 868
522 338 321
522 339 833
522 340 429
522 341 498
522 342 705
522 343 294
522 344 513
522 345 256
522 346 82
522 347 469
522 348 570
522 349 867
522 350 167
522 351 851
522 352 618
522 353 201
522 354 979
522 355 196
522 356 44
522 357 21
522 358 748
522 359 322
522 360 416
522 361 864
522 362 362
522 363 206
522 364 524
522 365 279
522 366 399
522 367 300
522 368 215
522 369 926
522 370 508
522 371 553
522 372 90
522 373 821
522 374 726
522 375 255
522 376 619
522 377 366
522 378 614
522 379 185
522 380 708
522 381 209
522 382 491
522 383 457
522 384 944
522 385 915
522 386 117
522 387 610
522 388 727
522 389 721
522 390 549
522 391 177
522 392 563
522 393 262
522 394 778
522 395 864
522 396 147
522 397 249
522 398 329
522 399 149
522 400 648
522 401 638
522 402 345
522 403 613
522 404 243
522 405 466
522 406 964
522 407 380
522 408 906
522 409 950
522 410 886
522 411 601
522 412 549
522 413 247
522 414 985
522 415 261
522 416 216
522 417 246
522 418 302
522 419 390
522 420 377
522 421 242
522 422 400
522 423 439
522 424 524
522 425 147
522 426 643
522 427 885
522 428 886
522 429 787
522 430 581
522 431 440
522 432 335
522 433 592
522 434 322
522 435 452
522 436 626
522 437 177
522 438 686
522 439 999
522 440 845
522 441 614
522 442 638
522 443 465
522 444 724
522 445 27
522 446 935
522 447 218
522 448 495
522 449 594
522 450 899
522 451 701
522 452 294
522 453 712
522 454 394
522 455 853
522 456 168
522 457 950
522 458 674
522 459 538
522 460 491
522 461 756
522 462 779
522 463 44
522 464 944
522 465 164
522 466 743
522 467 803
522 468 845
522 469 867
522 470 822
522 471 699
522 472 352
522 473 908
522 474 742
522 475 760
522 476 488
522 477 670
522 478 670
522 479 241
522 480 788
522 481 663
522 482 830
522 483 1
522 484 429
522 485 969
522 486 903
522 487 936
522 488 774
522 489 494
522 490 497
522 491 275
522 492 349
522 493 184
522 494 374
522 495 965
522 496 40
522 497 367
522 498 583
522 499 41
522 500 997
522 501 114
522 502 519
522 503 531
522 504 24
522 505 558
522 506 249
522 507 633
522 508 784
522 509 445
522 510 376
522 511 113
522 512 486
522 513 78
522 514 588
522 515 255
522 516 7
522 517 524
522 518 811
522 519 350
522 520 374
522 521 1000
522 522 800
523 1 393
523 2 742
523 3 38
523 4 514
523 5 795
523 6 237
523 7 353
523 8 524
523 9 477
523 10 637
523 11 926
523 12 685
523 13 761
523 14 326
523 15 834
523 16 605
523 17 411
523 18 488
523 19 744
523 20 890
523 21 681
523 22 960
523 23 360
523 24 309
523 25 578
523 26 274
523 27 536
523 28 69
523 29 680
523 30 118
523 31 578
523 32 660
523 33 393
523 34 35
523 35 159
523 36 146
523 37 72
523 38 900
523 39 151
523 40 320
523 41 523
523 42 895
523 43 848
523 44 409
523 45 659
523 46 147
523 47 224
523 48 928
523 49 75
523 50 531
523 51 436
523 52 564
523 53 491
523 54 555
523 55 412
523 56 795
523 57 392
523 58 449
523 59 323
523 60 82
523 61 86
523 62 539
523 63 548
523 64 481
523 65 496
523 66 698
523 67 339
523 68 461
523 69 259
523 70 212
523 71 381
523 72 88
523 73 64
523 74 769
523 75 592
523 76 338
523 77 148
523 78 857
523 79 331
523 80 840
523 81 758
523 82 6
523 83 340
523 84 976
523 85 117
523 86 960
523 87 137
523 88 519
523 89 779
523 90 852
523 91 144
523 92 791
523 93 158
523 94 291
523 95 654
523 96 10
523 97 897
523 98 71
523 99 796
523 100 792
523 101 536
523 102 52
523 103 882
523 104 651
523 105 885
523 106 9
523 107 701
523 108 412
523 109 216
523 110 258
523 111 274
523 112 294
523 113 480
523 114 590
523 115 91
523 116 850
523 117 172
523 118 978
523 119 602
523 120 212
523 121 659
523 122 130
523 123 923
523 124 964
523 125 574
523 126 148
523 127 555
523 128 899
523 129 456
523 130 856
523 131 760
523 132 56
523 133 559
523 134 853
523 135 978
523 136 913
523 137 414
523 138 416
523 139 304
523 140 720
523 141 748
523 142 573
523 143 135
523 144 408
523 145 800
523 146 613
523 147 48
523 148 28
523 149 924
523 150 941
523 151 936
523 152 422
523 153 214
523 154 49
523 155 230
523 156 767
523 157 593
523 158 659
523 159 401
523 160 719
523 161 87
523 162 143
523 163 839
523 164 647
523 165 320
523 166 27
523 167 907
523 168 492
523 169 802
523 170 394
523 171 417
523 172 125
523 173 909
523 174 141
523 175 976
523 176 794
523 177 997
523 178 15
523 179 622
523 180 41
523 181 8
523 182 76
523 183 821
523 184 548
523 185 845
523 186 521
523 187 364
523 188 650
523 189 113
523 190 803
523 191 282
523 192 268
523 193 435
523 194 782
523 195 701
523 196 102
523 197 746
523 198 702
523 199 301
523 200 493
523 201 986
523 202 764
523 203 190
523 204 858
523 205 114
523 206 791
523 207 598
523 208 115
523 209 806
523 210 792
523 211 960
523 212 832
523 213 672
523 214 702
523 215 129
523 216 784
523 217 429
523 218 945
523 219 622
523 220 162
523 221 687
523 222 431
523 223 458
523 224 622
523 225 414
523 226 731
523 227 572
523 228 265
523 229 524
523 230 110
523 231 919
523 232 163
523 233 772
523 234 823
523 235 469
523 236 79
523 237 661
523 238 917
523 239 276
523 240 338
523 241 934
523 242 623
523 243 492
523 244 1000
523 245 497
523 246 280
523 247 764
523 248 672
523 249 323
523 250 141
523 251 994
523 252 347
523 253 62
523 254 731
523 255 193
523 256 633
523 257 846
523 258 948
523 259 641
523 260 938
523 261 648
523 262 339
523 263 317
523 264 429
523 265 87
523 266 514
523 267 138
523 268 953
523 269 663
523 270 663
523 271 661
523 272 32
523 273 618
523 274 918
523 275 446
523 276 55
523 277 2
523 278 927
523 279 232
523 280 881
523 281 932
523 282 963
523 283 642
523 284 600
523 285 417
523 286 517
523 287 605
523 288 626
523 289 154
523 290 673
523 291 508
523 292 183
523 293 814
523 294 188
523 295 326
523 296 201
523 297 393
523 298 942
523 299 891
523 300 213
523 301 756
523 302 361
523 303 279
523 304 544
523 305 608
523 306 14
523 307 176
523 308 786
523 309 25
523 310 716
523 311 118
523 312 800
523 313 442
523 314 596
523 315 89
523 316 363
523 317 878
523 318 371
523 319 756
523 320 511
523 321 842
523 322 402
523 323 241
523 324 841
523 325 985
523 326 317
523 327 891
523 328 851
523 329 171
523 330 950
523 331 938
523 332 622
523 333 21
523 334 16
523 335 672
523 336 690
523 337 9
523 338 274
523 339 831
523 340 624
523 341 369
523 342 677
523 343 988
523 344 928
523 345 177
523 346 632
523 347 189
523 348 917
523 349 962
523 350 221
523 351 894
523 352 845
523 353 1
523 354 965
523 355 812
523 356 262
523 357 876
523 358 105
523 359 611
523 360 206
523 361 18
523 362 70
523 363 707
523 364 469
523 365 263
523 366 991
523 367 198
523 368 747
523 369 808
523 370 53
523 371 539
523 372 666
523 373 928
523 374 467
523 375 308
523 376 443
523 377 265
523 378 349
523 379 939
523 380 487
523 381 663
523 382 846
523 383 856
523 384 518
523 385 933
523 386 796
523 387 544
523 388 921
523 389 774
523 390 529
523 391 611
523 392 827
523 393 143
523 394 521
523 395 171
523 396 526
523 397 271
523 398 221
523 399 441
523 400 193
523 401 240
523 402 863
523 403 578
523 404 775
523 405 834
523 406 690
523 407 305
523 408 513
523 409 916
523 410 712
523 411 410
523 412 592
523 413 405
523 414 389
523 415 617
523 416 653
523 417 873
523 418 357
523 419 339
523 420 934
523 421 717
523 422 828
523 423 960
523 424 303
523 425 838
523 426 486
523 427 142
523 428 450
523 429 308
523 430 484
523 431 347
523 432 406
523 433 623
523 434 204
523 435 875
523 436 853
523 437 957
523 438 751
523 439 826
523 440 490
523 441 23
523 442 136
523 443 259
523 444 704
523 445 657
523 446 513
523 447 304
523 448 986
523 449 849
523 450 375
523 451 366
523 452 682
523 453 359
523 454 151
523 455 612
523 456 13
523 457 296
523 458 521
523 459 901
523 460 641
523 461 614
523 462 137
523 463 677
523 464 779
523 465 918
523 466 796
523 467 727
523 468 461
523 469 254
523 470 456
523 471 709
523 472 68
523 473 828
523 474 523
523 475 54
523 476 874
523 477 779
523 478 46
523 479 878
523 480 214
523 481 758
523 482 248
523 483 600
523 484 161
523 485 780
523 486 913
523 487 78
523 488 743
523 489 264
523 490 405
523 491 677
523 492 353
523 493 996
523 494 422
523 495 282
523 496 690
523 497 461
523 498 405
523 499 763
523 500 248
523 501 764
523 502 984
523 503 10
523 504 83
523 505 915
523 506 844
523 507 920
523 508 11
523 509 545
523 510 88
523 511 876
523 512 129
523 513 105
523 514 505
523 515 538
523 516 546
523 517 394
523 518 217
523 519 397
523 520 517
523 521 390
523 522 171
523 523 421
524 1 63
524 2 204
524 3 867
524 4 926
524 5 808
524 6 471
524 7 739
524 8 21
524 9 759
524 10 725
524 11 814
524 12 876
524 13 888
524 14 817
524 15 306
524 16 792
524 17 536
524 18 253
524 19 762
524 20 172
524 21 697
524 22 595
524 23 853
524 24 902
524 25 131
524 26 573
524 27 776
524 28 249
524 29 160
524 30 966
524 31 722
524 32 904
524 33 947
524 34 427
524 35 739
524 36 840
524 37 884
524 38 238
524 39 185
524 40 27
524 41 557
524 42 256
524 43 564
524 44 190
524 45 148
524 46 807
524 47 308
524 48 818
524 49 226
524 50 154
524 51 255
524 52 207
524 53 365
524 54 536
524 55 874
524 56 908
524 57 726
524 58 168
524 59 59
524 60 949
524 61 959
524 62 714
524 63 482
524 64 441
524 65 413
524 66 274
524 67 288
524 68 511
524 69 252
524 70 539
524 71 127
524 72 423
524 73 538
524 74 370
524 75 771
524 76 914
524 77 15
524 78 448
524 79 983
524 80 131
524 81 925
524 82 187
524 83 844
524 84 100
524 85 315
524 86 83
524 87 244
524 88 31
524 89 392
524 90 488
524 91 827
524 92 723
524 93 236
524 94 52
524 95 533
524 96 173
524 97 383
524 98 433
524 99 125
524 100 725
524 101 459
524 102 910
524 103 501
524 104 545
524 105 827
524 106 932
524 107 320
524 108 973
524 109 259
524 110 230
524 111 596
524 112 287
524 113 428
524 114 397
524 115 804
524 116 57
524 117 611
524 118 265
524 119 143
524 120 529
524 121 708
524 122 909
524 123 869
524 124 254
524 125 725
524 126 802
524 127 49
524 128 294
524 129 669
524 130 560
524 131 324
524 132 320
524 133 677
524 134 999
524 135 891
524 136 78
524 137 275
524 138 865
524 139 653
524 140 8
524 141 855
524 142 23
524 143 32
524 144 293
524 145 715
524 146 689
524 147 447
524 148 643
524 149 246
524 150 303
524 151 178
524 152 331
524 153 474
524 154 607
524 155 82
524 156 125
524 157 418
524 158 851
524 159 544
524 160 514
524 161 424
524 162 91
524 163 459
524 164 885
524 165 354
524 166 567
524 167 525
524 168 206
524 169 281
524 170 728
524 171 170
524 172 117
524 173 822
524 174 299
524 175 14
524 176 626
524 177 86
524 178 35
524 179 331
524 180 972
524 181 800
524 182 723
524 183 893
524 184 315
524 185 335
524 186 838
524 187 676
524 188 85
524 189 0
524 190 788
524 191 794
524 192 680
524 193 574
524 194 283
524 195 131
524 196 321
524 197 848
524 198 476
524 199 221
524 200 205
524 201 872
524 202 560
524 203 997
524 204 356
524 205 916
524 206 996
524 207 738
524 208 275
524 209 161
524 210 356
524 211 449
524 212 763
524 213 715
524 214 623
524 215 206
524 216 408
524 217 235
524 218 984
524 219 679
524 220 710
524 221 181
524 222 222
524 223 724
524 224 856
524 225 571
524 226 99
524 227 355
524 228 228
524 229 800
524 230 860
524 231 532
524 232 35
524 233 496
524 234 131
524 235 600
524 236 881
524 237 76
524 238 533
524 239 106
524 240 584
524 241 257
524 242 69
524 243 776
524 244 809
524 245 978
524 246 427
524 247 574
524 248 628
524 249 101
524 250 352
524 251 140
524 252 339
524 253 264
524 254 883
524 255 652
524 256 22
524 257 839
524 258 507
524 259 929
524 260 165
524 261 14
524 262 565
524 263 527
524 264 346
524 265 61
524 266 554
524 267 554
524 268 844
524 269 762
524 270 194
524 271 652
524 272 822
524 273 630
524 274 382
524 275 298
524 276 352
524 277 118
524 278 393
524 279 270
524 280 278
524 281 644
524 282 32
524 283 253
524 284 440
524 285 722
524 286 121
524 287 31
524 288 906
524 289 145
524 290 779
524 291 136
524 292 985
524 293 958
524 294 680
524 295 621
524 296 444
524 297 119
524 298 24
524 299 893
524 300 746
524 301 394
524 302 327
524 303 445
524 304 490
524 305 539
524 306 978
524 307 64
524 308 496
524 309 577
524 310 598
524 311 641
524 312 323
524 313 158
524 314 45
524 315 91
524 316 958
524 317 270
524 318 604
524 319 843
524 320 233
524 321 347
524 322 949
524 323 518
524 324 763
524 325 393
524 326 391
524 327 224
524 328 858
524 329 899
524 330 285
524 331 457
524 332 607
524 333 112
524 334 264
524 335 476
524 336 157
524 337 376
524 338 524
524 339 981
524 340 884
524 341 602
524 342 28
524 343 886
524 344 991
524 345 628
524 346 244
524 347 827
524 348 785
524 349 23
524 350 762
524 351 85
524 352 319
524 353 368
524 354 775
524 355 631
524 356 429
524 357 208
524 358 15
524 359 770
524 360 504
524 361 748
524 362 993
524 363 619
524 364 80
524 365 67
524 366 550
524 367 556
524 368 389
524 369 316
524 370 501
524 371 928
524 372 658
524 373 543
524 374 139
524 375 684
524 376 983
524 377 4
524 378 648
524 379 215
524 380 553
524 381 421
524 382 809
524 383 894
524 384 583
524 385 599
524 386 422
524 387 874
524 388 89
524 389 212
524 390 415
524 391 21
524 392 47
524 393 721
524 394 376
524 395 913
524 396 215
524 397 553
524 398 724
524 399 475
524 400 973
524 401 403
524 402 958
524 403 976
524 404 159
524 405 769
524 406 116
524 407 772
524 408 225
524 409 150
524 410 68
524 411 479
524 412 866
524 413 325
524 414 679
524 415 449
524 416 400
524 417 448
524 418 734
524 419 365
524 420 863
524 421 570
524 422 381
524 423 167
524 424 196
524 425 701
524 426 505
524 427 346
524 428 699
524 429 906
524 430 293
524 431 649
524 432 661
524 433 946
524 434 435
524 435 528
524 436 775
524 437 988
524 438 882
524 439 111
524 440 700
524 441 676
524 442 229
524 443 624
524 444 690
524 445 895
524 446 453
524 447 248
524 448 137
524 449 63
524 450 44
524 451 0
524 452 201
524 453 748
524 454 569
524 455 325
524 456 863
524 457 618
524 458 926
524 459 499
524 460 248
524 461 33
524 462 451
524 463 612
524 464 218
524 465 951
524 466 584
524 467 679
524 468 920
524 469 505
524 470 632
524 471 705
524 472 648
524 473 155
524 474 444
524 475 596
524 476 608
524 477 871
524 478 729
524 479 555
524 480 945
524 481 531
524 482 187
524 483 335
524 484 741
524 485 192
524 486 533
524 487 849
524 488 698
524 489 778
524 490 908
524 491 347
524 492 984
524 493 790
524 494 821
524 495 970
524 496 805
524 497 48
524 498 400
524 499 171
524 500 196
524 501 508
524 502 421
524 503 192
524 504 694
524 505 399
524 506 479
524 507 921
524 508 784
524 509 164
524 510 824
524 511 636
524 512 890
524 513 342
524 514 37
524 515 351
524 516 158
524 517 60
524 518 968
524 519 125
524 520 689
524 521 646
524 522 530
524 523 955
524 524 307
525 1 192
525 2 89
525 3 700
525 4 534
525 5 851
525 6 992
525 7 152
525 8 951
525 9 954
525 10 613
525 11 497
525 12 668
525 13 368
525 14 290
525 15 451
525 16 233
525 17 144
525 18 486
525 19 488
525 20 259
525 21 246
525 22 439
525 23 229
525 24 456
525 25 793
525 26 782
525 27 981
525 28 414
525 29 565
525 30 6
525 31 909
525 32 740
525 33 457
525 34 24
525 35 420
525 36 957
525 37 793
525 38 492
525 39 359
525 40 254
525 41 464
525 42 239
525 43 883
525 44 841
525 45 839
525 46 343
525 47 517
525 48 578
525 49 80
525 50 386
525 51 260
525 52 426
525 53 131
525 54 347
525 55 560
525 56 465
525 57 182
525 58 481
525 59 458
525 60 914
525 61 521
525 62 127
525 63 486
525 64 932
525 65 709
525 66 108
525 67 573
525 68 123
525 69 512
525 70 520
525 71 431
525 72 206
525 73 327
525 74 675
525 75 999
525 76 586
525 77 212
525 78 388
525 79 139
525 80 674
525 81 790
525 82 635
525 83 145
525 84 708
525 85 24
525 86 279
525 87 105
525 88 731
525 89 105
525 90 967
525 91 257
525 92 94
525 93 529
525 94 610
525 95 137
525 96 656
525 97 464
525 98 693
525 99 345
525 100 846
525 101 376
525 102 720
525 103 355
525 104 596
525 105 29
525 106 275
525 107 977
525 108 630
525 109 42
525 110 783
525 111 999
525 112 390
525 113 215
525 114 446
525 115 0
525 116 826
525 117 486
525 118 391
525 119 425
525 120 950
525 121 232
525 122 239
525 123 948
525 124 181
525 125 549
525 126 68
525 127 425
525 128 866
525 129 636
525 130 918
525 131 532
525 132 1
525 133 868
525 134 202
525 135 477
525 136 758
525 137 83
525 138 204
525 139 934
525 140 957
525 141 620
525 142 619
525 143 841
525 144 119
525 145 132
525 146 4
525 147 547
525 148 391
525 149 8
525 150 44
525 151 975
525 152 239
525 153 28
525 154 372
525 155 715
525 156 816
525 157 185
525 158 115
525 159 182
525 160 334
525 161 742
525 162 205
525 163 269
525 164 95
525 165 416
525 166 41
525 167 789
525 168 589
525 169 49
525 170 441
525 171 990
525 172 840
525 173 232
525 174 972
525 175 912
525 176 403
525 177 324
525 178 483
525 179 94
525 180 1
525 181 700
525 182 530
525 183 322
525 184 238
525 185 498
525 186 318
525 187 514
525 188 408
525 189 691
525 190 225
525 191 632
525 192 848
525 193 579
525 194 1000
525 195 958
525 196 472
525 197 525
525 198 475
525 199 398
525 200 998
525 201 393
525 202 697
525 203 112
525 204 234
525 205 511
525 206 346
525 207 978
525 208 951
525 209 191
525 210 761
525 211 249
525 212 955
525 213 352
525 214 157
525 215 456
525 216 123
525 217 298
525 218 925
525 219 491
525 220 107
525 221 887
525 222 289
525 223 731
525 224 784
525 225 785
525 226 410
525 227 996
525 228 367
525 229 284
525 230 442
525 231 367
525 232 937
525 233 647
525 234 382
525 235 726
525 236 671
525 237 234
525 238 482
525 239 889
525 240 512
525 241 363
525 242 410
525 243 122
525 244 797
525 245 851
525 246 132
525 247 627
525 248 393
525 249 289
525 250 367
525 251 800
525 252 901
525 253 675
525 254 492
525 255 794
525 256 760
525 257 204
525 258 958
525 259 294
525 260 237
525 261 148
525 262 776
525 263 881
525 264 390
525 265 986
525 266 376
525 267 756
525 268 231
525 269 432
525 270 587
525 271 312
525 272 79
525 273 93
525 274 349
525 275 948
525 276 521
525 277 977
525 278 969
525 279 363
525 280 507
525 281 9
525 282 230
525 283 281
525 284 318
525 285 858
525 286 509
525 287 232
525 288 247
525 289 5
525 290 702
525 291 99
525 292 893
525 293 351
525 294 798
525 295 895
525 296 355
525 297 572
525 298 484
525 299 953
525 300 109
525 301 706
525 302 731
525 303 502
525 304 616
525 305 773
525 306 716
525 307 571
525 308 414
525 309 882
525 310 33
525 311 7
525 312 203
525 313 572
525 314 600
525 315 140
525 316 681
525 317 842
525 318 58
525 319 884
525 320 674
525 321 141
525 322 96
525 323 831
525 324 368
525 325 144
525 326 303
525 327 113
525 328 834
525 329 235
525 330 493
525 331 271
525 332 94
525 333 569
525 334 419
525 335 975
525 336 579
525 337 402
525 338 489
525 339 70
525 340 985
525 341 70
525 342 467
525 343 147
525 344 938
525 345 851
525 346 623
525 347 872
525 348 309
525 349 163
525 350 373
525 351 553
525 352 235
525 353 185
525 354 271
525 355 484
525 356 403
525 357 660
525 358 564
525 359 502
525 360 519
525 361 853
525 362 275
525 363 104
525 364 634
525 365 491
525 366 40
525 367 466
525 368 894
525 369 518
525 370 238
525 371 342
525 372 414
525 373 602
525 374 659
525 375 88
525 376 821
525 377 951
525 378 384
525 379 938
525 380 54
525 381 578
525 382 451
525 383 906
525 384 175
525 385 397
525 386 941
525 387 137
525 388 601
525 389 21
525 390 270
525 391 414
525 392 700
525 393 725
525 394 448
525 395 213
525 396 676
525 397 622
525 398 418
525 399 529
525 400 899
525 401 170
525 402 869
525 403 658
525 404 847
525 405 26
525 406 172
525 407 907
525 408 942
525 409 520
525 410 876
525 411 799
525 412 79
525 413 916
525 414 847
525 415 564
525 416 575
525 417 162
525 418 944
525 419 234
525 420 794
525 421 831
525 422 498
525 423 682
525 424 259
525 425 713
525 426 598
525 427 377
525 428 463
525 429 692
525 430 110
525 431 325
525 432 492
525 433 739
525 434 836
525 435 370
525 436 913
525 437 118
525 438 10
525 439 36
525 440 812
525 441 87
525 442 384
525 443 172
525 444 629
525 445 749
525 446 705
525 447 273
525 448 113
525 449 525
525 450 617
525 451 659
525 452 610
525 453 209
525 454 714
525 455 662
525 456 797
525 457 713
525 458 109
525 459 529
525 460 902
525 461 957
525 462 721
525 463 649
525 464 609
525 465 597
525 466 5
525 467 151
525 468 157
525 469 996
525 470 699
525 471 100
525 472 832
525 473 416
525 474 419
525 475 987
525 476 313
525 477 523
525 478 482
525 479 971
525 480 399
525 481 354
525 482 387
525 483 936
525 484 901
525 485 240
525 486 312
525 487 568
525 488 761
525 489 757
525 490 385
525 491 934
525 492 148
525 493 711
525 494 545
525 495 339
525 496 991
525 497 513
525 498 643
525 499 350
525 500 162
525 501 920
525 502 268
525 503 883
525 504 791
525 505 418
525 506 858
525 507 875
525 508 936
525 509 985
525 510 821
525 511 121
525 512 700
525 513 343
525 514 812
525 515 733
525 516 294
525 517 753
525 518 638
525 519 903
525 520 921
525 521 365
525 522 504
525 523 838
525 524 138
525 525 537
526 1 30
526 2 233
526 3 168
526 4 212
526 5 156
526 6 173
526 7 141
526 8 567
526 9 743
526 10 557
526 11 435
526 12 796
526 13 79
526 14 697
526 15 724
526 16 727
526 17 657
526 18 77
526 19 474
526 20 407
526 21 590
526 22 440
526 23 31
526 24 169
526 25 365
526 26 627
526 27 112
526 28 135
526 29 137
526 30 355
526 31 213
526 32 745
526 33 384
526 34 275
526 35 420
526 36 698
526 37 35
526 38 441
526 39 564
526 40 298
526 41 42
526 42 649
526 43 389
526 44 303
526 45 332
526 46 597
526 47 740
526 48 181
526 49 263
526 50 980
526 51 898
526 52 200
526 53 55
526 54 771
526 55 531
526 56 645
526 57 484
526 58 784
526 59 366
526 60 643
526 61 146
526 62 353
526 63 377
526 64 955
526 65 115
526 66 515
526 67 780
526 68 290
526 69 885
526 70 940
526 71 604
526 72 162
526 73 420
526 74 485
526 75 348
526 76 173
526 77 165
526 78 473
526 79 618
526 80 471
526 81 730
526 82 107
526 83 946
526 84 443
526 85 402
526 86 999
526 87 891
526 88 748
526 89 431
526 90 786
526 91 27
526 92 401
526 93 730
526 94 147
526 95 49
526 96 873
526 97 898
526 98 547
526 99 109
526 100 641
526 101 987
526 102 400
526 103 817
526 104 888
526 105 329
526 106 625
526 107 41
526 108 282
526 109 242
526 110 897
526 111 485
526 112 798
526 113 626
526 114 618
526 115 22
526 116 555
526 117 380
526 118 539
526 119 906
526 120 282
526 121 258
526 122 855
526 123 70
526 124 595
526 125 942
526 126 406
526 127 492
526 128 660
526 129 245
526 130 404
526 131 938
526 132 230
526 133 390
526 134 482
526 135 251
526 136 446
526 137 917
526 138 441
526 139 98
526 140 989
526 141 359
526 142 674
526 143 579
526 144 417
526 145 132
526 146 74
526 147 409
526 148 546
526 149 221
526 150 522
526 151 372
526 152 141
526 153 944
526 154 253
526 155 728
526 156 340
526 157 702
526 158 935
526 159 581
526 160 446
526 161 428
526 162 27
526 163 806
526 164 388
526 165 805
526 166 689
526 167 156
526 168 797
526 169 151
526 170 626
526 171 586
526 172 114
526 173 947
526 174 795
526 175 48
526 176 39
526 177 3
526 178 522
526 179 331
526 180 843
526 181 25
526 182 19
526 183 152
526 184 176
526 185 820
526 186 735
526 187 399
526 188 703
526 189 5
526 190 597
526 191 952
526 192 166
526 193 13
526 194 789
526 195 578
526 196 395
526 197 141
526 198 578
526 199 897
526 200 372
526 201 474
526 202 430
526 203 899
526 204 167
526 205 231
526 206 360
526 207 243
526 208 989
526 209 174
526 210 336
526 211 288
526 212 650
526 213 246
526 214 231
526 215 45
526 216 407
526 217 694
526 218 640
526 219 909
526 220 981
526 221 494
526 222 24
526 223 968
526 224 336
526 225 639
526 226 956
526 227 899
526 228 965
526 229 248
526 230 696
526 231 655
526 232 162
526 233 942
526 234 798
526 235 178
526 236 164
526 237 150
526 238 712
526 239 561
526 240 967
526 241 160
526 242 345
526 243 385
526 244 0
526 245 37
526 246 982
526 247 293
526 248 824
526 249 640
526 250 528
526 251 930
526 252 157
526 253 33
526 254 991
526 255 482
526 256 100
526 257 978
526 258 367
526 259 341
526 260 82
526 261 846
526 262 856
526 263 98
526 264 528
526 265 663
526 266 28
526 267 268
526 268 947
526 269 879
526 270 802
526 271 809
526 272 411
526 273 882
526 274 548
526 275 52
526 276 878
526 277 82
526 278 487
526 279 507
526 280 711
526 281 892
526 282 763
526 283 567
526 284 809
526 285 467
526 286 330
526 287 13
526 288 918
526 289 669
526 290 707
526 291 630
526 292 413
526 293 181
526 294 21
526 295 359
526 296 26
526 297 126
526 298 98
526 299 366
526 300 65
526 301 396
526 302 972
526 303 195
526 304 270
526 305 821
526 306 464
526 307 31
526 308 185
526 309 422
526 310 464
526 311 823
526 312 869
526 313 576
526 314 317
526 315 688
526 316 261
526 317 774
526 318 635
526 319 923
526 320 618
526 321 363
526 322 451
526 323 55
526 324 418
526 325 79
526 326 949
526 327 855
526 328 940
526 329 366
526 330 172
526 331 728
526 332 813
526 333 785
526 334 614
526 335 53
526 336 933
526 337 398
526 338 815
526 339 318
526 340 715
526 341 63
526 342 660
526 343 423
526 344 45
526 345 197
526 346 622
526 347 907
526 348 345
526 349 19
526 350 128
526 351 751
526 352 186
526 353 23
526 354 947
526 355 324
526 356 139
526 357 121
526 358 651
526 359 882
526 360 861
526 361 370
526 362 524
526 363 387
526 364 853
526 365 343
526 366 462
526 367 583
526 368 360
526 369 622
526 370 437
526 371 106
526 372 81
526 373 793
526 374 832
526 375 2
526 376 351
526 377 530
526 378 840
526 379 84
526 380 556
526 381 58
526 382 569
526 383 790
526 384 487
526 385 138
526 386 670
526 387 934
526 388 341
526 389 726
526 390 163
526 391 534
526 392 469
526 393 831
526 394 244
526 395 625
526 396 467
526 397 810
526 398 663
526 399 197
526 400 73
526 401 969
526 402 837
526 403 323
526 404 775
526 405 917
526 406 34
526 407 524
526 408 656
526 409 181
526 410 599
526 411 647
526 412 39
526 413 156
526 414 565
526 415 459
526 416 921
526 417 774
526 418 158
526 419 931
526 420 467
526 421 957
526 422 529
526 423 265
526 424 801
526 425 259
526 426 725
526 427 717
526 428 335
526 429 267
526 430 819
526 431 206
526 432 271
526 433 832
526 434 178
526 435 573
526 436 82
526 437 84
526 438 832
526 439 599
526 440 819
526 441 352
526 442 184
526 443 972
526 444 396
526 445 646
526 446 714
526 447 762
526 448 707
526 449 568
526 450 843
526 451 44
526 452 532
526 453 843
526 454 747
526 455 47
526 456 740
526 457 782
526 458 733
526 459 657
526 460 722
526 461 492
526 462 932
526 463 137
526 464 914
526 465 128
526 466 166
526 467 61
526 468 523
526 469 313
526 470 887
526 471 413
526 472 151
526 473 609
526 474 145
526 475 686
526 476 416
526 477 281
526 478 650
526 479 783
526 480 128
526 481 926
526 482 402
526 483 322
526 484 25
526 485 967
526 486 977
526 487 865
526 488 861
526 489 950
526 490 322
526 491 44
526 492 482
526 493 553
526 494 687
526 495 113
526 496 734
526 497 195
526 498 71
526 499 4
526 500 369
526 501 355
526 502 885
526 503 579
526 504 83
526 505 42
526 506 138
526 507 534
526 508 943
526 509 485
526 510 407
526 511 24
526 512 841
526 513 335
526 514 285
526 515 727
526 516 577
526 517 129
526 518 582
526 519 849
526 520 363
526 521 476
526 522 596
526 523 39
526 524 842
526 525 901
526 526 713
527 1 398
527 2 689
527 3 640
527 4 650
527 5 794
527 6 446
527 7 395
527 8 407
527 9 780
527 10 207
527 11 256
527 12 780
527 13 11
527 14 504
527 15 30
527 16 314
527 17 92
527 18 335
527 19 624
527 20 364
527 21 792
527 22 775
527 23 902
527 24 447
527 25 258
527 26 278
527 27 962
527 28 404
527 29 649
527 30 436
527 31 950
527 32 66
527 33 945
527 34 451
527 35 168
527 36 192
527 37 980
527 38 102
527 39 721
527 40 829
527 41 826
527 42 916
527 43 521
527 44 884
527 45 460
527 46 730
527 47 761
527 48 242
527 49 458
527 50 586
527 51 79
527 52 430
527 53 948
527 54 776
527 55 967
527 56 189
527 57 281
527 58 247
527 59 913
527 60 585
527 61 255
527 62 752
527 63 748
527 64 19
527 65 508
527 66 716
527 67 642
527 68 362
527 69 646
527 70 199
527 71 696
527 72 162
527 73 963
527 74 541
527 75 370
527 76 16
527 77 921
527 78 233
527 79 778
527 80 823
527 81 817
527 82 628
527 83 651
527 84 421
527 85 934
527 86 575
527 87 37
527 88 972
527 89 475
527 90 369
527 91 393
527 92 576
527 93 800
527 94 945
527 95 718
527 96 676
527 97 803
527 98 159
527 99 523
527 100 768
527 101 6
527 102 865
527 103 145
527 104 810
527 105 442
527 106 801
527 107 722
527 108 194
527 109 350
527 110 325
527 111 567
527 112 539
527 113 550
527 114 264
527 115 968
527 116 287
527 117 735
527 118 839
527 119 797
527 120 438
527 121 13
527 122 291
527 123 318
527 124 272
527 125 445
527 126 772
527 127 393
527 128 619
527 129 556
527 130 815
527 131 647
527 132 516
527 133 964
527 134 112
527 135 593
527 136 161
527 137 654
527 138 674
527 139 64
527 140 173
527 141 542
527 142 178
527 143 850
527 144 972
527 145 285
527 146 434
527 147 958
527 148 562
527 149 71
527 150 192
527 151 626
527 152 765
527 153 263
527 154 797
527 155 678
527 156 838
527 157 680
527 158 969
527 159 931
527 160 491
527 161 738
527 162 971
527 163 9
527 164 951
527 165 349
527 166 128
527 167 452
527 168 44
527 169 582
527 170 144
527 171 807
527 172 1
527 173 174
527 174 441
527 175 615
527 176 413
527 177 801
527 178 506
527 179 330
527 180 300
527 181 640
527 182 298
527 183 371
527 184 352
527 185 975
527 186 159
527 187 578
527 188 52
527 189 835
527 190 598
527 191 9
527 192 839
527 193 765
527 194 866
527 195 338
527 196 156
527 197 921
527 198 888
527 199 938
527 200 166
527 201 361
527 202 896
527 203 697
527 204 545
527 205 737
527 206 690
527 207 600
527 208 248
527 209 946
527 210 965
527 211 991
527 212 824
527 213 337
527 214 579
527 215 118
527 216 213
527 217 256
527 218 995
527 219 854
527 220 395
527 221 348
527 222 528
527 223 541
527 224 780
527 225 212
527 226 780
527 227 702
527 228 296
527 229 951
527 230 794
527 231 719
527 232 595
527 233 696
527 234 697
527 235 260
527 236 35
527 237 757
527 238 279
527 239 21
527 240 52
527 241 507
527 242 354
527 243 413
527 244 122
527 245 738
527 246 404
527 247 466
527 248 39
527 249 703
527 250 956
527 251 268
527 252 565
527 253 584
527 254 544
527 255 791
527 256 35
527 257 1000
527 258 480
527 259 563
527 260 295
527 261 922
527 262 543
527 263 318
527 264 15
527 265 402
527 266 967
527 267 504
527 268 822
527 269 276
527 270 345
527 271 414
527 272 771
527 273 753
527 274 166
527 275 364
527 276 519
527 277 241
527 278 469
527 279 154
527 280 687
527 281 299
527 282 366
527 283 91
527 284 508
527 285 37
527 286 910
527 287 954
527 288 640
527 289 27
527 290 385
527 291 750
527 292 755
527 293 825
527 294 348
527 295 258
527 296 41
527 297 616
527 298 629
527 299 153
527 300 727
527 301 468
527 302 643
527 303 635
527 304 106
527 305 612
527 306 885
527 307 949
527 308 437
527 309 80
527 310 735
527 311 172
527 312 574
527 313 700
527 314 858
527 315 806
527 316 760
527 317 172
527 318 917
527 319 825
527 320 979
527 321 22
527 322 968
527 323 252
527 324 180
527 325 840
527 326 848
527 327 860
527 328 243
527 329 337
527 330 81
527 331 151
527 332 716
527 333 750
527 334 860
527 335 526
527 336 677
527 337 889
527 338 636
527 339 141
527 340 512
527 341 3
527 342 175
527 343 399
527 344 976
527 345 418
527 346 125
527 347 943
527 348 578
527 349 42
527 350 777
527 351 473
527 352 721
527 353 703
527 354 753
527 355 823
527 356 544
527 357 546
527 358 270
527 359 912
527 360 419
527 361 9
527 362 391
527 363 418
527 364 765
527 365 804
527 366 745
527 367 336
527 368 664
527 369 181
527 370 319
527 371 366
527 372 145
527 373 445
527 374 459
527 375 221
527 376 944
527 377 913
527 378 139
527 379 432
527 380 679
527 381 995
527 382 353
527 383 63
527 384 840
527 385 68
527 386 334
527 387 669
527 388 968
527 389 231
527 390 12
527 391 46
527 392 247
527 393 25
527 394 62
527 395 642
527 396 502
527 397 22
527 398 361
527 399 154
527 400 645
527 401 749
527 402 59
527 403 552
527 404 587
527 405 364
527 406 17
527 407 312
527 408 166
527 409 687
527 410 352
527 411 266
527 412 231
527 413 673
527 414 675
527 415 743
527 416 684
527 417 451
527 418 883
527 419 351
527 420 255
527 421 984
527 422 765
527 423 743
527 424 322
527 425 39
527 426 213
527 427 60
527 428 966
527 429 393
527 430 298
527 431 804
527 432 324
527 433 841
527 434 195
527 435 720
527 436 411
527 437 618
527 438 140
527 439 265
527 440 80
527 441 868
527 442 721
527 443 321
527 444 559
527 445 492
527 446 755
527 447 976
527 448 828
527 449 506
527 450 900
527 451 676
527 452 166
527 453 668
527 454 568
527 455 225
527 456 981
527 457 12
527 458 316
527 459 466
527 460 500
527 461 367
527 462 610
527 463 539
527 464 26
527 465 853
527 466 630
527 467 110
527 468 939
527 469 922
527 470 510
527 471 644
527 472 135
527 473 605
527 474 623
527 475 361
527 476 393
527 477 778
527 478 239
527 479 835
527 480 135
527 481 750
527 482 240
527 483 218
527 484 992
527 485 712
527 486 785
527 487 583
527 488 508
527 489 793
527 490 937
527 491 800
527 492 211
527 493 783
527 494 138
527 495 78
527 496 522
527 497 181
527 498 999
527 499 158
527 500 405
527 501 897
527 502 132
527 503 831
527 504 25
527 505 650
527 506 599
527 507 375
527 508 335
527 509 516
527 510 566
527 511 15
527 512 829
527 513 140
527 514 175
527 515 596
527 516 293
527 517 491
527 518 643
527 519 382
527 520 239
527 521 335
527 522 690
527 523 314
527 524 530
527 525 66
527 526 245
527 527 923
528 1 851
528 2 757
528 3 226
528 4 288
528 5 676
528 6 559
528 7 720
528 8 733
528 9 691
528 10 235
528 11 367
528 12 578
528 13 754
528 14 994
528 15 121
528 16 279
528 17 660
528 18 393
528 19 124
528 20 50
528 21 879
528 22 438
528 23 527
528 24 548
528 25 759
528 26 6
528 27 675
528 28 753
528 29 900
528 30 291
528 31 223
528 32 254
528 33 424
528 34 750
528 35 176
528 36 101
528 37 728
528 38 802
528 39 629
528 40 121
528 41 16
528 42 237
528 43 279
528 44 267
528 45 649
528 46 549
528 47 473
528 48 619
528 49 526
528 50 452
528 51 796
528 52 303
528 53 728
528 54 206
528 55 807
528 56 554
528 57 624
528 58 292
528 59 921
528 60 570
528 61 109
528 62 445
528 63 327
528 64 360
528 65 956
528 66 285
528 67 891
528 68 860
528 69 131
528 70 225
528 71 501
528 72 255
528 73 184
528 74 981
528 75 40
528 76 403
528 77 849
528 78 907
528 79 772
528 80 572
528 81 437
528 82 837
528 83 78
528 84 627
528 85 451
528 86 218
528 87 941
528 88 905
528 89 423
528 90 157
528 91 783
528 92 846
528 93 101
528 94 246
528 95 83
528 96 87
528 97 120
528 98 450
528 99 471
528 100 505
528 101 422
528 102 828
528 103 939
528 104 48
528 105 448
528 106 741
528 107 507
528 108 471
528 109 9
528 110 74
528 111 565
528 112 956
528 113 313
528 114 45
528 115 245
528 116 729
528 117 892
528 118 352
528 119 493
528 120 260
528 121 393
528 122 880
528 123 529
528 124 319
528 125 308
528 126 753
528 127 746
528 128 688
528 129 257
528 130 206
528 131 857
528 132 192
528 133 354
528 134 537
528 135 890
528 136 214
528 137 82
528 138 377
528 139 194
528 140 45
528 141 534
528 142 29
528 143 261
528 144 332
528 145 914
528 146 466
528 147 548
528 148 330
528 149 326
528 150 813
528 151 87
528 152 904
528 153 620
528 154 104
528 155 622
528 156 347
528 157 197
528 158 464
528 159 226
528 160 943
528 161 571
528 162 406
528 163 623
528 164 993
528 165 227
528 166 696
528 167 438
528 168 805
528 169 65
528 170 143
528 171 7
528 172 670
528 173 296
528 174 3
528 175 358
528 176 166
528 177 53
528 178 44
528 179 43
528 180 272
528 181 345
528 182 220
528 183 487
528 184 721
528 185 260
528 186 501
528 187 465
528 188 594
528 189 440
528 190 956
528 191 752
528 192 952
528 193 560
528 194 977
528 195 664
528 196 979
528 197 681
528 198 528
528 199 713
528 200 647
528 201 55
528 202 469
528 203 421
528 204 361
528 205 904
528 206 898
528 207 789
528 208 291
528 209 769
528 210 524
528 211 889
528 212 721
528 213 88
528 214 627
528 215 304
528 216 625
528 217 238
528 218 177
528 219 693
528 220 653
528 221 760
528 222 58
528 223 372
528 224 191
528 225 891
528 226 86
528 227 648
528 228 239
528 229 34
528 230 397
528 231 927
528 232 50
528 233 727
528 234 600
528 235 209
528 236 962
528 237 449
528 238 200
528 239 814
528 240 225
528 241 747
528 242 398
528 243 503
528 244 826
528 245 437
528 246 398
528 247 808
528 248 357
528 249 454
528 250 191
528 251 932
528 252 213
528 253 132
528 254 323
528 255 536
528 256 151
528 257 725
528 258 955
528 259 458
528 260 151
528 261 445
528 262 703
528 263 918
528 264 663
528 265 431
528 266 338
528 267 172
528 268 393
528 269 338
528 270 733
528 271 471
528 272 444
528 273 107
528 274 195
528 275 294
528 276 586
528 277 769
528 278 144
528 279 232
528 280 922
528 281 744
528 282 299
528 283 716
528 284 655
528 285 894
528 286 276
528 287 3
528 288 635
528 289 118
528 290 42
528 291 369
528 292 6
528 293 404
528 294 685
528 295 946
528 296 759
528 297 972
528 298 702
528 299 83
528 300 887
528 301 703
528 302 68
528 303 539
528 304 866
528 305 10
528 306 909
528 307 400
528 308 482
528 309 363
528 310 26
528 311 220
528 312 636
528 313 908
528 314 53
528 315 507
528 316 763
528 317 146
528 318 307
528 319 454
528 320 61
528 321 981
528 322 667
528 323 504
528 324 325
528 325 513
528 326 711
528 327 500
528 328 488
528 329 223
528 330 425
528 331 760
528 332 484
528 333 647
528 334 362
528 335 306
528 336 684
528 337 573
528 338 142
528 339 479
528 340 605
528 341 410
528 342 390
528 343 123
528 344 713
528 345 126
528 346 160
528 347 141
528 348 643
528 349 581
528 350 380
528 351 452
528 352 299
528 353 285
528 354 807
528 355 925
528 356 797
528 357 759
528 358 413
528 359 556
528 360 649
528 361 978
528 362 420
528 363 107
528 364 544
528 365 215
528 366 642
528 367 535
528 368 587
528 369 137
528 370 532
528 371 289
528 372 296
528 373 881
528 374 424
528 375 69
528 376 167
528 377 780
528 378 942
528 379 912
528 380 255
528 381 880
528 382 542
528 383 121
528 384 348
528 385 546
528 386 312
528 387 268
528 388 811
528 389 72
528 390 36
528 391 87
528 392 609
528 393 200
528 394 930
528 395 688
528 396 773
528 397 892
528 398 290
528 399 362
528 400 258
528 401 764
528 402 104
528 403 455
528 404 405
528 405 727
528 406 595
528 407 911
528 408 538
528 409 407
528 410 262
528 411 0
528 412 41
528 413 684
528 414 904
528 415 276
528 416 123
528 417 22
528 418 647
528 419 286
528 420 415
528 421 780
528 422 556
528 423 237
528 424 983
528 425 778
528 426 509
528 427 694
528 428 94
528 429 482
528 430 769
528 431 723
528 432 434
528 433 159
528 434 623
528 435 558
528 436 308
528 437 644
528 438 787
528 439 117
528 440 305
528 441 223
528 442 7
528 443 473
528 444 633
528 445 459
528 446 715
528 447 850
528 448 1
528 449 301
528 450 208
528 451 773
528 452 494
528 453 88
528 454 652
528 455 646
528 456 473
528 457 363
528 458 145
528 459 535
528 460 959
528 461 348
528 462 464
528 463 982
528 464 253
528 465 178
528 466 442
528 467 431
528 468 786
528 469 189
528 470 408
528 471 950
528 472 456
528 473 719
528 474 814
528 475 157
528 476 704
528 477 620
528 478 571
528 479 114
528 480 283
528 481 111
528 482 815
528 483 189
528 484 973
528 485 93
528 486 482
528 487 975
528 488 300
528 489 380
528 490 208
528 491 451
528 492 328
528 493 922
528 494 745
528 495 985
528 496 427
528 497 8
528 498 418
528 499 385
528 500 59
528 501 541
528 502 971
528 503 652
528 504 378
528 505 647
528 506 455
528 507 254
528 508 86
528 509 363
528 510 652
528 511 305
528 512 432
528 513 605
528 514 145
528 515 948
528 516 758
528 517 426
528 518 563
528 519 306
528 520 430
528 521 135
528 522 74
528 523 719
528 524 79
528 525 403
528 526 21
528 527 615
528 528 135
529 1 881
529 2 47
529 3 679
529 4 429
529 5 381
529 6 298
529 7 188
529 8 772
529 9 242
529 10 248
529 11 520
529 12 323
529 13 228
529 14 823
529 15 128
529 16 968
529 17 150
529 18 919
529 19 385
529 20 160
529 21 315
529 22 594
529 23 546
529 24 105
529 25 82
529 26 607
529 27 188
529 28 334
529 29 651
529 30 566
529 31 981
529 32 899
529 33 959
529 34 303
529 35 299
529 36 983
529 37 484
529 38 343
529 39 370
529 40 213
529 41 989
529 42 28
529 43 133
529 44 264
529 45 982
529 46 724
529 47 352
529 48 488
529 49 115
529 50 464
529 51 191
529 52 145
529 53 879
529 54 238
529 55 619
529 56 955
529 57 25
529 58 706
529 59 377
529 60 300
529 61 7
529 62 765
529 63 126
529 64 922
529 65 960
529 66 749
529 67 689
529 68 674
529 69 209
529 70 3
529 71 212
529 72 146
529 73 914
529 74 610
529 75 72
529 76 374
529 77 838
529 78 236
529 79 997
529 80 850
529 81 10
529 82 182
529 83 356
529 84 353
529 85 30
529 86 708
529 87 367
529 88 124
529 89 72
529 90 360
529 91 80
529 92 258
529 93 739
529 94 332
529 95 985
529 96 884
529 97 941
529 98 508
529 99 30
529 100 427
529 101 702
529 102 441
529 103 457
529 104 810
529 105 31
529 106 977
529 107 751
529 108 159
529 109 792
529 110 425
529 111 101
529 112 64
529 113 425
529 114 107
529 115 958
529 116 86
529 117 945
529 118 432
529 119 579
529 120 913
529 121 436
529 122 149
529 123 116
529 124 968
529 125 312
529 126 519
529 127 430
529 128 536
529 129 715
529 130 514
529 131 798
529 132 642
529 133 910
529 134 905
529 135 839
529 136 794
529 137 95
529 138 235
529 139 221
529 140 896
529 141 585
529 142 582
529 143 682
529 144 532
529 145 967
529 146 27
529 147 922
529 148 261
529 149 497
529 150 40
529 151 956
529 152 923
529 153 45
529 154 979
529 155 77
529 156 647
529 157 808
529 158 365
529 159 466
529 160 195
529 161 774
529 162 380
529 163 455
529 164 401
529 165 800
529 166 39
529 167 193
529 168 804
529 169 881
529 170 531
529 171 124
529 172 829
529 173 697
529 174 980
529 175 893
529 176 763
529 177 938
529 178 300
529 179 818
529 180 396
529 181 933
529 182 981
529 183 130
529 184 869
529 185 807
529 186 303
529 187 636
529 188 730
529 189 698
529 190 992
529 191 127
529 192 666
529 193 345
529 194 956
529 195 647
529 196 629
529 197 478
529 198 717
529 199 624
529 200 61
529 201 902
529 202 113
529 203 502
529 204 796
529 205 795
529 206 802
529 207 392
529 208 199
529 209 354
529 210 664
529 211 562
529 212 716
529 213 107
529 214 331
529 215 645
529 216 135
529 217 632
529 218 612
529 219 33
529 220 20
529 221 155
529 222 796
529 223 482
529 224 103
529 225 48
529 226 469
529 227 395
529 228 477
529 229 626
529 230 36
529 231 421
529 232 361
529 233 829
529 234 155
529 235 715
529 236 689
529 237 83
529 238 734
529 239 616
529 240 884
529 241 911
529 242 503
529 243 144
529 244 427
529 245 492
529 246 36
529 247 964
529 248 56
529 249 342
529 250 849
529 251 746
529 252 293
529 253 244
529 254 130
529 255 957
529 256 656
529 257 167
529 258 63
529 259 392
529 260 829
529 261 393
529 262 417
529 263 791
529 264 310
529 265 844
529 266 965
529 267 268
529 268 880
529 269 505
529 270 67
529 271 340
529 272 260
529 273 583
529 274 519
529 275 309
529 276 186
529 277 758
529 278 0
529 279 906
529 280 672
529 281 20
529 282 817
529 283 885
529 284 871
529 285 239
529 286 600
529 287 622
529 288 397
529 289 995
529 290 810
529 291 865
529 292 493
529 293 995
529 294 845
529 295 427
529 296 612
529 297 922
529 298 548
529 299 296
529 300 211
529 301 772
529 302 927
529 303 436
529 304 764
529 305 78
529 306 614
529 307 776
529 308 530
529 309 824
529 310 813
529 311 694
529 312 92
529 313 587
529 314 34
529 315 514
529 316 542
529 317 922
529 318 391
529 319 517
529 320 380
529 321 991
529 322 471
529 323 671
529 324 889
529 325 152
529 326 819
529 327 164
529 328 882
529 329 338
529 330 459
529 331 864
529 332 777
529 333 15
529 334 307
529 335 41
529 336 133
529 337 230
529 338 67
529 339 40
529 340 937
529 341 889
529 342 528
529 343 86
529 344 819
529 345 67
529 346 481
529 347 826
529 348 723
529 349 735
529 350 301
529 351 596
529 352 388
529 353 862
529 354 159
529 355 802
529 356 617
529 357 263
529 358 895
529 359 151
529 360 537
529 361 36
529 362 329
529 363 837
529 364 325
529 365 920
529 366 764
529 367 985
529 368 722
529 369 348
529 370 9
529 371 224
529 372 953
529 373 624
529 374 555
529 375 206
529 376 895
529 377 686
529 378 650
529 379 510
529 380 510
529 381 853
529 382 330
529 383 909
529 384 939
529 385 695
529 386 507
529 387 533
529 388 898
529 389 433
529 390 696
529 391 653
529 392 415
529 393 577
529 394 151
529 395 499
529 396 610
529 397 107
529 398 154
529 399 846
529 400 559
529 401 370
529 402 387
529 403 469
529 404 202
529 405 107
529 406 149
529 407 638
529 408 221
529 409 816
529 410 970
529 411 43
529 412 656
529 413 212
529 414 262
529 415 407
529 416 509
529 417 121
529 418 206
529 419 693
529 420 770
529 421 462
529 422 538
529 423 924
529 424 28
529 425 718
529 426 873
529 427 884
529 428 841
529 429 65
529 430 117
529 431 367
529 432 196
529 433 441
529 434 170
529 435 795
529 436 599
529 437 267
529 438 225
529 439 377
529 440 85
529 441 433
529 442 222
529 443 695
529 444 731
529 445 598
529 446 807
529 447 500
529 448 942
529 449 459
529 450 296
529 451 531
529 452 569
529 453 403
529 454 100
529 455 8
529 456 394
529 457 62
529 458 226
529 459 767
529 460 202
529 461 86
529 462 827
529 463 67
529 464 89
529 465 654
529 466 997
529 467 825
529 468 384
529 469 578
529 470 641
529 471 170
529 472 941
529 473 159
529 474 915
529 475 703
529 476 752
529 477 343
529 478 309
529 479 38
529 480 436
529 481 509
529 482 716
529 483 118
529 484 490
529 485 127
529 486 351
529 487 831
529 488 999
529 489 817
529 490 861
529 491 345
529 492 485
529 493 492
529 494 930
529 495 574
529 496 101
529 497 111
529 498 424
529 499 306
529 500 336
529 501 855
529 502 412
529 503 309
529 504 72
529 505 746
529 506 535
529 507 877
529 508 183
529 509 315
529 510 49
529 511 956
529 512 245
529 513 748
529 514 489
529 515 117
529 516 300
529 517 132
529 518 561
529 519 404
529 520 369
529 521 296
529 522 597
529 523 153
529 524 167
529 525 276
529 526 42
529 527 36
529 528 635
529 529 798
528 529 346
527 528 95
526 527 735
525 526 376
524 525 808
523 524 345
522 523 341
521 522 277
520 521 154
519 520 141
518 519 9
517 518 298
516 517 601
515 516 384
514 515 212
513 514 182
512 513 550
511 512 892
510 511 381
509 510 445
508 509 655
507 508 469
506 507 924
505 506 659
504 505 729
503 504 506
502 503 671
501 502 622
500 501 718
499 500 984
498 499 767
497 498 866
496 497 43
495 496 869
494 495 931
493 494 581
492 493 960
491 492 375
490 491 969
489 490 322
488 489 571
487 488 265
486 487 697
485 486 210
484 485 41
483 484 43
482 483 19
481 482 871
480 481 285
479 480 158
478 479 892
477 478 117
476 477 355
475 476 660
474 475 666
473 474 836
472 473 533
471 472 669
470 471 136
469 470 262
468 469 882
467 468 118
466 467 811
465 466 819
464 465 463
463 464 935
462 463 281
461 462 22
460 461 83
459 460 642
458 459 406
457 458 944
456 457 874
455 456 487
454 455 102
453 454 186
452 453 705
451 452 286
450 451 309
449 450 894
448 449 203
447 448 664
446 447 622
445 446 121
444 445 195
443 444 100
442 443 626
441 442 541
440 441 691
439 440 842
438 439 2
437 438 772
436 437 734
435 436 14
434 435 218
433 434 3
432 433 323
431 432 427
430 431 694
429 430 972
428 429 411
427 428 15
426 427 133
425 426 742
424 425 857
423 424 85
422 423 648
421 422 986
420 421 561
419 420 192
418 419 425
417 418 831
416 417 997
415 416 896
414 415 842
413 414 828
412 413 51
411 412 478
410 411 857
409 410 319
408 409 333
407 408 506
406 407 39
405 406 905
404 405 0
403 404 773
402 403 618
401 402 574
400 401 929
399 400 498
398 399 906
397 398 540
396 397 457
395 396 161
394 395 718
393 394 265
392 393 65
391 392 456
390 391 169
389 390 47
388 389 726
387 388 678
386 387 790
385 386 428
384 385 581
383 384 718
382 383 892
381 382 411
380 381 32
379 380 424
378 379 895
377 378 581
376 377 689
375 376 896
374 375 727
373 374 387
372 373 458
371 372 652
370 371 228
369 370 245
368 369 163
367 368 342
366 367 715
365 366 196
364 365 608
363 364 1
362 363 82
361 362 666
360 361 848
359 360 424
358 359 766
357 358 397
356 357 317
355 356 732
354 355 135
353 354 635
352 353 874
351 352 648
350 351 913
349 350 969
348 349 604
347 348 367
346 347 689
345 346 294
344 345 624
343 344 360
342 343 493
341 342 976
340 341 780
339 340 245
338 339 138
337 338 287
336 337 557
335 336 46
334 335 756
333 334 343
332 333 80
331 332 759
330 331 468
329 330 12
328 329 707
327 328 574
326 327 157
325 326 256
324 325 673
323 324 857
322 323 397
321 322 365
320 321 664
319 320 318
318 319 939
317 318 520
316 317 895
315 316 582
314 315 921
313 314 419
312 313 697
311 312 482
310 311 13
309 310 179
308 309 681
307 308 452
306 307 943
305 306 611
304 305 120
303 304 256
302 303 542
301 302 350
300 301 165
299 300 865
298 299 162
297 298 692
296 297 807
295 296 59
294 295 785
293 294 989
292 293 208
291 292 688
290 291 714
289 290 173
288 289 583
287 288 940
286 287 923
285 286 858
284 285 481
283 284 749
282 283 926
281 282 367
280 281 266
279 280 204
278 279 400
277 278 716
276 277 103
275 276 610
274 275 40
273 274 478
272 273 515
271 272 62
270 271 184
269 270 446
268 269 358
267 268 308
266 267 662
265 266 73
264 265 226
263 264 71
262 263 266
261 262 855
260 261 103
259 260 635
258 259 435
257 258 557
256 257 23
255 256 695
254 255 959
253 254 62
252 253 819
251 252 744
250 251 215
249 250 490
248 249 126
247 248 735
246 247 189
245 246 993
244 245 984
243 244 199
242 243 22
241 242 620
240 241 37
239 240 118
238 239 853
237 238 379
236 237 93
235 236 400
234 235 122
233 234 589
232 233 850
231 232 620
230 231 193
229 230 650
228 229 127
227 228 27
226 227 75
225 226 696
224 225 616
223 224 547
222 223 958
221 222 931
220 221 649
219 220 587
218 219 836
217 218 46
216 217 224
215 216 714
214 215 875
213 214 149
212 213 801
211 212 103
210 211 63
209 210 835
208 209 436
207 208 340
206 207 174
205 206 813
204 205 380
203 204 225
202 203 722
201 202 119
200 201 277
199 200 749
198 199 16
197 198 248
196 197 194
195 196 865
194 195 343
193 194 645
192 193 601
191 192 498
190 191 118
189 190 627
188 189 332
187 188 84
186 187 365
185 186 812
184 185 938
183 184 717
182 183 656
181 182 676
180 181 504
179 180 461
178 179 281
177 178 593
176 177 429
175 176 972
174 175 845
173 174 603
172 173 695
171 172 916
170 171 220
169 170 869
168 169 241
167 168 831
166 167 534
165 166 282
164 165 537
163 164 722
162 163 857
161 162 400
160 161 699
159 160 553
158 159 849
157 158 945
156 157 716
155 156 919
154 155 82
153 154 862
152 153 39
151 152 945
150 151 153
149 150 897
148 149 133
147 148 775
146 147 695
145 146 91
144 145 70
143 144 487
142 143 266
141 142 672
140 141 627
139 140 33
138 139 191
137 138 841
136 137 193
135 136 188
134 135 297
133 134 247
132 133 589
131 132 324
130 131 394
129 130 817
128 129 610
127 128 93
126 127 455
125 126 294
124 125 601
123 124 560
122 123 617
121 122 818
120 121 986
119 120 208
118 119 553
117 118 944
116 117 834
115 116 340
114 115 560
113 114 127
112 113 723
111 112 298
110 111 564
109 110 308
108 109 111
107 108 501
106 107 955
105 106 520
104 105 896
103 104 327
102 103 82
101 102 93
100 101 458
99 100 556
98 99 822
97 98 145
96 97 990
95 96 822
94 95 244
93 94 227
92 93 581
91 92 939
90 91 195
89 90 64
88 89 891
87 88 720
86 87 333
85 86 747
84 85 249
83 84 341
82 83 888
81 82 847
80 81 505
79 80 626
78 79 1
77 78 640
76 77 684
75 76 803
74 75 844
73 74 727
72 73 408
71 72 860
70 71 736
69 70 95
68 69 14
67 68 937
66 67 561
65 66 940
64 65 824
63 64 63
62 63 266
61 62 533
60 61 886
59 60 453
58 59 488
57 58 565
56 57 989
55 56 209
54 55 934
53 54 655
52 53 625
51 52 323
50 51 444
49 50 362
48 49 103
47 48 573
46 47 483
45 46 338
44 45 700
43 44 870
42 43 920
41 42 75
40 41 747
39 40 101
38 39 317
37 38 150
36 37 923
35 36 616
34 35 829
33 34 722
32 33 545
31 32 931
30 31 256
29 30 818
28 29 633
27 28 97
26 27 773
25 26 143
24 25 288
23 24 142
22 23 516
21 22 223
20 21 929
19 20 913
18 19 597
17 18 366
16 17 488
15 16 991
14 15 310
13 14 849
12 13 802
11 12 940
10 11 414
9 10 497
8 9 523
7 8 988
6 7 265
5 6 41
4 5 430
3 4 911
2 3 776
1 2 394
0 1 864