1 2 0
2 1 0
1 3 1
3 1 1
1 4 2
4 1 2
1 5 3
5 1 3
1 6 4
6 1 4
1 7 5
7 1 5
1 8 6
8 1 6
1 9 7
9 1 7
1 10 8
10 1 8
1 11 9
11 1 9
1 12 10
12 1 10
1 13 11
13 1 11
1 14 12
14 1 12
1 15 13
15 1 13
1 16 14
16 1 14
1 17 15
17 1 15
1 18 16
18 1 16
1 19 17
19 1 17
1 20 18
20 1 18
1 21 19
21 1 19
1 22 20
22 1 20
1 23 21
23 1 21
1 24 22
24 1 22
1 25 23
25 1 23
1 26 24
26 1 24
1 27 25
27 1 25
1 28 26
28 1 26
1 29 27
29 1 27
1 30 28
30 1 28
1 31 29
31 1 29
1 32 30
32 1 30
1 33 31
33 1 31
1 34 32
34 1 32
1 35 33
35 1 33
1 36 34
36 1 34
1 37 35
37 1 35
1 38 36
38 1 36
1 39 37
39 1 37
1 40 38
40 1 38
1 41 39
41 1 39
1 42 40
42 1 40
1 43 41
43 1 41
1 44 42
44 1 42
1 45 43
45 1 43
1 46 44
46 1 44
1 47 45
47 1 45
1 48 46
48 1 46
1 49 47
49 1 47
1 50 48
50 1 48
1 51 49
51 1 49
1 52 50
52 1 50
1 53 51
53 1 51
1 54 52
54 1 52
2 3 0
3 2 0
2 4 1
4 2 1
2 5 2
5 2 2
2 6 3
6 2 3
2 7 4
7 2 4
2 8 5
8 2 5
2 9 6
9 2 6
2 10 7
10 2 7
2 11 8
11 2 8
2 12 9
12 2 9
2 13 10
13 2 10
2 14 11
14 2 11
2 15 12
15 2 12
2 16 13
16 2 13
2 17 14
17 2 14
2 18 15
18 2 15
2 19 16
19 2 16
2 20 17
20 2 17
2 21 18
21 2 18
2 22 19
22 2 19
2 23 20
23 2 20
2 24 21
24 2 21
2 25 22
25 2 22
2 26 23
26 2 23
2 27 24
27 2 24
2 28 25
28 2 25
2 29 26
29 2 26
2 30 27
30 2 27
2 31 28
31 2 28
2 32 29
32 2 29
2 33 30
33 2 30
2 34 31
34 2 31
2 35 32
35 2 32
2 36 33
36 2 33
2 37 34
37 2 34
2 38 35
38 2 35
2 39 36
39 2 36
2 40 37
40 2 37
2 41 38
41 2 38
2 42 39
42 2 39
2 43 40
43 2 40
2 44 41
44 2 41
2 45 42
45 2 42
2 46 43
46 2 43
2 47 44
47 2 44
2 48 45
48 2 45
2 49 46
49 2 46
2 50 47
50 2 47
2 51 48
51 2 48
2 52 49
52 2 49
2 53 50
53 2 50
2 54 51
54 2 51
3 4 0
4 3 0
3 5 1
5 3 1
3 6 2
6 3 2
3 7 3
7 3 3
3 8 4
8 3 4
3 9 5
9 3 5
3 10 6
10 3 6
3 11 7
11 3 7
3 12 8
12 3 8
3 13 9
13 3 9
3 14 10
14 3 10
3 15 11
15 3 11
3 16 12
16 3 12
3 17 13
17 3 13
3 18 14
18 3 14
3 19 15
19 3 15
3 20 16
20 3 16
3 21 17
21 3 17
3 22 18
22 3 18
3 23 19
23 3 19
3 24 20
24 3 20
3 25 21
25 3 21
3 26 22
26 3 22
3 27 23
27 3 23
3 28 24
28 3 24
3 29 25
29 3 25
3 30 26
30 3 26
3 31 27
31 3 27
3 32 28
32 3 28
3 33 29
33 3 29
3 34 30
34 3 30
3 35 31
35 3 31
3 36 32
36 3 32
3 37 33
37 3 33
3 38 34
38 3 34
3 39 35
39 3 35
3 40 36
40 3 36
3 41 37
41 3 37
3 42 38
42 3 38
3 43 39
43 3 39
3 44 40
44 3 40
3 45 41
45 3 41
3 46 42
46 3 42
3 47 43
47 3 43
3 48 44
48 3 44
3 49 45
49 3 45
3 50 46
50 3 46
3 51 47
51 3 47
3 52 48
52 3 48
3 53 49
53 3 49
3 54 50
54 3 50
4 5 0
5 4 0
4 6 1
6 4 1
4 7 2
7 4 2
4 8 3
8 4 3
4 9 4
9 4 4
4 10 5
10 4 5
4 11 6
11 4 6
4 12 7
12 4 7
4 13 8
13 4 8
4 14 9
14 4 9
4 15 10
15 4 10
4 16 11
16 4 11
4 17 12
17 4 12
4 18 13
18 4 13
4 19 14
19 4 14
4 20 15
20 4 15
4 21 16
21 4 16
4 22 17
22 4 17
4 23 18
23 4 18
4 24 19
24 4 19
4 25 20
25 4 20
4 26 21
26 4 21
4 27 22
27 4 22
4 28 23
28 4 23
4 29 24
29 4 24
4 30 25
30 4 25
4 31 26
31 4 26
4 32 27
32 4 27
4 33 28
33 4 28
4 34 29
34 4 29
4 35 30
35 4 30
4 36 31
36 4 31
4 37 32
37 4 32
4 38 33
38 4 33
4 39 34
39 4 34
4 40 35
40 4 35
4 41 36
41 4 36
4 42 37
42 4 37
4 43 38
43 4 38
4 44 39
44 4 39
4 45 40
45 4 40
4 46 41
46 4 41
4 47 42
47 4 42
4 48 43
48 4 43
4 49 44
49 4 44
4 50 45
50 4 45
4 51 46
51 4 46
4 52 47
52 4 47
4 53 48
53 4 48
4 54 49
54 4 49
5 6 0
6 5 0
5 7 1
7 5 1
5 8 2
8 5 2
5 9 3
9 5 3
5 10 4
10 5 4
5 11 5
11 5 5
5 12 6
12 5 6
5 13 7
13 5 7
5 14 8
14 5 8
5 15 9
15 5 9
5 16 10
16 5 10
5 17 11
17 5 11
5 18 12
18 5 12
5 19 13
19 5 13
5 20 14
20 5 14
5 21 15
21 5 15
5 22 16
22 5 16
5 23 17
23 5 17
5 24 18
24 5 18
5 25 19
25 5 19
5 26 20
26 5 20
5 27 21
27 5 21
5 28 22
28 5 22
5 29 23
29 5 23
5 30 24
30 5 24
5 31 25
31 5 25
5 32 26
32 5 26
5 33 27
33 5 27
5 34 28
34 5 28
5 35 29
35 5 29
5 36 30
36 5 30
5 37 31
37 5 31
5 38 32
38 5 32
5 39 33
39 5 33
5 40 34
40 5 34
5 41 35
41 5 35
5 42 36
42 5 36
5 43 37
43 5 37
5 44 38
44 5 38
5 45 39
45 5 39
5 46 40
46 5 40
5 47 41
47 5 41
5 48 42
48 5 42
5 49 43
49 5 43
5 50 44
50 5 44
5 51 45
51 5 45
5 52 46
52 5 46
5 53 47
53 5 47
5 54 48
54 5 48
6 7 0
7 6 0
6 8 1
8 6 1
6 9 2
9 6 2
6 10 3
10 6 3
6 11 4
11 6 4
6 12 5
12 6 5
6 13 6
13 6 6
6 14 7
14 6 7
6 15 8
15 6 8
6 16 9
16 6 9
6 17 10
17 6 10
6 18 11
18 6 11
6 19 12
19 6 12
6 20 13
20 6 13
6 21 14
21 6 14
6 22 15
22 6 15
6 23 16
23 6 16
6 24 17
24 6 17
6 25 18
25 6 18
6 26 19
26 6 19
6 27 20
27 6 20
6 28 21
28 6 21
6 29 22
29 6 22
6 30 23
30 6 23
6 31 24
31 6 24
6 32 25
32 6 25
6 33 26
33 6 26
6 34 27
34 6 27
6 35 28
35 6 28
6 36 29
36 6 29
6 37 30
37 6 30
6 38 31
38 6 31
6 39 32
39 6 32
6 40 33
40 6 33
6 41 34
41 6 34
6 42 35
42 6 35
6 43 36
43 6 36
6 44 37
44 6 37
6 45 38
45 6 38
6 46 39
46 6 39
6 47 40
47 6 40
6 48 41
48 6 41
6 49 42
49 6 42
6 50 43
50 6 43
6 51 44
51 6 44
6 52 45
52 6 45
6 53 46
53 6 46
6 54 47
54 6 47
7 8 0
8 7 0
7 9 1
9 7 1
7 10 2
10 7 2
7 11 3
11 7 3
7 12 4
12 7 4
7 13 5
13 7 5
7 14 6
14 7 6
7 15 7
15 7 7
7 16 8
16 7 8
7 17 9
17 7 9
7 18 10
18 7 10
7 19 11
19 7 11
7 20 12
20 7 12
7 21 13
21 7 13
7 22 14
22 7 14
7 23 15
23 7 15
7 24 16
24 7 16
7 25 17
25 7 17
7 26 18
26 7 18
7 27 19
27 7 19
7 28 20
28 7 20
7 29 21
29 7 21
7 30 22
30 7 22
7 31 23
31 7 23
7 32 24
32 7 24
7 33 25
33 7 25
7 34 26
34 7 26
7 35 27
35 7 27
7 36 28
36 7 28
7 37 29
37 7 29
7 38 30
38 7 30
7 39 31
39 7 31
7 40 32
40 7 32
7 41 33
41 7 33
7 42 34
42 7 34
7 43 35
43 7 35
7 44 36
44 7 36
7 45 37
45 7 37
7 46 38
46 7 38
7 47 39
47 7 39
7 48 40
48 7 40
7 49 41
49 7 41
7 50 42
50 7 42
7 51 43
51 7 43
7 52 44
52 7 44
7 53 45
53 7 45
7 54 46
54 7 46
8 9 0
9 8 0
8 10 1
10 8 1
8 11 2
11 8 2
8 12 3
12 8 3
8 13 4
13 8 4
8 14 5
14 8 5
8 15 6
15 8 6
8 16 7
16 8 7
8 17 8
17 8 8
8 18 9
18 8 9
8 19 10
19 8 10
8 20 11
20 8 11
8 21 12
21 8 12
8 22 13
22 8 13
8 23 14
23 8 14
8 24 15
24 8 15
8 25 16
25 8 16
8 26 17
26 8 17
8 27 18
27 8 18
8 28 19
28 8 19
8 29 20
29 8 20
8 30 21
30 8 21
8 31 22
31 8 22
8 32 23
32 8 23
8 33 24
33 8 24
8 34 25
34 8 25
8 35 26
35 8 26
8 36 27
36 8 27
8 37 28
37 8 28
8 38 29
38 8 29
8 39 30
39 8 30
8 40 31
40 8 31
8 41 32
41 8 32
8 42 33
42 8 33
8 43 34
43 8 34
8 44 35
44 8 35
8 45 36
45 8 36
8 46 37
46 8 37
8 47 38
47 8 38
8 48 39
48 8 39
8 49 40
49 8 40
8 50 41
50 8 41
8 51 42
51 8 42
8 52 43
52 8 43
8 53 44
53 8 44
8 54 45
54 8 45
9 10 0
10 9 0
9 11 1
11 9 1
9 12 2
12 9 2
9 13 3
13 9 3
9 14 4
14 9 4
9 15 5
15 9 5
9 16 6
16 9 6
9 17 7
17 9 7
9 18 8
18 9 8
9 19 9
19 9 9
9 20 10
20 9 10
9 21 11
21 9 11
9 22 12
22 9 12
9 23 13
23 9 13
9 24 14
24 9 14
9 25 15
25 9 15
9 26 16
26 9 16
9 27 17
27 9 17
9 28 18
28 9 18
9 29 19
29 9 19
9 30 20
30 9 20
9 31 21
31 9 21
9 32 22
32 9 22
9 33 23
33 9 23
9 34 24
34 9 24
9 35 25
35 9 25
9 36 26
36 9 26
9 37 27
37 9 27
9 38 28
38 9 28
9 39 29
39 9 29
9 40 30
40 9 30
9 41 31
41 9 31
9 42 32
42 9 32
9 43 33
43 9 33
9 44 34
44 9 34
9 45 35
45 9 35
9 46 36
46 9 36
9 47 37
47 9 37
9 48 38
48 9 38
9 49 39
49 9 39
9 50 40
50 9 40
9 51 41
51 9 41
9 52 42
52 9 42
9 53 43
53 9 43
9 54 44
54 9 44
10 11 0
11 10 0
10 12 1
12 10 1
10 13 2
13 10 2
10 14 3
14 10 3
10 15 4
15 10 4
10 16 5
16 10 5
10 17 6
17 10 6
10 18 7
18 10 7
10 19 8
19 10 8
10 20 9
20 10 9
10 21 10
21 10 10
10 22 11
22 10 11
10 23 12
23 10 12
10 24 13
24 10 13
10 25 14
25 10 14
10 26 15
26 10 15
10 27 16
27 10 16
10 28 17
28 10 17
10 29 18
29 10 18
10 30 19
30 10 19
10 31 20
31 10 20
10 32 21
32 10 21
10 33 22
33 10 22
10 34 23
34 10 23
10 35 24
35 10 24
10 36 25
36 10 25
10 37 26
37 10 26
10 38 27
38 10 27
10 39 28
39 10 28
10 40 29
40 10 29
10 41 30
41 10 30
10 42 31
42 10 31
10 43 32
43 10 32
10 44 33
44 10 33
10 45 34
45 10 34
10 46 35
46 10 35
10 47 36
47 10 36
10 48 37
48 10 37
10 49 38
49 10 38
10 50 39
50 10 39
10 51 40
51 10 40
10 52 41
52 10 41
10 53 42
53 10 42
10 54 43
54 10 43
11 12 0
12 11 0
11 13 1
13 11 1
11 14 2
14 11 2
11 15 3
15 11 3
11 16 4
16 11 4
11 17 5
17 11 5
11 18 6
18 11 6
11 19 7
19 11 7
11 20 8
20 11 8
11 21 9
21 11 9
11 22 10
22 11 10
11 23 11
23 11 11
11 24 12
24 11 12
11 25 13
25 11 13
11 26 14
26 11 14
11 27 15
27 11 15
11 28 16
28 11 16
11 29 17
29 11 17
11 30 18
30 11 18
11 31 19
31 11 19
11 32 20
32 11 20
11 33 21
33 11 21
11 34 22
34 11 22
11 35 23
35 11 23
11 36 24
36 11 24
11 37 25
37 11 25
11 38 26
38 11 26
11 39 27
39 11 27
11 40 28
40 11 28
11 41 29
41 11 29
11 42 30
42 11 30
11 43 31
43 11 31
11 44 32
44 11 32
11 45 33
45 11 33
11 46 34
46 11 34
11 47 35
47 11 35
11 48 36
48 11 36
11 49 37
49 11 37
11 50 38
50 11 38
11 51 39
51 11 39
11 52 40
52 11 40
11 53 41
53 11 41
11 54 42
54 11 42
12 13 0
13 12 0
12 14 1
14 12 1
12 15 2
15 12 2
12 16 3
16 12 3
12 17 4
17 12 4
12 18 5
18 12 5
12 19 6
19 12 6
12 20 7
20 12 7
12 21 8
21 12 8
12 22 9
22 12 9
12 23 10
23 12 10
12 24 11
24 12 11
12 25 12
25 12 12
12 26 13
26 12 13
12 27 14
27 12 14
12 28 15
28 12 15
12 29 16
29 12 16
12 30 17
30 12 17
12 31 18
31 12 18
12 32 19
32 12 19
12 33 20
33 12 20
12 34 21
34 12 21
12 35 22
35 12 22
12 36 23
36 12 23
12 37 24
37 12 24
12 38 25
38 12 25
12 39 26
39 12 26
12 40 27
40 12 27
12 41 28
41 12 28
12 42 29
42 12 29
12 43 30
43 12 30
12 44 31
44 12 31
12 45 32
45 12 32
12 46 33
46 12 33
12 47 34
47 12 34
12 48 35
48 12 35
12 49 36
49 12 36
12 50 37
50 12 37
12 51 38
51 12 38
12 52 39
52 12 39
12 53 40
53 12 40
12 54 41
54 12 41
13 14 0
14 13 0
13 15 1
15 13 1
13 16 2
16 13 2
13 17 3
17 13 3
13 18 4
18 13 4
13 19 5
19 13 5
13 20 6
20 13 6
13 21 7
21 13 7
13 22 8
22 13 8
13 23 9
23 13 9
13 24 10
24 13 10
13 25 11
25 13 11
13 26 12
26 13 12
13 27 13
27 13 13
13 28 14
28 13 14
13 29 15
29 13 15
13 30 16
30 13 16
13 31 17
31 13 17
13 32 18
32 13 18
13 33 19
33 13 19
13 34 20
34 13 20
13 35 21
35 13 21
13 36 22
36 13 22
13 37 23
37 13 23
13 38 24
38 13 24
13 39 25
39 13 25
13 40 26
40 13 26
13 41 27
41 13 27
13 42 28
42 13 28
13 43 29
43 13 29
13 44 30
44 13 30
13 45 31
45 13 31
13 46 32
46 13 32
13 47 33
47 13 33
13 48 34
48 13 34
13 49 35
49 13 35
13 50 36
50 13 36
13 51 37
51 13 37
13 52 38
52 13 38
13 53 39
53 13 39
13 54 40
54 13 40
14 15 0
15 14 0
14 16 1
16 14 1
14 17 2
17 14 2
14 18 3
18 14 3
14 19 4
19 14 4
14 20 5
20 14 5
14 21 6
21 14 6
14 22 7
22 14 7
14 23 8
23 14 8
14 24 9
24 14 9
14 25 10
25 14 10
14 26 11
26 14 11
14 27 12
27 14 12
14 28 13
28 14 13
14 29 14
29 14 14
14 30 15
30 14 15
14 31 16
31 14 16
14 32 17
32 14 17
14 33 18
33 14 18
14 34 19
34 14 19
14 35 20
35 14 20
14 36 21
36 14 21
14 37 22
37 14 22
14 38 23
38 14 23
14 39 24
39 14 24
14 40 25
40 14 25
14 41 26
41 14 26
14 42 27
42 14 27
14 43 28
43 14 28
14 44 29
44 14 29
14 45 30
45 14 30
14 46 31
46 14 31
14 47 32
47 14 32
14 48 33
48 14 33
14 49 34
49 14 34
14 50 35
50 14 35
14 51 36
51 14 36
14 52 37
52 14 37
14 53 38
53 14 38
14 54 39
54 14 39
15 16 0
16 15 0
15 17 1
17 15 1
15 18 2
18 15 2
15 19 3
19 15 3
15 20 4
20 15 4
15 21 5
21 15 5
15 22 6
22 15 6
15 23 7
23 15 7
15 24 8
24 15 8
15 25 9
25 15 9
15 26 10
26 15 10
15 27 11
27 15 11
15 28 12
28 15 12
15 29 13
29 15 13
15 30 14
30 15 14
15 31 15
31 15 15
15 32 16
32 15 16
15 33 17
33 15 17
15 34 18
34 15 18
15 35 19
35 15 19
15 36 20
36 15 20
15 37 21
37 15 21
15 38 22
38 15 22
15 39 23
39 15 23
15 40 24
40 15 24
15 41 25
41 15 25
15 42 26
42 15 26
15 43 27
43 15 27
15 44 28
44 15 28
15 45 29
45 15 29
15 46 30
46 15 30
15 47 31
47 15 31
15 48 32
48 15 32
15 49 33
49 15 33
15 50 34
50 15 34
15 51 35
51 15 35
15 52 36
52 15 36
15 53 37
53 15 37
15 54 38
54 15 38
16 17 0
17 16 0
16 18 1
18 16 1
16 19 2
19 16 2
16 20 3
20 16 3
16 21 4
21 16 4
16 22 5
22 16 5
16 23 6
23 16 6
16 24 7
24 16 7
16 25 8
25 16 8
16 26 9
26 16 9
16 27 10
27 16 10
16 28 11
28 16 11
16 29 12
29 16 12
16 30 13
30 16 13
16 31 14
31 16 14
16 32 15
32 16 15
16 33 16
33 16 16
16 34 17
34 16 17
16 35 18
35 16 18
16 36 19
36 16 19
16 37 20
37 16 20
16 38 21
38 16 21
16 39 22
39 16 22
16 40 23
40 16 23
16 41 24
41 16 24
16 42 25
42 16 25
16 43 26
43 16 26
16 44 27
44 16 27
16 45 28
45 16 28
16 46 29
46 16 29
16 47 30
47 16 30
16 48 31
48 16 31
16 49 32
49 16 32
16 50 33
50 16 33
16 51 34
51 16 34
16 52 35
52 16 35
16 53 36
53 16 36
16 54 37
54 16 37
17 18 0
18 17 0
17 19 1
19 17 1
17 20 2
20 17 2
17 21 3
21 17 3
17 22 4
22 17 4
17 23 5
23 17 5
17 24 6
24 17 6
17 25 7
25 17 7
17 26 8
26 17 8
17 27 9
27 17 9
17 28 10
28 17 10
17 29 11
29 17 11
17 30 12
30 17 12
17 31 13
31 17 13
17 32 14
32 17 14
17 33 15
33 17 15
17 34 16
34 17 16
17 35 17
35 17 17
17 36 18
36 17 18
17 37 19
37 17 19
17 38 20
38 17 20
17 39 21
39 17 21
17 40 22
40 17 22
17 41 23
41 17 23
17 42 24
42 17 24
17 43 25
43 17 25
17 44 26
44 17 26
17 45 27
45 17 27
17 46 28
46 17 28
17 47 29
47 17 29
17 48 30
48 17 30
17 49 31
49 17 31
17 50 32
50 17 32
17 51 33
51 17 33
17 52 34
52 17 34
17 53 35
53 17 35
17 54 36
54 17 36
18 19 0
19 18 0
18 20 1
20 18 1
18 21 2
21 18 2
18 22 3
22 18 3
18 23 4
23 18 4
18 24 5
24 18 5
18 25 6
25 18 6
18 26 7
26 18 7
18 27 8
27 18 8
18 28 9
28 18 9
18 29 10
29 18 10
18 30 11
30 18 11
18 31 12
31 18 12
18 32 13
32 18 13
18 33 14
33 18 14
18 34 15
34 18 15
18 35 16
35 18 16
18 36 17
36 18 17
18 37 18
37 18 18
18 38 19
38 18 19
18 39 20
39 18 20
18 40 21
40 18 21
18 41 22
41 18 22
18 42 23
42 18 23
18 43 24
43 18 24
18 44 25
44 18 25
18 45 26
45 18 26
18 46 27
46 18 27
18 47 28
47 18 28
18 48 29
48 18 29
18 49 30
49 18 30
18 50 31
50 18 31
18 51 32
51 18 32
18 52 33
52 18 33
18 53 34
53 18 34
18 54 35
54 18 35
19 20 0
20 19 0
19 21 1
21 19 1
19 22 2
22 19 2
19 23 3
23 19 3
19 24 4
24 19 4
19 25 5
25 19 5
19 26 6
26 19 6
19 27 7
27 19 7
19 28 8
28 19 8
19 29 9
29 19 9
19 30 10
30 19 10
19 31 11
31 19 11
19 32 12
32 19 12
19 33 13
33 19 13
19 34 14
34 19 14
19 35 15
35 19 15
19 36 16
36 19 16
19 37 17
37 19 17
19 38 18
38 19 18
19 39 19
39 19 19
19 40 20
40 19 20
19 41 21
41 19 21
19 42 22
42 19 22
19 43 23
43 19 23
19 44 24
44 19 24
19 45 25
45 19 25
19 46 26
46 19 26
19 47 27
47 19 27
19 48 28
48 19 28
19 49 29
49 19 29
19 50 30
50 19 30
19 51 31
51 19 31
19 52 32
52 19 32
19 53 33
53 19 33
19 54 34
54 19 34
20 21 0
21 20 0
20 22 1
22 20 1
20 23 2
23 20 2
20 24 3
24 20 3
20 25 4
25 20 4
20 26 5
26 20 5
20 27 6
27 20 6
20 28 7
28 20 7
20 29 8
29 20 8
20 30 9
30 20 9
20 31 10
31 20 10
20 32 11
32 20 11
20 33 12
33 20 12
20 34 13
34 20 13
20 35 14
35 20 14
20 36 15
36 20 15
20 37 16
37 20 16
20 38 17
38 20 17
20 39 18
39 20 18
20 40 19
40 20 19
20 41 20
41 20 20
20 42 21
42 20 21
20 43 22
43 20 22
20 44 23
44 20 23
20 45 24
45 20 24
20 46 25
46 20 25
20 47 26
47 20 26
20 48 27
48 20 27
20 49 28
49 20 28
20 50 29
50 20 29
20 51 30
51 20 30
20 52 31
52 20 31
20 53 32
53 20 32
20 54 33
54 20 33
21 22 0
22 21 0
21 23 1
23 21 1
21 24 2
24 21 2
21 25 3
25 21 3
21 26 4
26 21 4
21 27 5
27 21 5
21 28 6
28 21 6
21 29 7
29 21 7
21 30 8
30 21 8
21 31 9
31 21 9
21 32 10
32 21 10
21 33 11
33 21 11
21 34 12
34 21 12
21 35 13
35 21 13
21 36 14
36 21 14
21 37 15
37 21 15
21 38 16
38 21 16
21 39 17
39 21 17
21 40 18
40 21 18
21 41 19
41 21 19
21 42 20
42 21 20
21 43 21
43 21 21
21 44 22
44 21 22
21 45 23
45 21 23
21 46 24
46 21 24
21 47 25
47 21 25
21 48 26
48 21 26
21 49 27
49 21 27
21 50 28
50 21 28
21 51 29
51 21 29
21 52 30
52 21 30
21 53 31
53 21 31
21 54 32
54 21 32
22 23 0
23 22 0
22 24 1
24 22 1
22 25 2
25 22 2
22 26 3
26 22 3
22 27 4
27 22 4
22 28 5
28 22 5
22 29 6
29 22 6
22 30 7
30 22 7
22 31 8
31 22 8
22 32 9
32 22 9
22 33 10
33 22 10
22 34 11
34 22 11
22 35 12
35 22 12
22 36 13
36 22 13
22 37 14
37 22 14
22 38 15
38 22 15
22 39 16
39 22 16
22 40 17
40 22 17
22 41 18
41 22 18
22 42 19
42 22 19
22 43 20
43 22 20
22 44 21
44 22 21
22 45 22
45 22 22
22 46 23
46 22 23
22 47 24
47 22 24
22 48 25
48 22 25
22 49 26
49 22 26
22 50 27
50 22 27
22 51 28
51 22 28
22 52 29
52 22 29
22 53 30
53 22 30
22 54 31
54 22 31
23 24 0
24 23 0
23 25 1
25 23 1
23 26 2
26 23 2
23 27 3
27 23 3
23 28 4
28 23 4
23 29 5
29 23 5
23 30 6
30 23 6
23 31 7
31 23 7
23 32 8
32 23 8
23 33 9
33 23 9
23 34 10
34 23 10
23 35 11
35 23 11
23 36 12
36 23 12
23 37 13
37 23 13
23 38 14
38 23 14
23 39 15
39 23 15
23 40 16
40 23 16
23 41 17
41 23 17
23 42 18
42 23 18
23 43 19
43 23 19
23 44 20
44 23 20
23 45 21
45 23 21
23 46 22
46 23 22
23 47 23
47 23 23
23 48 24
48 23 24
23 49 25
49 23 25
23 50 26
50 23 26
23 51 27
51 23 27
23 52 28
52 23 28
23 53 29
53 23 29
23 54 30
54 23 30
24 25 0
25 24 0
24 26 1
26 24 1
24 27 2
27 24 2
24 28 3
28 24 3
24 29 4
29 24 4
24 30 5
30 24 5
24 31 6
31 24 6
24 32 7
32 24 7
24 33 8
33 24 8
24 34 9
34 24 9
24 35 10
35 24 10
24 36 11
36 24 11
24 37 12
37 24 12
24 38 13
38 24 13
24 39 14
39 24 14
24 40 15
40 24 15
24 41 16
41 24 16
24 42 17
42 24 17
24 43 18
43 24 18
24 44 19
44 24 19
24 45 20
45 24 20
24 46 21
46 24 21
24 47 22
47 24 22
24 48 23
48 24 23
24 49 24
49 24 24
24 50 25
50 24 25
24 51 26
51 24 26
24 52 27
52 24 27
24 53 28
53 24 28
24 54 29
54 24 29
25 26 0
26 25 0
25 27 1
27 25 1
25 28 2
28 25 2
25 29 3
29 25 3
25 30 4
30 25 4
25 31 5
31 25 5
25 32 6
32 25 6
25 33 7
33 25 7
25 34 8
34 25 8
25 35 9
35 25 9
25 36 10
36 25 10
25 37 11
37 25 11
25 38 12
38 25 12
25 39 13
39 25 13
25 40 14
40 25 14
25 41 15
41 25 15
25 42 16
42 25 16
25 43 17
43 25 17
25 44 18
44 25 18
25 45 19
45 25 19
25 46 20
46 25 20
25 47 21
47 25 21
25 48 22
48 25 22
25 49 23
49 25 23
25 50 24
50 25 24
25 51 25
51 25 25
25 52 26
52 25 26
25 53 27
53 25 27
25 54 28
54 25 28
26 27 0
27 26 0
26 28 1
28 26 1
26 29 2
29 26 2
26 30 3
30 26 3
26 31 4
31 26 4
26 32 5
32 26 5
26 33 6
33 26 6
26 34 7
34 26 7
26 35 8
35 26 8
26 36 9
36 26 9
26 37 10
37 26 10
26 38 11
38 26 11
26 39 12
39 26 12
26 40 13
40 26 13
26 41 14
41 26 14
26 42 15
42 26 15
26 43 16
43 26 16
26 44 17
44 26 17
26 45 18
45 26 18
26 46 19
46 26 19
26 47 20
47 26 20
26 48 21
48 26 21
26 49 22
49 26 22
26 50 23
50 26 23
26 51 24
51 26 24
26 52 25
52 26 25
26 53 26
53 26 26
26 54 27
54 26 27
27 28 0
28 27 0
27 29 1
29 27 1
27 30 2
30 27 2
27 31 3
31 27 3
27 32 4
32 27 4
27 33 5
33 27 5
27 34 6
34 27 6
27 35 7
35 27 7
27 36 8
36 27 8
27 37 9
37 27 9
27 38 10
38 27 10
27 39 11
39 27 11
27 40 12
40 27 12
27 41 13
41 27 13
27 42 14
42 27 14
27 43 15
43 27 15
27 44 16
44 27 16
27 45 17
45 27 17
27 46 18
46 27 18
27 47 19
47 27 19
27 48 20
48 27 20
27 49 21
49 27 21
27 50 22
50 27 22
27 51 23
51 27 23
27 52 24
52 27 24
27 53 25
53 27 25
27 54 26
54 27 26
28 29 0
29 28 0
28 30 1
30 28 1
28 31 2
31 28 2
28 32 3
32 28 3
28 33 4
33 28 4
28 34 5
34 28 5
28 35 6
35 28 6
28 36 7
36 28 7
28 37 8
37 28 8
28 38 9
38 28 9
28 39 10
39 28 10
28 40 11
40 28 11
28 41 12
41 28 12
28 42 13
42 28 13
28 43 14
43 28 14
28 44 15
44 28 15
28 45 16
45 28 16
28 46 17
46 28 17
28 47 18
47 28 18
28 48 19
48 28 19
28 49 20
49 28 20
28 50 21
50 28 21
28 51 22
51 28 22
28 52 23
52 28 23
28 53 24
53 28 24
28 54 25
54 28 25
29 30 0
30 29 0
29 31 1
31 29 1
29 32 2
32 29 2
29 33 3
33 29 3
29 34 4
34 29 4
29 35 5
35 29 5
29 36 6
36 29 6
29 37 7
37 29 7
29 38 8
38 29 8
29 39 9
39 29 9
29 40 10
40 29 10
29 41 11
41 29 11
29 42 12
42 29 12
29 43 13
43 29 13
29 44 14
44 29 14
29 45 15
45 29 15
29 46 16
46 29 16
29 47 17
47 29 17
29 48 18
48 29 18
29 49 19
49 29 19
29 50 20
50 29 20
29 51 21
51 29 21
29 52 22
52 29 22
29 53 23
53 29 23
29 54 24
54 29 24
30 31 0
31 30 0
30 32 1
32 30 1
30 33 2
33 30 2
30 34 3
34 30 3
30 35 4
35 30 4
30 36 5
36 30 5
30 37 6
37 30 6
30 38 7
38 30 7
30 39 8
39 30 8
30 40 9
40 30 9
30 41 10
41 30 10
30 42 11
42 30 11
30 43 12
43 30 12
30 44 13
44 30 13
30 45 14
45 30 14
30 46 15
46 30 15
30 47 16
47 30 16
30 48 17
48 30 17
30 49 18
49 30 18
30 50 19
50 30 19
30 51 20
51 30 20
30 52 21
52 30 21
30 53 22
53 30 22
30 54 23
54 30 23
31 32 0
32 31 0
31 33 1
33 31 1
31 34 2
34 31 2
31 35 3
35 31 3
31 36 4
36 31 4
31 37 5
37 31 5
31 38 6
38 31 6
31 39 7
39 31 7
31 40 8
40 31 8
31 41 9
41 31 9
31 42 10
42 31 10
31 43 11
43 31 11
31 44 12
44 31 12
31 45 13
45 31 13
31 46 14
46 31 14
31 47 15
47 31 15
31 48 16
48 31 16
31 49 17
49 31 17
31 50 18
50 31 18
31 51 19
51 31 19
31 52 20
52 31 20
31 53 21
53 31 21
31 54 22
54 31 22
32 33 0
33 32 0
32 34 1
34 32 1
32 35 2
35 32 2
32 36 3
36 32 3
32 37 4
37 32 4
32 38 5
38 32 5
32 39 6
39 32 6
32 40 7
40 32 7
32 41 8
41 32 8
32 42 9
42 32 9
32 43 10
43 32 10
32 44 11
44 32 11
32 45 12
45 32 12
32 46 13
46 32 13
32 47 14
47 32 14
32 48 15
48 32 15
32 49 16
49 32 16
32 50 17
50 32 17
32 51 18
51 32 18
32 52 19
52 32 19
32 53 20
53 32 20
32 54 21
54 32 21
33 34 0
34 33 0
33 35 1
35 33 1
33 36 2
36 33 2
33 37 3
37 33 3
33 38 4
38 33 4
33 39 5
39 33 5
33 40 6
40 33 6
33 41 7
41 33 7
33 42 8
42 33 8
33 43 9
43 33 9
33 44 10
44 33 10
33 45 11
45 33 11
33 46 12
46 33 12
33 47 13
47 33 13
33 48 14
48 33 14
33 49 15
49 33 15
33 50 16
50 33 16
33 51 17
51 33 17
33 52 18
52 33 18
33 53 19
53 33 19
33 54 20
54 33 20
34 35 0
35 34 0
34 36 1
36 34 1
34 37 2
37 34 2
34 38 3
38 34 3
34 39 4
39 34 4
34 40 5
40 34 5
34 41 6
41 34 6
34 42 7
42 34 7
34 43 8
43 34 8
34 44 9
44 34 9
34 45 10
45 34 10
34 46 11
46 34 11
34 47 12
47 34 12
34 48 13
48 34 13
34 49 14
49 34 14
34 50 15
50 34 15
34 51 16
51 34 16
34 52 17
52 34 17
34 53 18
53 34 18
34 54 19
54 34 19
35 36 0
36 35 0
35 37 1
37 35 1
35 38 2
38 35 2
35 39 3
39 35 3
35 40 4
40 35 4
35 41 5
41 35 5
35 42 6
42 35 6
35 43 7
43 35 7
35 44 8
44 35 8
35 45 9
45 35 9
35 46 10
46 35 10
35 47 11
47 35 11
35 48 12
48 35 12
35 49 13
49 35 13
35 50 14
50 35 14
35 51 15
51 35 15
35 52 16
52 35 16
35 53 17
53 35 17
35 54 18
54 35 18
36 37 0
37 36 0
36 38 1
38 36 1
36 39 2
39 36 2
36 40 3
40 36 3
36 41 4
41 36 4
36 42 5
42 36 5
36 43 6
43 36 6
36 44 7
44 36 7
36 45 8
45 36 8
36 46 9
46 36 9
36 47 10
47 36 10
36 48 11
48 36 11
36 49 12
49 36 12
36 50 13
50 36 13
36 51 14
51 36 14
36 52 15
52 36 15
36 53 16
53 36 16
36 54 17
54 36 17
37 38 0
38 37 0
37 39 1
39 37 1
37 40 2
40 37 2
37 41 3
41 37 3
37 42 4
42 37 4
37 43 5
43 37 5
37 44 6
44 37 6
37 45 7
45 37 7
37 46 8
46 37 8
37 47 9
47 37 9
37 48 10
48 37 10
37 49 11
49 37 11
37 50 12
50 37 12
37 51 13
51 37 13
37 52 14
52 37 14
37 53 15
53 37 15
37 54 16
54 37 16
38 39 0
39 38 0
38 40 1
40 38 1
38 41 2
41 38 2
38 42 3
42 38 3
38 43 4
43 38 4
38 44 5
44 38 5
38 45 6
45 38 6
38 46 7
46 38 7
38 47 8
47 38 8
38 48 9
48 38 9
38 49 10
49 38 10
38 50 11
50 38 11
38 51 12
51 38 12
38 52 13
52 38 13
38 53 14
53 38 14
38 54 15
54 38 15
39 40 0
40 39 0
39 41 1
41 39 1
39 42 2
42 39 2
39 43 3
43 39 3
39 44 4
44 39 4
39 45 5
45 39 5
39 46 6
46 39 6
39 47 7
47 39 7
39 48 8
48 39 8
39 49 9
49 39 9
39 50 10
50 39 10
39 51 11
51 39 11
39 52 12
52 39 12
39 53 13
53 39 13
39 54 14
54 39 14
40 41 0
41 40 0
40 42 1
42 40 1
40 43 2
43 40 2
40 44 3
44 40 3
40 45 4
45 40 4
40 46 5
46 40 5
40 47 6
47 40 6
40 48 7
48 40 7
40 49 8
49 40 8
40 50 9
50 40 9
40 51 10
51 40 10
40 52 11
52 40 11
40 53 12
53 40 12
40 54 13
54 40 13
41 42 0
42 41 0
41 43 1
43 41 1
41 44 2
44 41 2
41 45 3
45 41 3
41 46 4
46 41 4
41 47 5
47 41 5
41 48 6
48 41 6
41 49 7
49 41 7
41 50 8
50 41 8
41 51 9
51 41 9
41 52 10
52 41 10
41 53 11
53 41 11
41 54 12
54 41 12
42 43 0
43 42 0
42 44 1
44 42 1
42 45 2
45 42 2
42 46 3
46 42 3
42 47 4
47 42 4
42 48 5
48 42 5
42 49 6
49 42 6
42 50 7
50 42 7
42 51 8
51 42 8
42 52 9
52 42 9
42 53 10
53 42 10
42 54 11
54 42 11
43 44 0
44 43 0
43 45 1
45 43 1
43 46 2
46 43 2
43 47 3
47 43 3
43 48 4
48 43 4
43 49 5
49 43 5
43 50 6
50 43 6
43 51 7
51 43 7
43 52 8
52 43 8
43 53 9
53 43 9
43 54 10
54 43 10
44 45 0
45 44 0
44 46 1
46 44 1
44 47 2
47 44 2
44 48 3
48 44 3
44 49 4
49 44 4
44 50 5
50 44 5
44 51 6
51 44 6
44 52 7
52 44 7
44 53 8
53 44 8
44 54 9
54 44 9
45 46 0
46 45 0
45 47 1
47 45 1
45 48 2
48 45 2
45 49 3
49 45 3
45 50 4
50 45 4
45 51 5
51 45 5
45 52 6
52 45 6
45 53 7
53 45 7
45 54 8
54 45 8
46 47 0
47 46 0
46 48 1
48 46 1
46 49 2
49 46 2
46 50 3
50 46 3
46 51 4
51 46 4
46 52 5
52 46 5
46 53 6
53 46 6
46 54 7
54 46 7
47 48 0
48 47 0
47 49 1
49 47 1
47 50 2
50 47 2
47 51 3
51 47 3
47 52 4
52 47 4
47 53 5
53 47 5
47 54 6
54 47 6
48 49 0
49 48 0
48 50 1
50 48 1
48 51 2
51 48 2
48 52 3
52 48 3
48 53 4
53 48 4
48 54 5
54 48 5
49 50 0
50 49 0
49 51 1
51 49 1
49 52 2
52 49 2
49 53 3
53 49 3
49 54 4
54 49 4
50 51 0
51 50 0
50 52 1
52 50 1
50 53 2
53 50 2
50 54 3
54 50 3
51 52 0
52 51 0
51 53 1
53 51 1
51 54 2
54 51 2
52 53 0
53 52 0
52 54 1
54 52 1
53 54 0
54 53 0
0 53 53
53 0 53
0 52 105
52 0 105
0 51 156
51 0 156
0 50 206
50 0 206
0 49 255
49 0 255
0 48 303
48 0 303
0 47 350
47 0 350
0 46 396
46 0 396
0 45 441
45 0 441
0 44 485
44 0 485
0 43 528
43 0 528
0 42 570
42 0 570
0 41 611
41 0 611
0 40 651
40 0 651
0 39 690
39 0 690
0 38 728
38 0 728
0 37 765
37 0 765
0 36 801
36 0 801
0 35 836
35 0 836
0 34 870
34 0 870
0 33 903
33 0 903
0 32 935
32 0 935
0 31 966
31 0 966
0 30 996
30 0 996
0 29 1025
29 0 1025
0 28 1053
28 0 1053
0 27 1080
27 0 1080
0 26 1106
26 0 1106
0 25 1131
25 0 1131
0 24 1155
24 0 1155
0 23 1178
23 0 1178
0 22 1200
22 0 1200
0 21 1221
21 0 1221
0 20 1241
20 0 1241
0 19 1260
19 0 1260
0 18 1278
18 0 1278
0 17 1295
17 0 1295
0 16 1311
16 0 1311
0 15 1326
15 0 1326
0 14 1340
14 0 1340
0 13 1353
13 0 1353
0 12 1365
12 0 1365
0 11 1376
11 0 1376
0 10 1386
10 0 1386
0 9 1395
9 0 1395
0 8 1403
8 0 1403
0 7 1410
7 0 1410
0 6 1416
6 0 1416
0 5 1421
5 0 1421
0 4 1425
4 0 1425
0 3 1428
3 0 1428
0 2 1430
2 0 1430
0 1 1431
1 0 1431
0 54 0
54 0 0