270 225 491
270 226 40
270 227 466
270 228 894
270 229 518
270 230 238
270 231 342
270 232 414
270 233 602
270 234 659
270 235 88
270 236 821
270 237 951
270 238 384
270 239 938
270 240 54
270 241 578
270 242 451
270 243 906
270 244 175
270 245 397
270 246 941
270 247 137
270 248 601
270 249 21
270 250 270
270 251 414
270 252 700
270 253 725
270 254 448
270 255 213
270 256 676
270 257 622
270 258 418
270 259 529
270 260 899
270 261 170
270 262 869
270 263 658
270 264 847
270 265 26
270 266 172
270 267 907
270 268 942
270 269 520
270 270 876
271 1 799
271 2 79
271 3 916
271 4 847
271 5 564
271 6 575
271 7 162
271 8 944
271 9 234
271 10 794
271 11 831
271 12 498
271 13 682
271 14 259
271 15 713
271 16 598
271 17 377
271 18 463
271 19 692
271 20 110
271 21 325
271 22 492
271 23 739
271 24 836
271 25 370
271 26 913
271 27 118
271 28 10
271 29 36
271 30 812
271 31 87
271 32 384
271 33 172
271 34 629
271 35 749
271 36 705
271 37 273
271 38 113
271 39 525
271 40 617
271 41 659
271 42 610
271 43 209
271 44 714
271 45 662
271 46 797
271 47 713
271 48 109
271 49 529
271 50 902
271 51 957
271 52 721
271 53 649
271 54 609
271 55 597
271 56 5
271 57 151
271 58 157
271 59 996
271 60 699
271 61 100
271 62 832
271 63 416
271 64 419
271 65 987
271 66 313
271 67 523
271 68 482
271 69 971
271 70 399
271 71 354
271 72 387
271 73 936
271 74 901
271 75 240
271 76 312
271 77 568
271 78 761
271 79 757
271 80 385
271 81 934
271 82 148
271 83 711
271 84 545
271 85 339
271 86 991
271 87 513
271 88 643
271 89 350
271 90 162
271 91 920
271 92 268
271 93 883
271 94 791
271 95 418
271 96 858
271 97 875
271 98 936
271 99 985
271 100 821
271 101 121
271 102 700
271 103 343
271 104 812
271 105 733
271 106 294
271 107 753
271 108 638
271 109 903
271 110 921
271 111 365
271 112 504
271 113 838
271 114 138
271 115 537
271 116 30
271 117 233
271 118 168
271 119 212
271 120 156
271 121 173
271 122 141
271 123 567
271 124 743
271 125 557
271 126 435
271 127 796
271 128 79
271 129 697
271 130 724
271 131 727
271 132 657
271 133 77
271 134 474
271 135 407
271 136 590
271 137 440
271 138 31
271 139 169
271 140 365
271 141 627
271 142 112
271 143 135
271 144 137
271 145 355
271 146 213
271 147 745
271 148 384
271 149 275
271 150 420
271 151 698
271 152 35
271 153 441
271 154 564
271 155 298
271 156 42
271 157 649
271 158 389
271 159 303
271 160 332
271 161 597
271 162 740
271 163 181
271 164 263
271 165 980
271 166 898
271 167 200
271 168 55
271 169 771
271 170 531
271 171 645
271 172 484
271 173 784
271 174 366
271 175 643
271 176 146
271 177 353
271 178 377
271 179 955
271 180 115
271 181 515
271 182 780
271 183 290
271 184 885
271 185 940
271 186 604
271 187 162
271 188 420
271 189 485
271 190 348
271 191 173
271 192 165
271 193 473
271 194 618
271 195 471
271 196 730
271 197 107
271 198 946
271 199 443
271 200 402
271 201 999
271 202 891
271 203 748
271 204 431
271 205 786
271 206 27
271 207 401
271 208 730
271 209 147
271 210 49
271 211 873
271 212 898
271 213 547
271 214 109
271 215 641
271 216 987
271 217 400
271 218 817
271 219 888
271 220 329
271 221 625
271 222 41
271 223 282
271 224 242
271 225 897
271 226 485
271 227 798
271 228 626
271 229 618
271 230 22
271 231 555
271 232 380
271 233 539
271 234 906
271 235 282
271 236 258
271 237 855
271 238 70
271 239 595
271 240 942
271 241 406
271 242 492
271 243 660
271 244 245
271 245 404
271 246 938
271 247 230
271 248 390
271 249 482
271 250 251
271 251 446
271 252 917
271 253 441
271 254 98
271 255 989
271 256 359
271 257 674
271 258 579
271 259 417
271 260 132
271 261 74
271 262 409
271 263 546
271 264 221
271 265 522
271 266 372
271 267 141
271 268 944
271 269 253
271 270 728
271 271 340
272 1 702
272 2 935
272 3 581
272 4 446
272 5 428
272 6 27
272 7 806
272 8 388
272 9 805
272 10 689
272 11 156
272 12 797
272 13 151
272 14 626
272 15 586
272 16 114
272 17 947
272 18 795
272 19 48
272 20 39
272 21 3
272 22 522
272 23 331
272 24 843
272 25 25
272 26 19
272 27 152
272 28 176
272 29 820
272 30 735
272 31 399
272 32 703
272 33 5
272 34 597
272 35 952
272 36 166
272 37 13
272 38 789
272 39 578
272 40 395
272 41 141
272 42 578
272 43 897
272 44 372
272 45 474
272 46 430
272 47 899
272 48 167
272 49 231
272 50 360
272 51 243
272 52 989
272 53 174
272 54 336
272 55 288
272 56 650
272 57 246
272 58 231
272 59 45
272 60 407
272 61 694
272 62 640
272 63 909
272 64 981
272 65 494
272 66 24
272 67 968
272 68 336
272 69 639
272 70 956
272 71 899
272 72 965
272 73 248
272 74 696
272 75 655
272 76 162
272 77 942
272 78 798
272 79 178
272 80 164
272 81 150
272 82 712
272 83 561
272 84 967
272 85 160
272 86 345
272 87 385
272 88 0
272 89 37
272 90 982
272 91 293
272 92 824
272 93 640
272 94 528
272 95 930
272 96 157
272 97 33
272 98 991
272 99 482
272 100 100
272 101 978
272 102 367
272 103 341
272 104 82
272 105 846
272 106 856
272 107 98
272 108 528
272 109 663
272 110 28
272 111 268
272 112 947
272 113 879
272 114 802
272 115 809
272 116 411
272 117 882
272 118 548
272 119 52
272 120 878
272 121 82
272 122 487
272 123 507
272 124 711
272 125 892
272 126 763
272 127 567
272 128 809
272 129 467
272 130 330
272 131 13
272 132 918
272 133 669
272 134 707
272 135 630
272 136 413
272 137 181
272 138 21
272 139 359
272 140 26
272 141 126
272 142 98
272 143 366
272 144 65
272 145 396
272 146 972
272 147 195
272 148 270
272 149 821
272 150 464
272 151 31
272 152 185
272 153 422
272 154 464
272 155 823
272 156 869
272 157 576
272 158 317
272 159 688
272 160 261
272 161 774
272 162 635
272 163 923
272 164 618
272 165 363
272 166 451
272 167 55
272 168 418
272 169 79
272 170 949
272 171 855
272 172 940
272 173 366
272 174 172
272 175 728
272 176 813
272 177 785
272 178 614
272 179 53
272 180 933
272 181 398
272 182 815
272 183 318
272 184 715
272 185 63
272 186 660
272 187 423
272 188 45
272 189 197
272 190 622
272 191 907
272 192 345
272 193 19
272 194 128
272 195 751
272 196 186
272 197 23
272 198 947
272 199 324
272 200 139
272 201 121
272 202 651
272 203 882
272 204 861
272 205 370
272 206 524
272 207 387
272 208 853
272 209 343
272 210 462
272 211 583
272 212 360
272 213 622
272 214 437
272 215 106
272 216 81
272 217 793
272 218 832
272 219 2
272 220 351
272 221 530
272 222 840
272 223 84
272 224 556
272 225 58
272 226 569
272 227 790
272 228 487
272 229 138
272 230 670
272 231 934
272 232 341
272 233 726
272 234 163
272 235 534
272 236 469
272 237 831
272 238 244
272 239 625
272 240 467
272 241 810
272 242 663
272 243 197
272 244 73
272 245 969
272 246 837
272 247 323
272 248 775
272 249 917
272 250 34
272 251 524
272 252 656
272 253 181
272 254 599
272 255 647
272 256 39
272 257 156
272 258 565
272 259 459
272 260 921
272 261 774
272 262 158
272 263 931
272 264 467
272 265 957
272 266 529
272 267 265
272 268 801
272 269 259
272 270 725
272 271 717
272 272 335
273 1 267
273 2 819
273 3 206
273 4 271
273 5 832
273 6 178
273 7 573
273 8 82
273 9 84
273 10 832
273 11 599
273 12 819
273 13 352
273 14 184
273 15 972
273 16 396
273 17 646
273 18 714
273 19 762
273 20 707
273 21 568
273 22 843
273 23 44
273 24 532
273 25 843
273 26 747
273 27 47
273 28 740
273 29 782
273 30 733
273 31 657
273 32 722
273 33 492
273 34 932
273 35 137
273 36 914
273 37 128
273 38 166
273 39 61
273 40 523
273 41 313
273 42 887
273 43 413
273 44 151
273 45 609
273 46 145
273 47 686
273 48 416
273 49 281
273 50 650
273 51 783
273 52 128
273 53 926
273 54 402
273 55 322
273 56 25
273 57 967
273 58 977
273 59 865
273 60 861
273 61 950
273 62 322
273 63 44
273 64 482
273 65 553
273 66 687
273 67 113
273 68 734
273 69 195
273 70 71
273 71 4
273 72 369
273 73 355
273 74 885
273 75 579
273 76 83
273 77 42
273 78 138
273 79 534
273 80 943
273 81 485
273 82 407
273 83 24
273 84 841
273 85 335
273 86 285
273 87 727
273 88 577
273 89 129
273 90 582
273 91 849
273 92 363
273 93 476
273 94 596
273 95 39
273 96 842
273 97 901
273 98 713
273 99 398
273 100 689
273 101 640
273 102 650
273 103 794
273 104 446
273 105 395
273 106 407
273 107 780
273 108 207
273 109 256
273 110 780
273 111 11
273 112 504
273 113 30
273 114 314
273 115 92
273 116 335
273 117 624
273 118 364
273 119 792
273 120 775
273 121 902
273 122 447
273 123 258
273 124 278
273 125 962
273 126 404
273 127 649
273 128 436
273 129 950
273 130 66
273 131 945
273 132 451
273 133 168
273 134 192
273 135 980
273 136 102
273 137 721
273 138 829
273 139 826
273 140 916
273 141 521
273 142 884
273 143 460
273 144 730
273 145 761
273 146 242
273 147 458
273 148 586
273 149 79
273 150 430
273 151 948
273 152 776
273 153 967
273 154 189
273 155 281
273 156 247
273 157 913
273 158 585
273 159 255
273 160 752
273 161 748
273 162 19
273 163 508
273 164 716
273 165 642
273 166 362
273 167 646
273 168 199
273 169 696
273 170 162
273 171 963
273 172 541
273 173 370
273 174 16
273 175 921
273 176 233
273 177 778
273 178 823
273 179 817
273 180 628
273 181 651
273 182 421
273 183 934
273 184 575
273 185 37
273 186 972
273 187 475
273 188 369
273 189 393
273 190 576
273 191 800
273 192 945
273 193 718
273 194 676
273 195 803
273 196 159
273 197 523
273 198 768
273 199 6
273 200 865
273 201 145
273 202 810
273 203 442
273 204 801
273 205 722
273 206 194
273 207 350
273 208 325
273 209 567
273 210 539
273 211 550
273 212 264
273 213 968
273 214 287
273 215 735
273 216 839
273 217 797
273 218 438
273 219 13
273 220 291
273 221 318
273 222 272
273 223 445
273 224 772
273 225 393
273 226 619
273 227 556
273 228 815
273 229 647
273 230 516
273 231 964
273 232 112
273 233 593
273 234 161
273 235 654
273 236 674
273 237 64
273 238 173
273 239 542
273 240 178
273 241 850
273 242 972
273 243 285
273 244 434
273 245 958
273 246 562
273 247 71
273 248 192
273 249 626
273 250 765
273 251 263
273 252 797
273 253 678
273 254 838
273 255 680
273 256 969
273 257 931
273 258 491
273 259 738
273 260 971
273 261 9
273 262 951
273 263 349
273 264 128
273 265 452
273 266 44
273 267 582
273 268 144
273 269 807
273 270 1
273 271 174
273 272 441
273 273 615
274 1 413
274 2 801
274 3 506
274 4 330
274 5 300
274 6 640
274 7 298
274 8 371
274 9 352
274 10 975
274 11 159
274 12 578
274 13 52
274 14 835
274 15 598
274 16 9
274 17 839
274 18 765
274 19 866
274 20 338
274 21 156
274 22 921
274 23 888
274 24 938
274 25 166
274 26 361
274 27 896
274 28 697
274 29 545
274 30 737
274 31 690
274 32 600
274 33 248
274 34 946
274 35 965
274 36 991
274 37 824
274 38 337
274 39 579
274 40 118
274 41 213
274 42 256
274 43 995
274 44 854
274 45 395
274 46 348
274 47 528
274 48 541
274 49 780
274 50 212
274 51 780
274 52 702
274 53 296
274 54 951
274 55 794
274 56 719
274 57 595
274 58 696
274 59 697
274 60 260
274 61 35
274 62 757
274 63 279
274 64 21
274 65 52
274 66 507
274 67 354
274 68 413
274 69 122
274 70 738
274 71 404
274 72 466
274 73 39
274 74 703
274 75 956
274 76 268
274 77 565
274 78 584
274 79 544
274 80 791
274 81 35
274 82 1000
274 83 480
274 84 563
274 85 295
274 86 922
274 87 543
274 88 318
274 89 15
274 90 402
274 91 967
274 92 504
274 93 822
274 94 276
274 95 345
274 96 414
274 97 771
274 98 753
274 99 166
274 100 364
274 101 519
274 102 241
274 103 469
274 104 154
274 105 687
274 106 299
274 107 366
274 108 91
274 109 508
274 110 37
274 111 910
274 112 954
274 113 640
274 114 27
274 115 385
274 116 750
274 117 755
274 118 825
274 119 348
274 120 258
274 121 41
274 122 616
274 123 629
274 124 153
274 125 727
274 126 468
274 127 643
274 128 635
274 129 106
274 130 612
274 131 885
274 132 949
274 133 437
274 134 80
274 135 735
274 136 172
274 137 574
274 138 700
274 139 858
274 140 806
274 141 760
274 142 172
274 143 917
274 144 825
274 145 979
274 146 22
274 147 968
274 148 252
274 149 180
274 150 840
274 151 848
274 152 860
274 153 243
274 154 337
274 155 81
274 156 151
274 157 716
274 158 750
274 159 860
274 160 526
274 161 677
274 162 889
274 163 636
274 164 141
274 165 512
274 166 3
274 167 175
274 168 399
274 169 976
274 170 418
274 171 125
274 172 943
274 173 578
274 174 42
274 175 777
274 176 473
274 177 721
274 178 703
274 179 753
274 180 823
274 181 544
274 182 546
274 183 270
274 184 912
274 185 419
274 186 9
274 187 391
274 188 418
274 189 765
274 190 804
274 191 745
274 192 336
274 193 664
274 194 181
274 195 319
274 196 366
274 197 145
274 198 445
274 199 459
274 200 221
274 201 944
274 202 913
274 203 139
274 204 432
274 205 679
274 206 995
274 207 353
274 208 63
274 209 840
274 210 68
274 211 334
274 212 669
274 213 968
274 214 231
274 215 12
274 216 46
274 217 247
274 218 25
274 219 62
274 220 642
274 221 502
274 222 22
274 223 361
274 224 154
274 225 645
274 226 749
274 227 59
274 228 552
274 229 587
274 230 364
274 231 17
274 232 312
274 233 166
274 234 687
274 235 352
274 236 266
274 237 231
274 238 673
274 239 675
274 240 743
274 241 684
274 242 451
274 243 883
274 244 351
274 245 255
274 246 984
274 247 765
274 248 743
274 249 322
274 250 39
274 251 213
274 252 60
274 253 966
274 254 393
274 255 298
274 256 804
274 257 324
274 258 841
274 259 195
274 260 720
274 261 411
274 262 618
274 263 140
274 264 265
274 265 80
274 266 868
274 267 721
274 268 321
274 269 559
274 270 492
274 271 755
274 272 976
274 273 828
274 274 506
275 1 900
275 2 676
275 3 166
275 4 668
275 5 568
275 6 225
275 7 981
275 8 12
275 9 316
275 10 466
275 11 500
275 12 367
275 13 610
275 14 539
275 15 26
275 16 853
275 17 630
275 18 110
275 19 939
275 20 922
275 21 510
275 22 644
275 23 135
275 24 605
275 25 623
275 26 361
275 27 393
275 28 778
275 29 239
275 30 835
275 31 135
275 32 750
275 33 240
275 34 218
275 35 992
275 36 712
275 37 785
275 38 583
275 39 508
275 40 793
275 41 937
275 42 800
275 43 211
275 44 783
275 45 138
275 46 78
275 47 522
275 48 181
275 49 999
275 50 158
275 51 405
275 52 897
275 53 132
275 54 831
275 55 25
275 56 650
275 57 599
275 58 375
275 59 335
275 60 516
275 61 566
275 62 15
275 63 829
275 64 140
275 65 175
275 66 596
275 67 293
275 68 491
275 69 643
275 70 382
275 71 239
275 72 335
275 73 690
275 74 314
275 75 530
275 76 66
275 77 245
275 78 923
275 79 851
275 80 757
275 81 226
275 82 288
275 83 676
275 84 559
275 85 720
275 86 733
275 87 691
275 88 235
275 89 367
275 90 578
275 91 754
275 92 994
275 93 121
275 94 279
275 95 660
275 96 393
275 97 124
275 98 50
275 99 879
275 100 438
275 101 527
275 102 548
275 103 759
275 104 6
275 105 675
275 106 753
275 107 900
275 108 291
275 109 223
275 110 254
275 111 424
275 112 750
275 113 176
275 114 101
275 115 728
275 116 802
275 117 629
275 118 121
275 119 16
275 120 237
275 121 279
275 122 267
275 123 649
275 124 549
275 125 473
275 126 619
275 127 526
275 128 452
275 129 796
275 130 303
275 131 728
275 132 206
275 133 807
275 134 554
275 135 624
275 136 292
275 137 921
275 138 570
275 139 109
275 140 445
275 141 327
275 142 360
275 143 956
275 144 285
275 145 891
275 146 860
275 147 131
275 148 225
275 149 501
275 150 255
275 151 184
275 152 981
275 153 40
275 154 403
275 155 849
275 156 907
275 157 772
275 158 572
275 159 437
275 160 837
275 161 78
275 162 627
275 163 451
275 164 218
275 165 941
275 166 905
275 167 423
275 168 157
275 169 783
275 170 846
275 171 101
275 172 246
275 173 83
275 174 87
275 175 120
275 176 450
275 177 471
275 178 505
275 179 422
275 180 828
275 181 939
275 182 48
275 183 448
275 184 741
275 185 507
275 186 471
275 187 9
275 188 74
275 189 565
275 190 956
275 191 313
275 192 45
275 193 245
275 194 729
275 195 892
275 196 352
275 197 493
275 198 260
275 199 393
275 200 880
275 201 529
275 202 319
275 203 308
275 204 753
275 205 746
275 206 688
275 207 257
275 208 206
275 209 857
275 210 192
275 211 354
275 212 537
275 213 890
275 214 214
275 215 82
275 216 377
275 217 194
275 218 45
275 219 534
275 220 29
275 221 261
275 222 332
275 223 914
275 224 466
275 225 548
275 226 330
275 227 326
275 228 813
275 229 87
275 230 904
275 231 620
275 232 104
275 233 622
275 234 347
275 235 197
275 236 464
275 237 226
275 238 943
275 239 571
275 240 406
275 241 623
275 242 993
275 243 227
275 244 696
275 245 438
275 246 805
275 247 65
275 248 143
275 249 7
275 250 670
275 251 296
275 252 3
275 253 358
275 254 166
275 255 53
275 256 44
275 257 43
275 258 272
275 259 345
275 260 220
275 261 487
275 262 721
275 263 260
275 264 501
275 265 465
275 266 594
275 267 440
275 268 956
275 269 752
275 270 952
275 271 560
275 272 977
275 273 664
275 274 979
275 275 681
276 1 528
276 2 713
276 3 647
276 4 55
276 5 469
276 6 421
276 7 361
276 8 904
276 9 898
276 10 789
276 11 291
276 12 769
276 13 524
276 14 889
276 15 721
276 16 88
276 17 627
276 18 304
276 19 625
276 20 238
276 21 177
276 22 693
276 23 653
276 24 760
276 25 58
276 26 372
276 27 191
276 28 891
276 29 86
276 30 648
276 31 239
276 32 34
276 33 397
276 34 927
276 35 50
276 36 727
276 37 600
276 38 209
276 39 962
276 40 449
276 41 200
276 42 814
276 43 225
276 44 747
276 45 398
276 46 503
276 47 826
276 48 437
276 49 398
276 50 808
276 51 357
276 52 454
276 53 191
276 54 932
276 55 213
276 56 132
276 57 323
276 58 536
276 59 151
276 60 725
276 61 955
276 62 458
276 63 151
276 64 445
276 65 703
276 66 918
276 67 663
276 68 431
276 69 338
276 70 172
276 71 393
276 72 338
276 73 733
276 74 471
276 75 444
276 76 107
276 77 195
276 78 294
276 79 586
276 80 769
276 81 144
276 82 232
276 83 922
276 84 744
276 85 299
276 86 716
276 87 655
276 88 894
276 89 276
276 90 3
276 91 635
276 92 118
276 93 42
276 94 369
276 95 6
276 96 404
276 97 685
276 98 946
276 99 759
276 100 972
276 101 702
276 102 83
276 103 887
276 104 703
276 105 68
276 106 539
276 107 866
276 108 10
276 109 909
276 110 400
276 111 482
276 112 363
276 113 26
276 114 220
276 115 636
276 116 908
276 117 53
276 118 507
276 119 763
276 120 146
276 121 307
276 122 454
276 123 61
276 124 981
276 125 667
276 126 504
276 127 325
276 128 513
276 129 711
276 130 500
276 131 488
276 132 223
276 133 425
276 134 760
276 135 484
276 136 647
276 137 362
276 138 306
276 139 684
276 140 573
276 141 142
276 142 479
276 143 605
276 144 410
276 145 390
276 146 123
276 147 713
276 148 126
276 149 160
276 150 141
276 151 643
276 152 581
276 153 380
276 154 452
276 155 299
276 156 285
276 157 807
276 158 925
276 159 797
276 160 759
276 161 413
276 162 556
276 163 649
276 164 978
276 165 420
276 166 107
276 167 544
276 168 215
276 169 642
276 170 535
276 171 587
276 172 137
276 173 532
276 174 289
276 175 296
276 176 881
276 177 424
276 178 69
276 179 167
276 180 780
276 181 942
276 182 912
276 183 255
276 184 880
276 185 542
276 186 121
276 187 348
276 188 546
276 189 312
276 190 268
276 191 811
276 192 72
276 193 36
276 194 87
276 195 609
276 196 200
276 197 930
276 198 688
276 199 773
276 200 892
276 201 290
276 202 362
276 203 258
276 204 764
276 205 104
276 206 455
276 207 405
276 208 727
276 209 595
276 210 911
276 211 538
276 212 407
276 213 262
276 214 0
276 215 41
276 216 684
276 217 904
276 218 276
276 219 123
276 220 22
276 221 647
276 222 286
276 223 415
276 224 780
276 225 556
276 226 237
276 227 983
276 228 778
276 229 509
276 230 694
276 231 94
276 232 482
276 233 769
276 234 723
276 235 434
276 236 159
276 237 623
276 238 558
276 239 308
276 240 644
276 241 787
276 242 117
276 243 305
276 244 223
276 245 7
276 246 473
276 247 633
276 248 459
276 249 715
276 250 850
276 251 1
276 252 301
276 253 208
276 254 773
276 255 494
276 256 88
276 257 652
276 258 646
276 259 473
276 260 363
276 261 145
276 262 535
276 263 959
276 264 348
276 265 464
276 266 982
276 267 253
276 268 178
276 269 442
276 270 431
276 271 786
276 272 189
276 273 408
276 274 950
276 275 456
276 276 719
277 1 814
277 2 157
277 3 704
277 4 620
277 5 571
277 6 114
277 7 283
277 8 111
277 9 815
277 10 189
277 11 973
277 12 93
277 13 482
277 14 975
277 15 300
277 16 380
277 17 208
277 18 451
277 19 328
277 20 922
277 21 745
277 22 985
277 23 427
277 24 8
277 25 418
277 26 385
277 27 59
277 28 541
277 29 971
277 30 652
277 31 378
277 32 647
277 33 455
277 34 254
277 35 86
277 36 363
277 37 652
277 38 305
277 39 432
277 40 605
277 41 145
277 42 948
277 43 758
277 44 426
277 45 563
277 46 306
277 47 430
277 48 135
277 49 74
277 50 719
277 51 79
277 52 403
277 53 21
277 54 615
277 55 135
277 56 881
277 57 47
277 58 679
277 59 429
277 60 381
277 61 298
277 62 188
277 63 772
277 64 242
277 65 248
277 66 520
277 67 323
277 68 228
277 69 823
277 70 128
277 71 968
277 72 150
277 73 919
277 74 385
277 75 160
277 76 315
277 77 594
277 78 546
277 79 105
277 80 82
277 81 607
277 82 188
277 83 334
277 84 651
277 85 566
277 86 981
277 87 899
277 88 959
277 89 303
277 90 299
277 91 983
277 92 484
277 93 343
277 94 370
277 95 213
277 96 989
277 97 28
277 98 133
277 99 264
277 100 982
277 101 724
277 102 352
277 103 488
277 104 115
277 105 464
277 106 191
277 107 145
277 108 879
277 109 238
277 110 619
277 111 955
277 112 25
277 113 706
277 114 377
277 115 300
277 116 7
277 117 765
277 118 126
277 119 922
277 120 960
277 121 749
277 122 689
277 123 674
277 124 209
277 125 3
277 126 212
277 127 146
277 128 914
277 129 610
277 130 72
277 131 374
277 132 838
277 133 236
277 134 997
277 135 850
277 136 10
277 137 182
277 138 356
277 139 353
277 140 30
277 141 708
277 142 367
277 143 124
277 144 72
277 145 360
277 146 80
277 147 258
277 148 739
277 149 332
277 150 985
277 151 884
277 152 941
277 153 508
277 154 30
277 155 427
277 156 702
277 157 441
277 158 457
277 159 810
277 160 31
277 161 977
277 162 751
277 163 159
277 164 792
277 165 425
277 166 101
277 167 64
277 168 425
277 169 107
277 170 958
277 171 86
277 172 945
277 173 432
277 174 579
277 175 913
277 176 436
277 177 149
277 178 116
277 179 968
277 180 312
277 181 519
277 182 430
277 183 536
277 184 715
277 185 514
277 186 798
277 187 642
277 188 910
277 189 905
277 190 839
277 191 794
277 192 95
277 193 235
277 194 221
277 195 896
277 196 585
277 197 582
277 198 682
277 199 532
277 200 967
277 201 27
277 202 922
277 203 261
277 204 497
277 205 40
277 206 956
277 207 923
277 208 45
277 209 979
277 210 77
277 211 647
277 212 808
277 213 365
277 214 466
277 215 195
277 216 774
277 217 380
277 218 455
277 219 401
277 220 800
277 221 39
277 222 193
277 223 804
277 224 881
277 225 531
277 226 124
277 227 829
277 228 697
277 229 980
277 230 893
277 231 763
277 232 938
277 233 300
277 234 818
277 235 396
277 236 933
277 237 981
277 238 130
277 239 869
277 240 807
277 241 303
277 242 636
277 243 730
277 244 698
277 245 992
277 246 127
277 247 666
277 248 345
277 249 956
277 250 647
277 251 629
277 252 478
277 253 717
277 254 624
277 255 61
277 256 902
277 257 113
277 258 502
277 259 796
277 260 795
277 261 802
277 262 392
277 263 199
277 264 354
277 265 664
277 266 562
277 267 716
277 268 107
277 269 331
277 270 645
277 271 135
277 272 632
277 273 612
277 274 33
277 275 20
277 276 155
277 277 796
278 1 482
278 2 103
278 3 48
278 4 469
278 5 395
278 6 477
278 7 626
278 8 36
278 9 421
278 10 361
278 11 829
278 12 155
278 13 715
278 14 689
278 15 83
278 16 734
278 17 616
278 18 884
278 19 911
278 20 503
278 21 144
278 22 427
278 23 492
278 24 36
278 25 964
278 26 56
278 27 342
278 28 849
278 29 746
278 30 293
278 31 244
278 32 130
278 33 957
278 34 656
278 35 167
278 36 63
278 37 392
278 38 829
278 39 393
278 40 417
278 41 791
278 42 310
278 43 844
278 44 965
278 45 268
278 46 880
278 47 505
278 48 67
278 49 340
278 50 260
278 51 583
278 52 519
278 53 309
278 54 186
278 55 758
278 56 0
278 57 906
278 58 672
278 59 20
278 60 817
278 61 885
278 62 871
278 63 239
278 64 600
278 65 622
278 66 397
278 67 995
278 68 810
278 69 865
278 70 493
278 71 995
278 72 845
278 73 427
278 74 612
278 75 922
278 76 548
278 77 296
278 78 211
278 79 772
278 80 927
278 81 436
278 82 764
278 83 78
278 84 614
278 85 776
278 86 530
278 87 824
278 88 813
278 89 694
278 90 92
278 91 587
278 92 34
278 93 514
278 94 542
278 95 922
278 96 391
278 97 517
278 98 380
278 99 991
278 100 471
278 101 671
278 102 889
278 103 152
278 104 819
278 105 164
278 106 882
278 107 338
278 108 459
278 109 864
278 110 777
278 111 15
278 112 307
278 113 41
278 114 133
278 115 230
278 116 67
278 117 40
278 118 937
278 119 889
278 120 528
278 121 86
278 122 819
278 123 67
278 124 481
278 125 826
278 126 723
278 127 735
278 128 301
278 129 596
278 130 388
278 131 862
278 132 159
278 133 802
278 134 617
278 135 263
278 136 895
278 137 151
278 138 537
278 139 36
278 140 329
278 141 837
278 142 325
278 143 920
278 144 764
278 145 985
278 146 722
278 147 348
278 148 9
278 149 224
278 150 953
278 151 624
278 152 555
278 153 206
278 154 895
278 155 686
278 156 650
278 157 510
278 158 510
278 159 853
278 160 330
278 161 909
278 162 939
278 163 695
278 164 507
278 165 533
278 166 898
278 167 433
278 168 696
278 169 653
278 170 415
278 171 577
278 172 151
278 173 499
278 174 610
278 175 107
278 176 154
278 177 846
278 178 559
278 179 370
278 180 387
278 181 469
278 182 202
278 183 107
278 184 149
278 185 638
278 186 221
278 187 816
278 188 970
278 189 43
278 190 656
278 191 212
278 192 262
278 193 407
278 194 509
278 195 121
278 196 206
278 197 693
278 198 770
278 199 462
278 200 538
278 201 924
278 202 28
278 203 718
278 204 873
278 205 884
278 206 841
278 207 65
278 208 117
278 209 367
278 210 196
278 211 441
278 212 170
278 213 795
278 214 599
278 215 267
278 216 225
278 217 377
278 218 85
278 219 433
278 220 222
278 221 695
278 222 731
278 223 598
278 224 807
278 225 500
278 226 942
278 227 459
278 228 296
278 229 531
278 230 569
278 231 403
278 232 100
278 233 8
278 234 394
278 235 62
278 236 226
278 237 767
278 238 202
278 239 86
278 240 827
278 241 67
278 242 89
278 243 654
278 244 997
278 245 825
278 246 384
278 247 578
278 248 641
278 249 170
278 250 941
278 251 159
278 252 915
278 253 703
278 254 752
278 255 343
278 256 309
278 257 38
278 258 436
278 259 509
278 260 716
278 261 118
278 262 490
278 263 127
278 264 351
278 265 831
278 266 999
278 267 817
278 268 861
278 269 345
278 270 485
278 271 492
278 272 930
278 273 574
278 274 101
278 275 111
278 276 424
278 277 306
278 278 336
279 1 855
279 2 412
279 3 309
279 4 72
279 5 746
279 6 535
279 7 877
279 8 183
279 9 315
279 10 49
279 11 956
279 12 245
279 13 748
279 14 489
279 15 117
279 16 300
279 17 132
279 18 561
279 19 404
279 20 369
279 21 296
279 22 597
279 23 153
279 24 167
279 25 276
279 26 42
279 27 36
279 28 635
279 29 798
279 30 346
279 31 95
279 32 735
279 33 376
279 34 808
279 35 345
279 36 341
279 37 277
279 38 154
279 39 141
279 40 9
279 41 298
279 42 601
279 43 384
279 44 212
279 45 182
279 46 550
279 47 892
279 48 381
279 49 445
279 50 655
279 51 469
279 52 924
279 53 659
279 54 729
279 55 506
279 56 671
279 57 622
279 58 718
279 59 984
279 60 767
279 61 866
279 62 43
279 63 869
279 64 931
279 65 581
279 66 960
279 67 375
279 68 969
279 69 322
279 70 571
279 71 265
279 72 697
279 73 210
279 74 41
279 75 43
279 76 19
279 77 871
279 78 285
279 79 158
279 80 892
279 81 117
279 82 355
279 83 660
279 84 666
279 85 836
279 86 533
279 87 669
279 88 136
279 89 262
279 90 882
279 91 118
279 92 811
279 93 819
279 94 463
279 95 935
279 96 281
279 97 22
279 98 83
279 99 642
279 100 406
279 101 944
279 102 874
279 103 487
279 104 102
279 105 186
279 106 705
279 107 286
279 108 309
279 109 894
279 110 203
279 111 664
279 112 622
279 113 121
279 114 195
279 115 100
279 116 626
279 117 541
279 118 691
279 119 842
279 120 2
279 121 772
279 122 734
279 123 14
279 124 218
279 125 3
279 126 323
279 127 427
279 128 694
279 129 972
279 130 411
279 131 15
279 132 133
279 133 742
279 134 857
279 135 85
279 136 648
279 137 986
279 138 561
279 139 192
279 140 425
279 141 831
279 142 997
279 143 896
279 144 842
279 145 828
279 146 51
279 147 478
279 148 857
279 149 319
279 150 333
279 151 506
279 152 39
279 153 905
279 154 0
279 155 773
279 156 618
279 157 574
279 158 929
279 159 498
279 160 906
279 161 540
279 162 457
279 163 161
279 164 718
279 165 265
279 166 65
279 167 456
279 168 169
279 169 47
279 170 726
279 171 678
279 172 790
279 173 428
279 174 581
279 175 718
279 176 892
279 177 411
279 178 32
279 179 424
279 180 895
279 181 581
279 182 689
279 183 896
279 184 727
279 185 387
279 186 458
279 187 652
279 188 228
279 189 245
279 190 163
279 191 342
279 192 715
279 193 196
279 194 608
279 195 1
279 196 82
279 197 666
279 198 848
279 199 424
279 200 766
279 201 397
279 202 317
279 203 732
279 204 135
279 205 635
279 206 874
279 207 648
279 208 913
279 209 969
279 210 604
279 211 367
279 212 689
279 213 294
279 214 624
279 215 360
279 216 493
279 217 976
279 218 780
279 219 245
279 220 138
279 221 287
279 222 557
279 223 46
279 224 756
279 225 343
279 226 80
279 227 759
279 228 468
279 229 12
279 230 707
279 231 574
279 232 157
279 233 256
279 234 673
279 235 857
279 236 397
279 237 365
279 238 664
279 239 318
279 240 939
279 241 520
279 242 895
279 243 582
279 244 921
279 245 419
279 246 697
279 247 482
279 248 13
279 249 179
279 250 681
279 251 452
279 252 943
279 253 611
279 254 120
279 255 256
279 256 542
279 257 350
279 258 165
279 259 865
279 260 162
279 261 692
279 262 807
279 263 59
279 264 785
279 265 989
279 266 208
279 267 688
279 268 714
279 269 173
279 270 583
279 271 940
279 272 923
279 273 858
279 274 481
279 275 749
279 276 926
279 277 367
279 278 266
279 279 204
278 279 400
277 278 716
276 277 103
275 276 610
274 275 40
273 274 478
272 273 515
271 272 62
270 271 184
269 270 446
268 269 358
267 268 308
266 267 662
265 266 73
264 265 226
263 264 71
262 263 266
261 262 855
260 261 103
259 260 635
258 259 435
257 258 557
256 257 23
255 256 695
254 255 959
253 254 62
252 253 819
251 252 744
250 251 215
249 250 490
248 249 126
247 248 735
246 247 189
245 246 993
244 245 984
243 244 199
242 243 22
241 242 620
240 241 37
239 240 118
238 239 853
237 238 379
236 237 93
235 236 400
234 235 122
233 234 589
232 233 850
231 232 620
230 231 193
229 230 650
228 229 127
227 228 27
226 227 75
225 226 696
224 225 616
223 224 547
222 223 958
221 222 931
220 221 649
219 220 587
218 219 836
217 218 46
216 217 224
215 216 714
214 215 875
213 214 149
212 213 801
211 212 103
210 211 63
209 210 835
208 209 436
207 208 340
206 207 174
205 206 813
204 205 380
203 204 225
202 203 722
201 202 119
200 201 277
199 200 749
198 199 16
197 198 248
196 197 194
195 196 865
194 195 343
193 194 645
192 193 601
191 192 498
190 191 118
189 190 627
188 189 332
187 188 84
186 187 365
185 186 812
184 185 938
183 184 717
182 183 656
181 182 676
180 181 504
179 180 461
178 179 281
177 178 593
176 177 429
175 176 972
174 175 845
173 174 603
172 173 695
171 172 916
170 171 220
169 170 869
168 169 241
167 168 831
166 167 534
165 166 282
164 165 537
163 164 722
162 163 857
161 162 400
160 161 699
159 160 553
158 159 849
157 158 945
156 157 716
155 156 919
154 155 82
153 154 862
152 153 39
151 152 945
150 151 153
149 150 897
148 149 133
147 148 775
146 147 695
145 146 91
144 145 70
143 144 487
142 143 266
141 142 672
140 141 627
139 140 33
138 139 191
137 138 841
136 137 193
135 136 188
134 135 297
133 134 247
132 133 589
131 132 324
130 131 394
129 130 817
128 129 610
127 128 93
126 127 455
125 126 294
124 125 601
123 124 560
122 123 617
121 122 818
120 121 986
119 120 208
118 119 553
117 118 944
116 117 834
115 116 340
114 115 560
113 114 127
112 113 723
111 112 298
110 111 564
109 110 308
108 109 111
107 108 501
106 107 955
105 106 520
104 105 896
103 104 327
102 103 82
101 102 93
100 101 458
99 100 556
98 99 822
97 98 145
96 97 990
95 96 822
94 95 244
93 94 227
92 93 581
91 92 939
90 91 195
89 90 64
88 89 891
87 88 720
86 87 333
85 86 747
84 85 249
83 84 341
82 83 888
81 82 847
80 81 505
79 80 626
78 79 1
77 78 640
76 77 684
75 76 803
74 75 844
73 74 727
72 73 408
71 72 860
70 71 736
69 70 95
68 69 14
67 68 937
66 67 561
65 66 940
64 65 824
63 64 63
62 63 266
61 62 533
60 61 886
59 60 453
58 59 488
57 58 565
56 57 989
55 56 209
54 55 934
53 54 655
52 53 625
51 52 323
50 51 444
49 50 362
48 49 103
47 48 573
46 47 483
45 46 338
44 45 700
43 44 870
42 43 920
41 42 75
40 41 747
39 40 101
38 39 317
37 38 150
36 37 923
35 36 616
34 35 829
33 34 722
32 33 545
31 32 931
30 31 256
29 30 818
28 29 633
27 28 97
26 27 773
25 26 143
24 25 288
23 24 142
22 23 516
21 22 223
20 21 929
19 20 913
18 19 597
17 18 366
16 17 488
15 16 991
14 15 310
13 14 849
12 13 802
11 12 940
10 11 414
9 10 497
8 9 523
7 8 988
6 7 265
5 6 41
4 5 430
3 4 911
2 3 776
1 2 394
0 1 864