1 2 0
2 1 0
1 3 1
3 1 1
1 4 2
4 1 2
1 5 3
5 1 3
1 6 4
6 1 4
1 7 5
7 1 5
1 8 6
8 1 6
1 9 7
9 1 7
1 10 8
10 1 8
1 11 9
11 1 9
1 12 10
12 1 10
1 13 11
13 1 11
1 14 12
14 1 12
1 15 13
15 1 13
1 16 14
16 1 14
1 17 15
17 1 15
1 18 16
18 1 16
1 19 17
19 1 17
1 20 18
20 1 18
1 21 19
21 1 19
1 22 20
22 1 20
1 23 21
23 1 21
1 24 22
24 1 22
1 25 23
25 1 23
1 26 24
26 1 24
1 27 25
27 1 25
1 28 26
28 1 26
1 29 27
29 1 27
1 30 28
30 1 28
1 31 29
31 1 29
1 32 30
32 1 30
1 33 31
33 1 31
1 34 32
34 1 32
1 35 33
35 1 33
1 36 34
36 1 34
1 37 35
37 1 35
1 38 36
38 1 36
1 39 37
39 1 37
1 40 38
40 1 38
1 41 39
41 1 39
1 42 40
42 1 40
1 43 41
43 1 41
1 44 42
44 1 42
1 45 43
45 1 43
1 46 44
46 1 44
1 47 45
47 1 45
1 48 46
48 1 46
1 49 47
49 1 47
1 50 48
50 1 48
1 51 49
51 1 49
1 52 50
52 1 50
1 53 51
53 1 51
1 54 52
54 1 52
1 55 53
55 1 53
1 56 54
56 1 54
1 57 55
57 1 55
1 58 56
58 1 56
1 59 57
59 1 57
1 60 58
60 1 58
1 61 59
61 1 59
1 62 60
62 1 60
1 63 61
63 1 61
1 64 62
64 1 62
1 65 63
65 1 63
1 66 64
66 1 64
1 67 65
67 1 65
1 68 66
68 1 66
1 69 67
69 1 67
1 70 68
70 1 68
1 71 69
71 1 69
1 72 70
72 1 70
1 73 71
73 1 71
1 74 72
74 1 72
1 75 73
75 1 73
1 76 74
76 1 74
1 77 75
77 1 75
1 78 76
78 1 76
1 79 77
79 1 77
2 3 0
3 2 0
2 4 1
4 2 1
2 5 2
5 2 2
2 6 3
6 2 3
2 7 4
7 2 4
2 8 5
8 2 5
2 9 6
9 2 6
2 10 7
10 2 7
2 11 8
11 2 8
2 12 9
12 2 9
2 13 10
13 2 10
2 14 11
14 2 11
2 15 12
15 2 12
2 16 13
16 2 13
2 17 14
17 2 14
2 18 15
18 2 15
2 19 16
19 2 16
2 20 17
20 2 17
2 21 18
21 2 18
2 22 19
22 2 19
2 23 20
23 2 20
2 24 21
24 2 21
2 25 22
25 2 22
2 26 23
26 2 23
2 27 24
27 2 24
2 28 25
28 2 25
2 29 26
29 2 26
2 30 27
30 2 27
2 31 28
31 2 28
2 32 29
32 2 29
2 33 30
33 2 30
2 34 31
34 2 31
2 35 32
35 2 32
2 36 33
36 2 33
2 37 34
37 2 34
2 38 35
38 2 35
2 39 36
39 2 36
2 40 37
40 2 37
2 41 38
41 2 38
2 42 39
42 2 39
2 43 40
43 2 40
2 44 41
44 2 41
2 45 42
45 2 42
2 46 43
46 2 43
2 47 44
47 2 44
2 48 45
48 2 45
2 49 46
49 2 46
2 50 47
50 2 47
2 51 48
51 2 48
2 52 49
52 2 49
2 53 50
53 2 50
2 54 51
54 2 51
2 55 52
55 2 52
2 56 53
56 2 53
2 57 54
57 2 54
2 58 55
58 2 55
2 59 56
59 2 56
2 60 57
60 2 57
2 61 58
61 2 58
2 62 59
62 2 59
2 63 60
63 2 60
2 64 61
64 2 61
2 65 62
65 2 62
2 66 63
66 2 63
2 67 64
67 2 64
2 68 65
68 2 65
2 69 66
69 2 66
2 70 67
70 2 67
2 71 68
71 2 68
2 72 69
72 2 69
2 73 70
73 2 70
2 74 71
74 2 71
2 75 72
75 2 72
2 76 73
76 2 73
2 77 74
77 2 74
2 78 75
78 2 75
2 79 76
79 2 76
3 4 0
4 3 0
3 5 1
5 3 1
3 6 2
6 3 2
3 7 3
7 3 3
3 8 4
8 3 4
3 9 5
9 3 5
3 10 6
10 3 6
3 11 7
11 3 7
3 12 8
12 3 8
3 13 9
13 3 9
3 14 10
14 3 10
3 15 11
15 3 11
3 16 12
16 3 12
3 17 13
17 3 13
3 18 14
18 3 14
3 19 15
19 3 15
3 20 16
20 3 16
3 21 17
21 3 17
3 22 18
22 3 18
3 23 19
23 3 19
3 24 20
24 3 20
3 25 21
25 3 21
3 26 22
26 3 22
3 27 23
27 3 23
3 28 24
28 3 24
3 29 25
29 3 25
3 30 26
30 3 26
3 31 27
31 3 27
3 32 28
32 3 28
3 33 29
33 3 29
3 34 30
34 3 30
3 35 31
35 3 31
3 36 32
36 3 32
3 37 33
37 3 33
3 38 34
38 3 34
3 39 35
39 3 35
3 40 36
40 3 36
3 41 37
41 3 37
3 42 38
42 3 38
3 43 39
43 3 39
3 44 40
44 3 40
3 45 41
45 3 41
3 46 42
46 3 42
3 47 43
47 3 43
3 48 44
48 3 44
3 49 45
49 3 45
3 50 46
50 3 46
3 51 47
51 3 47
3 52 48
52 3 48
3 53 49
53 3 49
3 54 50
54 3 50
3 55 51
55 3 51
3 56 52
56 3 52
3 57 53
57 3 53
3 58 54
58 3 54
3 59 55
59 3 55
3 60 56
60 3 56
3 61 57
61 3 57
3 62 58
62 3 58
3 63 59
63 3 59
3 64 60
64 3 60
3 65 61
65 3 61
3 66 62
66 3 62
3 67 63
67 3 63
3 68 64
68 3 64
3 69 65
69 3 65
3 70 66
70 3 66
3 71 67
71 3 67
3 72 68
72 3 68
3 73 69
73 3 69
3 74 70
74 3 70
3 75 71
75 3 71
3 76 72
76 3 72
3 77 73
77 3 73
3 78 74
78 3 74
3 79 75
79 3 75
4 5 0
5 4 0
4 6 1
6 4 1
4 7 2
7 4 2
4 8 3
8 4 3
4 9 4
9 4 4
4 10 5
10 4 5
4 11 6
11 4 6
4 12 7
12 4 7
4 13 8
13 4 8
4 14 9
14 4 9
4 15 10
15 4 10
4 16 11
16 4 11
4 17 12
17 4 12
4 18 13
18 4 13
4 19 14
19 4 14
4 20 15
20 4 15
4 21 16
21 4 16
4 22 17
22 4 17
4 23 18
23 4 18
4 24 19
24 4 19
4 25 20
25 4 20
4 26 21
26 4 21
4 27 22
27 4 22
4 28 23
28 4 23
4 29 24
29 4 24
4 30 25
30 4 25
4 31 26
31 4 26
4 32 27
32 4 27
4 33 28
33 4 28
4 34 29
34 4 29
4 35 30
35 4 30
4 36 31
36 4 31
4 37 32
37 4 32
4 38 33
38 4 33
4 39 34
39 4 34
4 40 35
40 4 35
4 41 36
41 4 36
4 42 37
42 4 37
4 43 38
43 4 38
4 44 39
44 4 39
4 45 40
45 4 40
4 46 41
46 4 41
4 47 42
47 4 42
4 48 43
48 4 43
4 49 44
49 4 44
4 50 45
50 4 45
4 51 46
51 4 46
4 52 47
52 4 47
4 53 48
53 4 48
4 54 49
54 4 49
4 55 50
55 4 50
4 56 51
56 4 51
4 57 52
57 4 52
4 58 53
58 4 53
4 59 54
59 4 54
4 60 55
60 4 55
4 61 56
61 4 56
4 62 57
62 4 57
4 63 58
63 4 58
4 64 59
64 4 59
4 65 60
65 4 60
4 66 61
66 4 61
4 67 62
67 4 62
4 68 63
68 4 63
4 69 64
69 4 64
4 70 65
70 4 65
4 71 66
71 4 66
4 72 67
72 4 67
4 73 68
73 4 68
4 74 69
74 4 69
4 75 70
75 4 70
4 76 71
76 4 71
4 77 72
77 4 72
4 78 73
78 4 73
4 79 74
79 4 74
5 6 0
6 5 0
5 7 1
7 5 1
5 8 2
8 5 2
5 9 3
9 5 3
5 10 4
10 5 4
5 11 5
11 5 5
5 12 6
12 5 6
5 13 7
13 5 7
5 14 8
14 5 8
5 15 9
15 5 9
5 16 10
16 5 10
5 17 11
17 5 11
5 18 12
18 5 12
5 19 13
19 5 13
5 20 14
20 5 14
5 21 15
21 5 15
5 22 16
22 5 16
5 23 17
23 5 17
5 24 18
24 5 18
5 25 19
25 5 19
5 26 20
26 5 20
5 27 21
27 5 21
5 28 22
28 5 22
5 29 23
29 5 23
5 30 24
30 5 24
5 31 25
31 5 25
5 32 26
32 5 26
5 33 27
33 5 27
5 34 28
34 5 28
5 35 29
35 5 29
5 36 30
36 5 30
5 37 31
37 5 31
5 38 32
38 5 32
5 39 33
39 5 33
5 40 34
40 5 34
5 41 35
41 5 35
5 42 36
42 5 36
5 43 37
43 5 37
5 44 38
44 5 38
5 45 39
45 5 39
5 46 40
46 5 40
5 47 41
47 5 41
5 48 42
48 5 42
5 49 43
49 5 43
5 50 44
50 5 44
5 51 45
51 5 45
5 52 46
52 5 46
5 53 47
53 5 47
5 54 48
54 5 48
5 55 49
55 5 49
5 56 50
56 5 50
5 57 51
57 5 51
5 58 52
58 5 52
5 59 53
59 5 53
5 60 54
60 5 54
5 61 55
61 5 55
5 62 56
62 5 56
5 63 57
63 5 57
5 64 58
64 5 58
5 65 59
65 5 59
5 66 60
66 5 60
5 67 61
67 5 61
5 68 62
68 5 62
5 69 63
69 5 63
5 70 64
70 5 64
5 71 65
71 5 65
5 72 66
72 5 66
5 73 67
73 5 67
5 74 68
74 5 68
5 75 69
75 5 69
5 76 70
76 5 70
5 77 71
77 5 71
5 78 72
78 5 72
5 79 73
79 5 73
6 7 0
7 6 0
6 8 1
8 6 1
6 9 2
9 6 2
6 10 3
10 6 3
6 11 4
11 6 4
6 12 5
12 6 5
6 13 6
13 6 6
6 14 7
14 6 7
6 15 8
15 6 8
6 16 9
16 6 9
6 17 10
17 6 10
6 18 11
18 6 11
6 19 12
19 6 12
6 20 13
20 6 13
6 21 14
21 6 14
6 22 15
22 6 15
6 23 16
23 6 16
6 24 17
24 6 17
6 25 18
25 6 18
6 26 19
26 6 19
6 27 20
27 6 20
6 28 21
28 6 21
6 29 22
29 6 22
6 30 23
30 6 23
6 31 24
31 6 24
6 32 25
32 6 25
6 33 26
33 6 26
6 34 27
34 6 27
6 35 28
35 6 28
6 36 29
36 6 29
6 37 30
37 6 30
6 38 31
38 6 31
6 39 32
39 6 32
6 40 33
40 6 33
6 41 34
41 6 34
6 42 35
42 6 35
6 43 36
43 6 36
6 44 37
44 6 37
6 45 38
45 6 38
6 46 39
46 6 39
6 47 40
47 6 40
6 48 41
48 6 41
6 49 42
49 6 42
6 50 43
50 6 43
6 51 44
51 6 44
6 52 45
52 6 45
6 53 46
53 6 46
6 54 47
54 6 47
6 55 48
55 6 48
6 56 49
56 6 49
6 57 50
57 6 50
6 58 51
58 6 51
6 59 52
59 6 52
6 60 53
60 6 53
6 61 54
61 6 54
6 62 55
62 6 55
6 63 56
63 6 56
6 64 57
64 6 57
6 65 58
65 6 58
6 66 59
66 6 59
6 67 60
67 6 60
6 68 61
68 6 61
6 69 62
69 6 62
6 70 63
70 6 63
6 71 64
71 6 64
6 72 65
72 6 65
6 73 66
73 6 66
6 74 67
74 6 67
6 75 68
75 6 68
6 76 69
76 6 69
6 77 70
77 6 70
6 78 71
78 6 71
6 79 72
79 6 72
7 8 0
8 7 0
7 9 1
9 7 1
7 10 2
10 7 2
7 11 3
11 7 3
7 12 4
12 7 4
7 13 5
13 7 5
7 14 6
14 7 6
7 15 7
15 7 7
7 16 8
16 7 8
7 17 9
17 7 9
7 18 10
18 7 10
7 19 11
19 7 11
7 20 12
20 7 12
7 21 13
21 7 13
7 22 14
22 7 14
7 23 15
23 7 15
7 24 16
24 7 16
7 25 17
25 7 17
7 26 18
26 7 18
7 27 19
27 7 19
7 28 20
28 7 20
7 29 21
29 7 21
7 30 22
30 7 22
7 31 23
31 7 23
7 32 24
32 7 24
7 33 25
33 7 25
7 34 26
34 7 26
7 35 27
35 7 27
7 36 28
36 7 28
7 37 29
37 7 29
7 38 30
38 7 30
7 39 31
39 7 31
7 40 32
40 7 32
7 41 33
41 7 33
7 42 34
42 7 34
7 43 35
43 7 35
7 44 36
44 7 36
7 45 37
45 7 37
7 46 38
46 7 38
7 47 39
47 7 39
7 48 40
48 7 40
7 49 41
49 7 41
7 50 42
50 7 42
7 51 43
51 7 43
7 52 44
52 7 44
7 53 45
53 7 45
7 54 46
54 7 46
7 55 47
55 7 47
7 56 48
56 7 48
7 57 49
57 7 49
7 58 50
58 7 50
7 59 51
59 7 51
7 60 52
60 7 52
7 61 53
61 7 53
7 62 54
62 7 54
7 63 55
63 7 55
7 64 56
64 7 56
7 65 57
65 7 57
7 66 58
66 7 58
7 67 59
67 7 59
7 68 60
68 7 60
7 69 61
69 7 61
7 70 62
70 7 62
7 71 63
71 7 63
7 72 64
72 7 64
7 73 65
73 7 65
7 74 66
74 7 66
7 75 67
75 7 67
7 76 68
76 7 68
7 77 69
77 7 69
7 78 70
78 7 70
7 79 71
79 7 71
8 9 0
9 8 0
8 10 1
10 8 1
8 11 2
11 8 2
8 12 3
12 8 3
8 13 4
13 8 4
8 14 5
14 8 5
8 15 6
15 8 6
8 16 7
16 8 7
8 17 8
17 8 8
8 18 9
18 8 9
8 19 10
19 8 10
8 20 11
20 8 11
8 21 12
21 8 12
8 22 13
22 8 13
8 23 14
23 8 14
8 24 15
24 8 15
8 25 16
25 8 16
8 26 17
26 8 17
8 27 18
27 8 18
8 28 19
28 8 19
8 29 20
29 8 20
8 30 21
30 8 21
8 31 22
31 8 22
8 32 23
32 8 23
8 33 24
33 8 24
8 34 25
34 8 25
8 35 26
35 8 26
8 36 27
36 8 27
8 37 28
37 8 28
8 38 29
38 8 29
8 39 30
39 8 30
8 40 31
40 8 31
8 41 32
41 8 32
8 42 33
42 8 33
8 43 34
43 8 34
8 44 35
44 8 35
8 45 36
45 8 36
8 46 37
46 8 37
8 47 38
47 8 38
8 48 39
48 8 39
8 49 40
49 8 40
8 50 41
50 8 41
8 51 42
51 8 42
8 52 43
52 8 43
8 53 44
53 8 44
8 54 45
54 8 45
8 55 46
55 8 46
8 56 47
56 8 47
8 57 48
57 8 48
8 58 49
58 8 49
8 59 50
59 8 50
8 60 51
60 8 51
8 61 52
61 8 52
8 62 53
62 8 53
8 63 54
63 8 54
8 64 55
64 8 55
8 65 56
65 8 56
8 66 57
66 8 57
8 67 58
67 8 58
8 68 59
68 8 59
8 69 60
69 8 60
8 70 61
70 8 61
8 71 62
71 8 62
8 72 63
72 8 63
8 73 64
73 8 64
8 74 65
74 8 65
8 75 66
75 8 66
8 76 67
76 8 67
8 77 68
77 8 68
8 78 69
78 8 69
8 79 70
79 8 70
9 10 0
10 9 0
9 11 1
11 9 1
9 12 2
12 9 2
9 13 3
13 9 3
9 14 4
14 9 4
9 15 5
15 9 5
9 16 6
16 9 6
9 17 7
17 9 7
9 18 8
18 9 8
9 19 9
19 9 9
9 20 10
20 9 10
9 21 11
21 9 11
9 22 12
22 9 12
9 23 13
23 9 13
9 24 14
24 9 14
9 25 15
25 9 15
9 26 16
26 9 16
9 27 17
27 9 17
9 28 18
28 9 18
9 29 19
29 9 19
9 30 20
30 9 20
9 31 21
31 9 21
9 32 22
32 9 22
9 33 23
33 9 23
9 34 24
34 9 24
9 35 25
35 9 25
9 36 26
36 9 26
9 37 27
37 9 27
9 38 28
38 9 28
9 39 29
39 9 29
9 40 30
40 9 30
9 41 31
41 9 31
9 42 32
42 9 32
9 43 33
43 9 33
9 44 34
44 9 34
9 45 35
45 9 35
9 46 36
46 9 36
9 47 37
47 9 37
9 48 38
48 9 38
9 49 39
49 9 39
9 50 40
50 9 40
9 51 41
51 9 41
9 52 42
52 9 42
9 53 43
53 9 43
9 54 44
54 9 44
9 55 45
55 9 45
9 56 46
56 9 46
9 57 47
57 9 47
9 58 48
58 9 48
9 59 49
59 9 49
9 60 50
60 9 50
9 61 51
61 9 51
9 62 52
62 9 52
9 63 53
63 9 53
9 64 54
64 9 54
9 65 55
65 9 55
9 66 56
66 9 56
9 67 57
67 9 57
9 68 58
68 9 58
9 69 59
69 9 59
9 70 60
70 9 60
9 71 61
71 9 61
9 72 62
72 9 62
9 73 63
73 9 63
9 74 64
74 9 64
9 75 65
75 9 65
9 76 66
76 9 66
9 77 67
77 9 67
9 78 68
78 9 68
9 79 69
79 9 69
10 11 0
11 10 0
10 12 1
12 10 1
10 13 2
13 10 2
10 14 3
14 10 3
10 15 4
15 10 4
10 16 5
16 10 5
10 17 6
17 10 6
10 18 7
18 10 7
10 19 8
19 10 8
10 20 9
20 10 9
10 21 10
21 10 10
10 22 11
22 10 11
10 23 12
23 10 12
10 24 13
24 10 13
10 25 14
25 10 14
10 26 15
26 10 15
10 27 16
27 10 16
10 28 17
28 10 17
10 29 18
29 10 18
10 30 19
30 10 19
10 31 20
31 10 20
10 32 21
32 10 21
10 33 22
33 10 22
10 34 23
34 10 23
10 35 24
35 10 24
10 36 25
36 10 25
10 37 26
37 10 26
10 38 27
38 10 27
10 39 28
39 10 28
10 40 29
40 10 29
10 41 30
41 10 30
10 42 31
42 10 31
10 43 32
43 10 32
10 44 33
44 10 33
10 45 34
45 10 34
10 46 35
46 10 35
10 47 36
47 10 36
10 48 37
48 10 37
10 49 38
49 10 38
10 50 39
50 10 39
10 51 40
51 10 40
10 52 41
52 10 41
10 53 42
53 10 42
10 54 43
54 10 43
10 55 44
55 10 44
10 56 45
56 10 45
10 57 46
57 10 46
10 58 47
58 10 47
10 59 48
59 10 48
10 60 49
60 10 49
10 61 50
61 10 50
10 62 51
62 10 51
10 63 52
63 10 52
10 64 53
64 10 53
10 65 54
65 10 54
10 66 55
66 10 55
10 67 56
67 10 56
10 68 57
68 10 57
10 69 58
69 10 58
10 70 59
70 10 59
10 71 60
71 10 60
10 72 61
72 10 61
10 73 62
73 10 62
10 74 63
74 10 63
10 75 64
75 10 64
10 76 65
76 10 65
10 77 66
77 10 66
10 78 67
78 10 67
10 79 68
79 10 68
11 12 0
12 11 0
11 13 1
13 11 1
11 14 2
14 11 2
11 15 3
15 11 3
11 16 4
16 11 4
11 17 5
17 11 5
11 18 6
18 11 6
11 19 7
19 11 7
11 20 8
20 11 8
11 21 9
21 11 9
11 22 10
22 11 10
11 23 11
23 11 11
11 24 12
24 11 12
11 25 13
25 11 13
11 26 14
26 11 14
11 27 15
27 11 15
11 28 16
28 11 16
11 29 17
29 11 17
11 30 18
30 11 18
11 31 19
31 11 19
11 32 20
32 11 20
11 33 21
33 11 21
11 34 22
34 11 22
11 35 23
35 11 23
11 36 24
36 11 24
11 37 25
37 11 25
11 38 26
38 11 26
11 39 27
39 11 27
11 40 28
40 11 28
11 41 29
41 11 29
11 42 30
42 11 30
11 43 31
43 11 31
11 44 32
44 11 32
11 45 33
45 11 33
11 46 34
46 11 34
11 47 35
47 11 35
11 48 36
48 11 36
11 49 37
49 11 37
11 50 38
50 11 38
11 51 39
51 11 39
11 52 40
52 11 40
11 53 41
53 11 41
11 54 42
54 11 42
11 55 43
55 11 43
11 56 44
56 11 44
11 57 45
57 11 45
11 58 46
58 11 46
11 59 47
59 11 47
11 60 48
60 11 48
11 61 49
61 11 49
11 62 50
62 11 50
11 63 51
63 11 51
11 64 52
64 11 52
11 65 53
65 11 53
11 66 54
66 11 54
11 67 55
67 11 55
11 68 56
68 11 56
11 69 57
69 11 57
11 70 58
70 11 58
11 71 59
71 11 59
11 72 60
72 11 60
11 73 61
73 11 61
11 74 62
74 11 62
11 75 63
75 11 63
11 76 64
76 11 64
11 77 65
77 11 65
11 78 66
78 11 66
11 79 67
79 11 67
12 13 0
13 12 0
12 14 1
14 12 1
12 15 2
15 12 2
12 16 3
16 12 3
12 17 4
17 12 4
12 18 5
18 12 5
12 19 6
19 12 6
12 20 7
20 12 7
12 21 8
21 12 8
12 22 9
22 12 9
12 23 10
23 12 10
12 24 11
24 12 11
12 25 12
25 12 12
12 26 13
26 12 13
12 27 14
27 12 14
12 28 15
28 12 15
12 29 16
29 12 16
12 30 17
30 12 17
12 31 18
31 12 18
12 32 19
32 12 19
12 33 20
33 12 20
12 34 21
34 12 21
12 35 22
35 12 22
12 36 23
36 12 23
12 37 24
37 12 24
12 38 25
38 12 25
12 39 26
39 12 26
12 40 27
40 12 27
12 41 28
41 12 28
12 42 29
42 12 29
12 43 30
43 12 30
12 44 31
44 12 31
12 45 32
45 12 32
12 46 33
46 12 33
12 47 34
47 12 34
12 48 35
48 12 35
12 49 36
49 12 36
12 50 37
50 12 37
12 51 38
51 12 38
12 52 39
52 12 39
12 53 40
53 12 40
12 54 41
54 12 41
12 55 42
55 12 42
12 56 43
56 12 43
12 57 44
57 12 44
12 58 45
58 12 45
12 59 46
59 12 46
12 60 47
60 12 47
12 61 48
61 12 48
12 62 49
62 12 49
12 63 50
63 12 50
12 64 51
64 12 51
12 65 52
65 12 52
12 66 53
66 12 53
12 67 54
67 12 54
12 68 55
68 12 55
12 69 56
69 12 56
12 70 57
70 12 57
12 71 58
71 12 58
12 72 59
72 12 59
12 73 60
73 12 60
12 74 61
74 12 61
12 75 62
75 12 62
12 76 63
76 12 63
12 77 64
77 12 64
12 78 65
78 12 65
12 79 66
79 12 66
13 14 0
14 13 0
13 15 1
15 13 1
13 16 2
16 13 2
13 17 3
17 13 3
13 18 4
18 13 4
13 19 5
19 13 5
13 20 6
20 13 6
13 21 7
21 13 7
13 22 8
22 13 8
13 23 9
23 13 9
13 24 10
24 13 10
13 25 11
25 13 11
13 26 12
26 13 12
13 27 13
27 13 13
13 28 14
28 13 14
13 29 15
29 13 15
13 30 16
30 13 16
13 31 17
31 13 17
13 32 18
32 13 18
13 33 19
33 13 19
13 34 20
34 13 20
13 35 21
35 13 21
13 36 22
36 13 22
13 37 23
37 13 23
13 38 24
38 13 24
13 39 25
39 13 25
13 40 26
40 13 26
13 41 27
41 13 27
13 42 28
42 13 28
13 43 29
43 13 29
13 44 30
44 13 30
13 45 31
45 13 31
13 46 32
46 13 32
13 47 33
47 13 33
13 48 34
48 13 34
13 49 35
49 13 35
13 50 36
50 13 36
13 51 37
51 13 37
13 52 38
52 13 38
13 53 39
53 13 39
13 54 40
54 13 40
13 55 41
55 13 41
13 56 42
56 13 42
13 57 43
57 13 43
13 58 44
58 13 44
13 59 45
59 13 45
13 60 46
60 13 46
13 61 47
61 13 47
13 62 48
62 13 48
13 63 49
63 13 49
13 64 50
64 13 50
13 65 51
65 13 51
13 66 52
66 13 52
13 67 53
67 13 53
13 68 54
68 13 54
13 69 55
69 13 55
13 70 56
70 13 56
13 71 57
71 13 57
13 72 58
72 13 58
13 73 59
73 13 59
13 74 60
74 13 60
13 75 61
75 13 61
13 76 62
76 13 62
13 77 63
77 13 63
13 78 64
78 13 64
13 79 65
79 13 65
14 15 0
15 14 0
14 16 1
16 14 1
14 17 2
17 14 2
14 18 3
18 14 3
14 19 4
19 14 4
14 20 5
20 14 5
14 21 6
21 14 6
14 22 7
22 14 7
14 23 8
23 14 8
14 24 9
24 14 9
14 25 10
25 14 10
14 26 11
26 14 11
14 27 12
27 14 12
14 28 13
28 14 13
14 29 14
29 14 14
14 30 15
30 14 15
14 31 16
31 14 16
14 32 17
32 14 17
14 33 18
33 14 18
14 34 19
34 14 19
14 35 20
35 14 20
14 36 21
36 14 21
14 37 22
37 14 22
14 38 23
38 14 23
14 39 24
39 14 24
14 40 25
40 14 25
14 41 26
41 14 26
14 42 27
42 14 27
14 43 28
43 14 28
14 44 29
44 14 29
14 45 30
45 14 30
14 46 31
46 14 31
14 47 32
47 14 32
14 48 33
48 14 33
14 49 34
49 14 34
14 50 35
50 14 35
14 51 36
51 14 36
14 52 37
52 14 37
14 53 38
53 14 38
14 54 39
54 14 39
14 55 40
55 14 40
14 56 41
56 14 41
14 57 42
57 14 42
14 58 43
58 14 43
14 59 44
59 14 44
14 60 45
60 14 45
14 61 46
61 14 46
14 62 47
62 14 47
14 63 48
63 14 48
14 64 49
64 14 49
14 65 50
65 14 50
14 66 51
66 14 51
14 67 52
67 14 52
14 68 53
68 14 53
14 69 54
69 14 54
14 70 55
70 14 55
14 71 56
71 14 56
14 72 57
72 14 57
14 73 58
73 14 58
14 74 59
74 14 59
14 75 60
75 14 60
14 76 61
76 14 61
14 77 62
77 14 62
14 78 63
78 14 63
14 79 64
79 14 64
15 16 0
16 15 0
15 17 1
17 15 1
15 18 2
18 15 2
15 19 3
19 15 3
15 20 4
20 15 4
15 21 5
21 15 5
15 22 6
22 15 6
15 23 7
23 15 7
15 24 8
24 15 8
15 25 9
25 15 9
15 26 10
26 15 10
15 27 11
27 15 11
15 28 12
28 15 12
15 29 13
29 15 13
15 30 14
30 15 14
15 31 15
31 15 15
15 32 16
32 15 16
15 33 17
33 15 17
15 34 18
34 15 18
15 35 19
35 15 19
15 36 20
36 15 20
15 37 21
37 15 21
15 38 22
38 15 22
15 39 23
39 15 23
15 40 24
40 15 24
15 41 25
41 15 25
15 42 26
42 15 26
15 43 27
43 15 27
15 44 28
44 15 28
15 45 29
45 15 29
15 46 30
46 15 30
15 47 31
47 15 31
15 48 32
48 15 32
15 49 33
49 15 33
15 50 34
50 15 34
15 51 35
51 15 35
15 52 36
52 15 36
15 53 37
53 15 37
15 54 38
54 15 38
15 55 39
55 15 39
15 56 40
56 15 40
15 57 41
57 15 41
15 58 42
58 15 42
15 59 43
59 15 43
15 60 44
60 15 44
15 61 45
61 15 45
15 62 46
62 15 46
15 63 47
63 15 47
15 64 48
64 15 48
15 65 49
65 15 49
15 66 50
66 15 50
15 67 51
67 15 51
15 68 52
68 15 52
15 69 53
69 15 53
15 70 54
70 15 54
15 71 55
71 15 55
15 72 56
72 15 56
15 73 57
73 15 57
15 74 58
74 15 58
15 75 59
75 15 59
15 76 60
76 15 60
15 77 61
77 15 61
15 78 62
78 15 62
15 79 63
79 15 63
16 17 0
17 16 0
16 18 1
18 16 1
16 19 2
19 16 2
16 20 3
20 16 3
16 21 4
21 16 4
16 22 5
22 16 5
16 23 6
23 16 6
16 24 7
24 16 7
16 25 8
25 16 8
16 26 9
26 16 9
16 27 10
27 16 10
16 28 11
28 16 11
16 29 12
29 16 12
16 30 13
30 16 13
16 31 14
31 16 14
16 32 15
32 16 15
16 33 16
33 16 16
16 34 17
34 16 17
16 35 18
35 16 18
16 36 19
36 16 19
16 37 20
37 16 20
16 38 21
38 16 21
16 39 22
39 16 22
16 40 23
40 16 23
16 41 24
41 16 24
16 42 25
42 16 25
16 43 26
43 16 26
16 44 27
44 16 27
16 45 28
45 16 28
16 46 29
46 16 29
16 47 30
47 16 30
16 48 31
48 16 31
16 49 32
49 16 32
16 50 33
50 16 33
16 51 34
51 16 34
16 52 35
52 16 35
16 53 36
53 16 36
16 54 37
54 16 37
16 55 38
55 16 38
16 56 39
56 16 39
16 57 40
57 16 40
16 58 41
58 16 41
16 59 42
59 16 42
16 60 43
60 16 43
16 61 44
61 16 44
16 62 45
62 16 45
16 63 46
63 16 46
16 64 47
64 16 47
16 65 48
65 16 48
16 66 49
66 16 49
16 67 50
67 16 50
16 68 51
68 16 51
16 69 52
69 16 52
16 70 53
70 16 53
16 71 54
71 16 54
16 72 55
72 16 55
16 73 56
73 16 56
16 74 57
74 16 57
16 75 58
75 16 58
16 76 59
76 16 59
16 77 60
77 16 60
16 78 61
78 16 61
16 79 62
79 16 62
17 18 0
18 17 0
17 19 1
19 17 1
17 20 2
20 17 2
17 21 3
21 17 3
17 22 4
22 17 4
17 23 5
23 17 5
17 24 6
24 17 6
17 25 7
25 17 7
17 26 8
26 17 8
17 27 9
27 17 9
17 28 10
28 17 10
17 29 11
29 17 11
17 30 12
30 17 12
17 31 13
31 17 13
17 32 14
32 17 14
17 33 15
33 17 15
17 34 16
34 17 16
17 35 17
35 17 17
17 36 18
36 17 18
17 37 19
37 17 19
17 38 20
38 17 20
17 39 21
39 17 21
17 40 22
40 17 22
17 41 23
41 17 23
17 42 24
42 17 24
17 43 25
43 17 25
17 44 26
44 17 26
17 45 27
45 17 27
17 46 28
46 17 28
17 47 29
47 17 29
17 48 30
48 17 30
17 49 31
49 17 31
17 50 32
50 17 32
17 51 33
51 17 33
17 52 34
52 17 34
17 53 35
53 17 35
17 54 36
54 17 36
17 55 37
55 17 37
17 56 38
56 17 38
17 57 39
57 17 39
17 58 40
58 17 40
17 59 41
59 17 41
17 60 42
60 17 42
17 61 43
61 17 43
17 62 44
62 17 44
17 63 45
63 17 45
17 64 46
64 17 46
17 65 47
65 17 47
17 66 48
66 17 48
17 67 49
67 17 49
17 68 50
68 17 50
17 69 51
69 17 51
17 70 52
70 17 52
17 71 53
71 17 53
17 72 54
72 17 54
17 73 55
73 17 55
17 74 56
74 17 56
17 75 57
75 17 57
17 76 58
76 17 58
17 77 59
77 17 59
17 78 60
78 17 60
17 79 61
79 17 61
18 19 0
19 18 0
18 20 1
20 18 1
18 21 2
21 18 2
18 22 3
22 18 3
18 23 4
23 18 4
18 24 5
24 18 5
18 25 6
25 18 6
18 26 7
26 18 7
18 27 8
27 18 8
18 28 9
28 18 9
18 29 10
29 18 10
18 30 11
30 18 11
18 31 12
31 18 12
18 32 13
32 18 13
18 33 14
33 18 14
18 34 15
34 18 15
18 35 16
35 18 16
18 36 17
36 18 17
18 37 18
37 18 18
18 38 19
38 18 19
18 39 20
39 18 20
18 40 21
40 18 21
18 41 22
41 18 22
18 42 23
42 18 23
18 43 24
43 18 24
18 44 25
44 18 25
18 45 26
45 18 26
18 46 27
46 18 27
18 47 28
47 18 28
18 48 29
48 18 29
18 49 30
49 18 30
18 50 31
50 18 31
18 51 32
51 18 32
18 52 33
52 18 33
18 53 34
53 18 34
18 54 35
54 18 35
18 55 36
55 18 36
18 56 37
56 18 37
18 57 38
57 18 38
18 58 39
58 18 39
18 59 40
59 18 40
18 60 41
60 18 41
18 61 42
61 18 42
18 62 43
62 18 43
18 63 44
63 18 44
18 64 45
64 18 45
18 65 46
65 18 46
18 66 47
66 18 47
18 67 48
67 18 48
18 68 49
68 18 49
18 69 50
69 18 50
18 70 51
70 18 51
18 71 52
71 18 52
18 72 53
72 18 53
18 73 54
73 18 54
18 74 55
74 18 55
18 75 56
75 18 56
18 76 57
76 18 57
18 77 58
77 18 58
18 78 59
78 18 59
18 79 60
79 18 60
19 20 0
20 19 0
19 21 1
21 19 1
19 22 2
22 19 2
19 23 3
23 19 3
19 24 4
24 19 4
19 25 5
25 19 5
19 26 6
26 19 6
19 27 7
27 19 7
19 28 8
28 19 8
19 29 9
29 19 9
19 30 10
30 19 10
19 31 11
31 19 11
19 32 12
32 19 12
19 33 13
33 19 13
19 34 14
34 19 14
19 35 15
35 19 15
19 36 16
36 19 16
19 37 17
37 19 17
19 38 18
38 19 18
19 39 19
39 19 19
19 40 20
40 19 20
19 41 21
41 19 21
19 42 22
42 19 22
19 43 23
43 19 23
19 44 24
44 19 24
19 45 25
45 19 25
19 46 26
46 19 26
19 47 27
47 19 27
19 48 28
48 19 28
19 49 29
49 19 29
19 50 30
50 19 30
19 51 31
51 19 31
19 52 32
52 19 32
19 53 33
53 19 33
19 54 34
54 19 34
19 55 35
55 19 35
19 56 36
56 19 36
19 57 37
57 19 37
19 58 38
58 19 38
19 59 39
59 19 39
19 60 40
60 19 40
19 61 41
61 19 41
19 62 42
62 19 42
19 63 43
63 19 43
19 64 44
64 19 44
19 65 45
65 19 45
19 66 46
66 19 46
19 67 47
67 19 47
19 68 48
68 19 48
19 69 49
69 19 49
19 70 50
70 19 50
19 71 51
71 19 51
19 72 52
72 19 52
19 73 53
73 19 53
19 74 54
74 19 54
19 75 55
75 19 55
19 76 56
76 19 56
19 77 57
77 19 57
19 78 58
78 19 58
19 79 59
79 19 59
20 21 0
21 20 0
20 22 1
22 20 1
20 23 2
23 20 2
20 24 3
24 20 3
20 25 4
25 20 4
20 26 5
26 20 5
20 27 6
27 20 6
20 28 7
28 20 7
20 29 8
29 20 8
20 30 9
30 20 9
20 31 10
31 20 10
20 32 11
32 20 11
20 33 12
33 20 12
20 34 13
34 20 13
20 35 14
35 20 14
20 36 15
36 20 15
20 37 16
37 20 16
20 38 17
38 20 17
20 39 18
39 20 18
20 40 19
40 20 19
20 41 20
41 20 20
20 42 21
42 20 21
20 43 22
43 20 22
20 44 23
44 20 23
20 45 24
45 20 24
20 46 25
46 20 25
20 47 26
47 20 26
20 48 27
48 20 27
20 49 28
49 20 28
20 50 29
50 20 29
20 51 30
51 20 30
20 52 31
52 20 31
20 53 32
53 20 32
20 54 33
54 20 33
20 55 34
55 20 34
20 56 35
56 20 35
20 57 36
57 20 36
20 58 37
58 20 37
20 59 38
59 20 38
20 60 39
60 20 39
20 61 40
61 20 40
20 62 41
62 20 41
20 63 42
63 20 42
20 64 43
64 20 43
20 65 44
65 20 44
20 66 45
66 20 45
20 67 46
67 20 46
20 68 47
68 20 47
20 69 48
69 20 48
20 70 49
70 20 49
20 71 50
71 20 50
20 72 51
72 20 51
20 73 52
73 20 52
20 74 53
74 20 53
20 75 54
75 20 54
20 76 55
76 20 55
20 77 56
77 20 56
20 78 57
78 20 57
20 79 58
79 20 58
21 22 0
22 21 0
21 23 1
23 21 1
21 24 2
24 21 2
21 25 3
25 21 3
21 26 4
26 21 4
21 27 5
27 21 5
21 28 6
28 21 6
21 29 7
29 21 7
21 30 8
30 21 8
21 31 9
31 21 9
21 32 10
32 21 10
21 33 11
33 21 11
21 34 12
34 21 12
21 35 13
35 21 13
21 36 14
36 21 14
21 37 15
37 21 15
21 38 16
38 21 16
21 39 17
39 21 17
21 40 18
40 21 18
21 41 19
41 21 19
21 42 20
42 21 20
21 43 21
43 21 21
21 44 22
44 21 22
21 45 23
45 21 23
21 46 24
46 21 24
21 47 25
47 21 25
21 48 26
48 21 26
21 49 27
49 21 27
21 50 28
50 21 28
21 51 29
51 21 29
21 52 30
52 21 30
21 53 31
53 21 31
21 54 32
54 21 32
21 55 33
55 21 33
21 56 34
56 21 34
21 57 35
57 21 35
21 58 36
58 21 36
21 59 37
59 21 37
21 60 38
60 21 38
21 61 39
61 21 39
21 62 40
62 21 40
21 63 41
63 21 41
21 64 42
64 21 42
21 65 43
65 21 43
21 66 44
66 21 44
21 67 45
67 21 45
21 68 46
68 21 46
21 69 47
69 21 47
21 70 48
70 21 48
21 71 49
71 21 49
21 72 50
72 21 50
21 73 51
73 21 51
21 74 52
74 21 52
21 75 53
75 21 53
21 76 54
76 21 54
21 77 55
77 21 55
21 78 56
78 21 56
21 79 57
79 21 57
22 23 0
23 22 0
22 24 1
24 22 1
22 25 2
25 22 2
22 26 3
26 22 3
22 27 4
27 22 4
22 28 5
28 22 5
22 29 6
29 22 6
22 30 7
30 22 7
22 31 8
31 22 8
22 32 9
32 22 9
22 33 10
33 22 10
22 34 11
34 22 11
22 35 12
35 22 12
22 36 13
36 22 13
22 37 14
37 22 14
22 38 15
38 22 15
22 39 16
39 22 16
22 40 17
40 22 17
22 41 18
41 22 18
22 42 19
42 22 19
22 43 20
43 22 20
22 44 21
44 22 21
22 45 22
45 22 22
22 46 23
46 22 23
22 47 24
47 22 24
22 48 25
48 22 25
22 49 26
49 22 26
22 50 27
50 22 27
22 51 28
51 22 28
22 52 29
52 22 29
22 53 30
53 22 30
22 54 31
54 22 31
22 55 32
55 22 32
22 56 33
56 22 33
22 57 34
57 22 34
22 58 35
58 22 35
22 59 36
59 22 36
22 60 37
60 22 37
22 61 38
61 22 38
22 62 39
62 22 39
22 63 40
63 22 40
22 64 41
64 22 41
22 65 42
65 22 42
22 66 43
66 22 43
22 67 44
67 22 44
22 68 45
68 22 45
22 69 46
69 22 46
22 70 47
70 22 47
22 71 48
71 22 48
22 72 49
72 22 49
22 73 50
73 22 50
22 74 51
74 22 51
22 75 52
75 22 52
22 76 53
76 22 53
22 77 54
77 22 54
22 78 55
78 22 55
22 79 56
79 22 56
23 24 0
24 23 0
23 25 1
25 23 1
23 26 2
26 23 2
23 27 3
27 23 3
23 28 4
28 23 4
23 29 5
29 23 5
23 30 6
30 23 6
23 31 7
31 23 7
23 32 8
32 23 8
23 33 9
33 23 9
23 34 10
34 23 10
23 35 11
35 23 11
23 36 12
36 23 12
23 37 13
37 23 13
23 38 14
38 23 14
23 39 15
39 23 15
23 40 16
40 23 16
23 41 17
41 23 17
23 42 18
42 23 18
23 43 19
43 23 19
23 44 20
44 23 20
23 45 21
45 23 21
23 46 22
46 23 22
23 47 23
47 23 23
23 48 24
48 23 24
23 49 25
49 23 25
23 50 26
50 23 26
23 51 27
51 23 27
23 52 28
52 23 28
23 53 29
53 23 29
23 54 30
54 23 30
23 55 31
55 23 31
23 56 32
56 23 32
23 57 33
57 23 33
23 58 34
58 23 34
23 59 35
59 23 35
23 60 36
60 23 36
23 61 37
61 23 37
23 62 38
62 23 38
23 63 39
63 23 39
23 64 40
64 23 40
23 65 41
65 23 41
23 66 42
66 23 42
23 67 43
67 23 43
23 68 44
68 23 44
23 69 45
69 23 45
23 70 46
70 23 46
23 71 47
71 23 47
23 72 48
72 23 48
23 73 49
73 23 49
23 74 50
74 23 50
23 75 51
75 23 51
23 76 52
76 23 52
23 77 53
77 23 53
23 78 54
78 23 54
23 79 55
79 23 55
24 25 0
25 24 0
24 26 1
26 24 1
24 27 2
27 24 2
24 28 3
28 24 3
24 29 4
29 24 4
24 30 5
30 24 5
24 31 6
31 24 6
24 32 7
32 24 7
24 33 8
33 24 8
24 34 9
34 24 9
24 35 10
35 24 10
24 36 11
36 24 11
24 37 12
37 24 12
24 38 13
38 24 13
24 39 14
39 24 14
24 40 15
40 24 15
24 41 16
41 24 16
24 42 17
42 24 17
24 43 18
43 24 18
24 44 19
44 24 19
24 45 20
45 24 20
24 46 21
46 24 21
24 47 22
47 24 22
24 48 23
48 24 23
24 49 24
49 24 24
24 50 25
50 24 25
24 51 26
51 24 26
24 52 27
52 24 27
24 53 28
53 24 28
24 54 29
54 24 29
24 55 30
55 24 30
24 56 31
56 24 31
24 57 32
57 24 32
24 58 33
58 24 33
24 59 34
59 24 34
24 60 35
60 24 35
24 61 36
61 24 36
24 62 37
62 24 37
24 63 38
63 24 38
24 64 39
64 24 39
24 65 40
65 24 40
24 66 41
66 24 41
24 67 42
67 24 42
24 68 43
68 24 43
24 69 44
69 24 44
24 70 45
70 24 45
24 71 46
71 24 46
24 72 47
72 24 47
24 73 48
73 24 48
24 74 49
74 24 49
24 75 50
75 24 50
24 76 51
76 24 51
24 77 52
77 24 52
24 78 53
78 24 53
24 79 54
79 24 54
25 26 0
26 25 0
25 27 1
27 25 1
25 28 2
28 25 2
25 29 3
29 25 3
25 30 4
30 25 4
25 31 5
31 25 5
25 32 6
32 25 6
25 33 7
33 25 7
25 34 8
34 25 8
25 35 9
35 25 9
25 36 10
36 25 10
25 37 11
37 25 11
25 38 12
38 25 12
25 39 13
39 25 13
25 40 14
40 25 14
25 41 15
41 25 15
25 42 16
42 25 16
25 43 17
43 25 17
25 44 18
44 25 18
25 45 19
45 25 19
25 46 20
46 25 20
25 47 21
47 25 21
25 48 22
48 25 22
25 49 23
49 25 23
25 50 24
50 25 24
25 51 25
51 25 25
25 52 26
52 25 26
25 53 27
53 25 27
25 54 28
54 25 28
25 55 29
55 25 29
25 56 30
56 25 30
25 57 31
57 25 31
25 58 32
58 25 32
25 59 33
59 25 33
25 60 34
60 25 34
25 61 35
61 25 35
25 62 36
62 25 36
25 63 37
63 25 37
25 64 38
64 25 38
25 65 39
65 25 39
25 66 40
66 25 40
25 67 41
67 25 41
25 68 42
68 25 42
25 69 43
69 25 43
25 70 44
70 25 44
25 71 45
71 25 45
25 72 46
72 25 46
25 73 47
73 25 47
25 74 48
74 25 48
25 75 49
75 25 49
25 76 50
76 25 50
25 77 51
77 25 51
25 78 52
78 25 52
25 79 53
79 25 53
26 27 0
27 26 0
26 28 1
28 26 1
26 29 2
29 26 2
26 30 3
30 26 3
26 31 4
31 26 4
26 32 5
32 26 5
26 33 6
33 26 6
26 34 7
34 26 7
26 35 8
35 26 8
26 36 9
36 26 9
26 37 10
37 26 10
26 38 11
38 26 11
26 39 12
39 26 12
26 40 13
40 26 13
26 41 14
41 26 14
26 42 15
42 26 15
26 43 16
43 26 16
26 44 17
44 26 17
26 45 18
45 26 18
26 46 19
46 26 19
26 47 20
47 26 20
26 48 21
48 26 21
26 49 22
49 26 22
26 50 23
50 26 23
26 51 24
51 26 24
26 52 25
52 26 25
26 53 26
53 26 26
26 54 27
54 26 27
26 55 28
55 26 28
26 56 29
56 26 29
26 57 30
57 26 30
26 58 31
58 26 31
26 59 32
59 26 32
26 60 33
60 26 33
26 61 34
61 26 34
26 62 35
62 26 35
26 63 36
63 26 36
26 64 37
64 26 37
26 65 38
65 26 38
26 66 39
66 26 39
26 67 40
67 26 40
26 68 41
68 26 41
26 69 42
69 26 42
26 70 43
70 26 43
26 71 44
71 26 44
26 72 45
72 26 45
26 73 46
73 26 46
26 74 47
74 26 47
26 75 48
75 26 48
26 76 49
76 26 49
26 77 50
77 26 50
26 78 51
78 26 51
26 79 52
79 26 52
27 28 0
28 27 0
27 29 1
29 27 1
27 30 2
30 27 2
27 31 3
31 27 3
27 32 4
32 27 4
27 33 5
33 27 5
27 34 6
34 27 6
27 35 7
35 27 7
27 36 8
36 27 8
27 37 9
37 27 9
27 38 10
38 27 10
27 39 11
39 27 11
27 40 12
40 27 12
27 41 13
41 27 13
27 42 14
42 27 14
27 43 15
43 27 15
27 44 16
44 27 16
27 45 17
45 27 17
27 46 18
46 27 18
27 47 19
47 27 19
27 48 20
48 27 20
27 49 21
49 27 21
27 50 22
50 27 22
27 51 23
51 27 23
27 52 24
52 27 24
27 53 25
53 27 25
27 54 26
54 27 26
27 55 27
55 27 27
27 56 28
56 27 28
27 57 29
57 27 29
27 58 30
58 27 30
27 59 31
59 27 31
27 60 32
60 27 32
27 61 33
61 27 33
27 62 34
62 27 34
27 63 35
63 27 35
27 64 36
64 27 36
27 65 37
65 27 37
27 66 38
66 27 38
27 67 39
67 27 39
27 68 40
68 27 40
27 69 41
69 27 41
27 70 42
70 27 42
27 71 43
71 27 43
27 72 44
72 27 44
27 73 45
73 27 45
27 74 46
74 27 46
27 75 47
75 27 47
27 76 48
76 27 48
27 77 49
77 27 49
27 78 50
78 27 50
27 79 51
79 27 51
28 29 0
29 28 0
28 30 1
30 28 1
28 31 2
31 28 2
28 32 3
32 28 3
28 33 4
33 28 4
28 34 5
34 28 5
28 35 6
35 28 6
28 36 7
36 28 7
28 37 8
37 28 8
28 38 9
38 28 9
28 39 10
39 28 10
28 40 11
40 28 11
28 41 12
41 28 12
28 42 13
42 28 13
28 43 14
43 28 14
28 44 15
44 28 15
28 45 16
45 28 16
28 46 17
46 28 17
28 47 18
47 28 18
28 48 19
48 28 19
28 49 20
49 28 20
28 50 21
50 28 21
28 51 22
51 28 22
28 52 23
52 28 23
28 53 24
53 28 24
28 54 25
54 28 25
28 55 26
55 28 26
28 56 27
56 28 27
28 57 28
57 28 28
28 58 29
58 28 29
28 59 30
59 28 30
28 60 31
60 28 31
28 61 32
61 28 32
28 62 33
62 28 33
28 63 34
63 28 34
28 64 35
64 28 35
28 65 36
65 28 36
28 66 37
66 28 37
28 67 38
67 28 38
28 68 39
68 28 39
28 69 40
69 28 40
28 70 41
70 28 41
28 71 42
71 28 42
28 72 43
72 28 43
28 73 44
73 28 44
28 74 45
74 28 45
28 75 46
75 28 46
28 76 47
76 28 47
28 77 48
77 28 48
28 78 49
78 28 49
28 79 50
79 28 50
29 30 0
30 29 0
29 31 1
31 29 1
29 32 2
32 29 2
29 33 3
33 29 3
29 34 4
34 29 4
29 35 5
35 29 5
29 36 6
36 29 6
29 37 7
37 29 7
29 38 8
38 29 8
29 39 9
39 29 9
29 40 10
40 29 10
29 41 11
41 29 11
29 42 12
42 29 12
29 43 13
43 29 13
29 44 14
44 29 14
29 45 15
45 29 15
29 46 16
46 29 16
29 47 17
47 29 17
29 48 18
48 29 18
29 49 19
49 29 19
29 50 20
50 29 20
29 51 21
51 29 21
29 52 22
52 29 22
29 53 23
53 29 23
29 54 24
54 29 24
29 55 25
55 29 25
29 56 26
56 29 26
29 57 27
57 29 27
29 58 28
58 29 28
29 59 29
59 29 29
29 60 30
60 29 30
29 61 31
61 29 31
29 62 32
62 29 32
29 63 33
63 29 33
29 64 34
64 29 34
29 65 35
65 29 35
29 66 36
66 29 36
29 67 37
67 29 37
29 68 38
68 29 38
29 69 39
69 29 39
29 70 40
70 29 40
29 71 41
71 29 41
29 72 42
72 29 42
29 73 43
73 29 43
29 74 44
74 29 44
29 75 45
75 29 45
29 76 46
76 29 46
29 77 47
77 29 47
29 78 48
78 29 48
29 79 49
79 29 49
30 31 0
31 30 0
30 32 1
32 30 1
30 33 2
33 30 2
30 34 3
34 30 3
30 35 4
35 30 4
30 36 5
36 30 5
30 37 6
37 30 6
30 38 7
38 30 7
30 39 8
39 30 8
30 40 9
40 30 9
30 41 10
41 30 10
30 42 11
42 30 11
30 43 12
43 30 12
30 44 13
44 30 13
30 45 14
45 30 14
30 46 15
46 30 15
30 47 16
47 30 16
30 48 17
48 30 17
30 49 18
49 30 18
30 50 19
50 30 19
30 51 20
51 30 20
30 52 21
52 30 21
30 53 22
53 30 22
30 54 23
54 30 23
30 55 24
55 30 24
30 56 25
56 30 25
30 57 26
57 30 26
30 58 27
58 30 27
30 59 28
59 30 28
30 60 29
60 30 29
30 61 30
61 30 30
30 62 31
62 30 31
30 63 32
63 30 32
30 64 33
64 30 33
30 65 34
65 30 34
30 66 35
66 30 35
30 67 36
67 30 36
30 68 37
68 30 37
30 69 38
69 30 38
30 70 39
70 30 39
30 71 40
71 30 40
30 72 41
72 30 41
30 73 42
73 30 42
30 74 43
74 30 43
30 75 44
75 30 44
30 76 45
76 30 45
30 77 46
77 30 46
30 78 47
78 30 47
30 79 48
79 30 48
31 32 0
32 31 0
31 33 1
33 31 1
31 34 2
34 31 2
31 35 3
35 31 3
31 36 4
36 31 4
31 37 5
37 31 5
31 38 6
38 31 6
31 39 7
39 31 7
31 40 8
40 31 8
31 41 9
41 31 9
31 42 10
42 31 10
31 43 11
43 31 11
31 44 12
44 31 12
31 45 13
45 31 13
31 46 14
46 31 14
31 47 15
47 31 15
31 48 16
48 31 16
31 49 17
49 31 17
31 50 18
50 31 18
31 51 19
51 31 19
31 52 20
52 31 20
31 53 21
53 31 21
31 54 22
54 31 22
31 55 23
55 31 23
31 56 24
56 31 24
31 57 25
57 31 25
31 58 26
58 31 26
31 59 27
59 31 27
31 60 28
60 31 28
31 61 29
61 31 29
31 62 30
62 31 30
31 63 31
63 31 31
31 64 32
64 31 32
31 65 33
65 31 33
31 66 34
66 31 34
31 67 35
67 31 35
31 68 36
68 31 36
31 69 37
69 31 37
31 70 38
70 31 38
31 71 39
71 31 39
31 72 40
72 31 40
31 73 41
73 31 41
31 74 42
74 31 42
31 75 43
75 31 43
31 76 44
76 31 44
31 77 45
77 31 45
31 78 46
78 31 46
31 79 47
79 31 47
32 33 0
33 32 0
32 34 1
34 32 1
32 35 2
35 32 2
32 36 3
36 32 3
32 37 4
37 32 4
32 38 5
38 32 5
32 39 6
39 32 6
32 40 7
40 32 7
32 41 8
41 32 8
32 42 9
42 32 9
32 43 10
43 32 10
32 44 11
44 32 11
32 45 12
45 32 12
32 46 13
46 32 13
32 47 14
47 32 14
32 48 15
48 32 15
32 49 16
49 32 16
32 50 17
50 32 17
32 51 18
51 32 18
32 52 19
52 32 19
32 53 20
53 32 20
32 54 21
54 32 21
32 55 22
55 32 22
32 56 23
56 32 23
32 57 24
57 32 24
32 58 25
58 32 25
32 59 26
59 32 26
32 60 27
60 32 27
32 61 28
61 32 28
32 62 29
62 32 29
32 63 30
63 32 30
32 64 31
64 32 31
32 65 32
65 32 32
32 66 33
66 32 33
32 67 34
67 32 34
32 68 35
68 32 35
32 69 36
69 32 36
32 70 37
70 32 37
32 71 38
71 32 38
32 72 39
72 32 39
32 73 40
73 32 40
32 74 41
74 32 41
32 75 42
75 32 42
32 76 43
76 32 43
32 77 44
77 32 44
32 78 45
78 32 45
32 79 46
79 32 46
33 34 0
34 33 0
33 35 1
35 33 1
33 36 2
36 33 2
33 37 3
37 33 3
33 38 4
38 33 4
33 39 5
39 33 5
33 40 6
40 33 6
33 41 7
41 33 7
33 42 8
42 33 8
33 43 9
43 33 9
33 44 10
44 33 10
33 45 11
45 33 11
33 46 12
46 33 12
33 47 13
47 33 13
33 48 14
48 33 14
33 49 15
49 33 15
33 50 16
50 33 16
33 51 17
51 33 17
33 52 18
52 33 18
33 53 19
53 33 19
33 54 20
54 33 20
33 55 21
55 33 21
33 56 22
56 33 22
33 57 23
57 33 23
33 58 24
58 33 24
33 59 25
59 33 25
33 60 26
60 33 26
33 61 27
61 33 27
33 62 28
62 33 28
33 63 29
63 33 29
33 64 30
64 33 30
33 65 31
65 33 31
33 66 32
66 33 32
33 67 33
67 33 33
33 68 34
68 33 34
33 69 35
69 33 35
33 70 36
70 33 36
33 71 37
71 33 37
33 72 38
72 33 38
33 73 39
73 33 39
33 74 40
74 33 40
33 75 41
75 33 41
33 76 42
76 33 42
33 77 43
77 33 43
33 78 44
78 33 44
33 79 45
79 33 45
34 35 0
35 34 0
34 36 1
36 34 1
34 37 2
37 34 2
34 38 3
38 34 3
34 39 4
39 34 4
34 40 5
40 34 5
34 41 6
41 34 6
34 42 7
42 34 7
34 43 8
43 34 8
34 44 9
44 34 9
34 45 10
45 34 10
34 46 11
46 34 11
34 47 12
47 34 12
34 48 13
48 34 13
34 49 14
49 34 14
34 50 15
50 34 15
34 51 16
51 34 16
34 52 17
52 34 17
34 53 18
53 34 18
34 54 19
54 34 19
34 55 20
55 34 20
34 56 21
56 34 21
34 57 22
57 34 22
34 58 23
58 34 23
34 59 24
59 34 24
34 60 25
60 34 25
34 61 26
61 34 26
34 62 27
62 34 27
34 63 28
63 34 28
34 64 29
64 34 29
34 65 30
65 34 30
34 66 31
66 34 31
34 67 32
67 34 32
34 68 33
68 34 33
34 69 34
69 34 34
34 70 35
70 34 35
34 71 36
71 34 36
34 72 37
72 34 37
34 73 38
73 34 38
34 74 39
74 34 39
34 75 40
75 34 40
34 76 41
76 34 41
34 77 42
77 34 42
34 78 43
78 34 43
34 79 44
79 34 44
35 36 0
36 35 0
35 37 1
37 35 1
35 38 2
38 35 2
35 39 3
39 35 3
35 40 4
40 35 4
35 41 5
41 35 5
35 42 6
42 35 6
35 43 7
43 35 7
35 44 8
44 35 8
35 45 9
45 35 9
35 46 10
46 35 10
35 47 11
47 35 11
35 48 12
48 35 12
35 49 13
49 35 13
35 50 14
50 35 14
35 51 15
51 35 15
35 52 16
52 35 16
35 53 17
53 35 17
35 54 18
54 35 18
35 55 19
55 35 19
35 56 20
56 35 20
35 57 21
57 35 21
35 58 22
58 35 22
35 59 23
59 35 23
35 60 24
60 35 24
35 61 25
61 35 25
35 62 26
62 35 26
35 63 27
63 35 27
35 64 28
64 35 28
35 65 29
65 35 29
35 66 30
66 35 30
35 67 31
67 35 31
35 68 32
68 35 32
35 69 33
69 35 33
35 70 34
70 35 34
35 71 35
71 35 35
35 72 36
72 35 36
35 73 37
73 35 37
35 74 38
74 35 38
35 75 39
75 35 39
35 76 40
76 35 40
35 77 41
77 35 41
35 78 42
78 35 42
35 79 43
79 35 43
36 37 0
37 36 0
36 38 1
38 36 1
36 39 2
39 36 2
36 40 3
40 36 3
36 41 4
41 36 4
36 42 5
42 36 5
36 43 6
43 36 6
36 44 7
44 36 7
36 45 8
45 36 8
36 46 9
46 36 9
36 47 10
47 36 10
36 48 11
48 36 11
36 49 12
49 36 12
36 50 13
50 36 13
36 51 14
51 36 14
36 52 15
52 36 15
36 53 16
53 36 16
36 54 17
54 36 17
36 55 18
55 36 18
36 56 19
56 36 19
36 57 20
57 36 20
36 58 21
58 36 21
36 59 22
59 36 22
36 60 23
60 36 23
36 61 24
61 36 24
36 62 25
62 36 25
36 63 26
63 36 26
36 64 27
64 36 27
36 65 28
65 36 28
36 66 29
66 36 29
36 67 30
67 36 30
36 68 31
68 36 31
36 69 32
69 36 32
36 70 33
70 36 33
36 71 34
71 36 34
36 72 35
72 36 35
36 73 36
73 36 36
36 74 37
74 36 37
36 75 38
75 36 38
36 76 39
76 36 39
36 77 40
77 36 40
36 78 41
78 36 41
36 79 42
79 36 42
37 38 0
38 37 0
37 39 1
39 37 1
37 40 2
40 37 2
37 41 3
41 37 3
37 42 4
42 37 4
37 43 5
43 37 5
37 44 6
44 37 6
37 45 7
45 37 7
37 46 8
46 37 8
37 47 9
47 37 9
37 48 10
48 37 10
37 49 11
49 37 11
37 50 12
50 37 12
37 51 13
51 37 13
37 52 14
52 37 14
37 53 15
53 37 15
37 54 16
54 37 16
37 55 17
55 37 17
37 56 18
56 37 18
37 57 19
57 37 19
37 58 20
58 37 20
37 59 21
59 37 21
37 60 22
60 37 22
37 61 23
61 37 23
37 62 24
62 37 24
37 63 25
63 37 25
37 64 26
64 37 26
37 65 27
65 37 27
37 66 28
66 37 28
37 67 29
67 37 29
37 68 30
68 37 30
37 69 31
69 37 31
37 70 32
70 37 32
37 71 33
71 37 33
37 72 34
72 37 34
37 73 35
73 37 35
37 74 36
74 37 36
37 75 37
75 37 37
37 76 38
76 37 38
37 77 39
77 37 39
37 78 40
78 37 40
37 79 41
79 37 41
38 39 0
39 38 0
38 40 1
40 38 1
38 41 2
41 38 2
38 42 3
42 38 3
38 43 4
43 38 4
38 44 5
44 38 5
38 45 6
45 38 6
38 46 7
46 38 7
38 47 8
47 38 8
38 48 9
48 38 9
38 49 10
49 38 10
38 50 11
50 38 11
38 51 12
51 38 12
38 52 13
52 38 13
38 53 14
53 38 14
38 54 15
54 38 15
38 55 16
55 38 16
38 56 17
56 38 17
38 57 18
57 38 18
38 58 19
58 38 19
38 59 20
59 38 20
38 60 21
60 38 21
38 61 22
61 38 22
38 62 23
62 38 23
38 63 24
63 38 24
38 64 25
64 38 25
38 65 26
65 38 26
38 66 27
66 38 27
38 67 28
67 38 28
38 68 29
68 38 29
38 69 30
69 38 30
38 70 31
70 38 31
38 71 32
71 38 32
38 72 33
72 38 33
38 73 34
73 38 34
38 74 35
74 38 35
38 75 36
75 38 36
38 76 37
76 38 37
38 77 38
77 38 38
38 78 39
78 38 39
38 79 40
79 38 40
39 40 0
40 39 0
39 41 1
41 39 1
39 42 2
42 39 2
39 43 3
43 39 3
39 44 4
44 39 4
39 45 5
45 39 5
39 46 6
46 39 6
39 47 7
47 39 7
39 48 8
48 39 8
39 49 9
49 39 9
39 50 10
50 39 10
39 51 11
51 39 11
39 52 12
52 39 12
39 53 13
53 39 13
39 54 14
54 39 14
39 55 15
55 39 15
39 56 16
56 39 16
39 57 17
57 39 17
39 58 18
58 39 18
39 59 19
59 39 19
39 60 20
60 39 20
39 61 21
61 39 21
39 62 22
62 39 22
39 63 23
63 39 23
39 64 24
64 39 24
39 65 25
65 39 25
39 66 26
66 39 26
39 67 27
67 39 27
39 68 28
68 39 28
39 69 29
69 39 29
39 70 30
70 39 30
39 71 31
71 39 31
39 72 32
72 39 32
39 73 33
73 39 33
39 74 34
74 39 34
39 75 35
75 39 35
39 76 36
76 39 36
39 77 37
77 39 37
39 78 38
78 39 38
39 79 39
79 39 39
40 41 0
41 40 0
40 42 1
42 40 1
40 43 2
43 40 2
40 44 3
44 40 3
40 45 4
45 40 4
40 46 5
46 40 5
40 47 6
47 40 6
40 48 7
48 40 7
40 49 8
49 40 8
40 50 9
50 40 9
40 51 10
51 40 10
40 52 11
52 40 11
40 53 12
53 40 12
40 54 13
54 40 13
40 55 14
55 40 14
40 56 15
56 40 15
40 57 16
57 40 16
40 58 17
58 40 17
40 59 18
59 40 18
40 60 19
60 40 19
40 61 20
61 40 20
40 62 21
62 40 21
40 63 22
63 40 22
40 64 23
64 40 23
40 65 24
65 40 24
40 66 25
66 40 25
40 67 26
67 40 26
40 68 27
68 40 27
40 69 28
69 40 28
40 70 29
70 40 29
40 71 30
71 40 30
40 72 31
72 40 31
40 73 32
73 40 32
40 74 33
74 40 33
40 75 34
75 40 34
40 76 35
76 40 35
40 77 36
77 40 36
40 78 37
78 40 37
40 79 38
79 40 38
41 42 0
42 41 0
41 43 1
43 41 1
41 44 2
44 41 2
41 45 3
45 41 3
41 46 4
46 41 4
41 47 5
47 41 5
41 48 6
48 41 6
41 49 7
49 41 7
41 50 8
50 41 8
41 51 9
51 41 9
41 52 10
52 41 10
41 53 11
53 41 11
41 54 12
54 41 12
41 55 13
55 41 13
41 56 14
56 41 14
41 57 15
57 41 15
41 58 16
58 41 16
41 59 17
59 41 17
41 60 18
60 41 18
41 61 19
61 41 19
41 62 20
62 41 20
41 63 21
63 41 21
41 64 22
64 41 22
41 65 23
65 41 23
41 66 24
66 41 24
41 67 25
67 41 25
41 68 26
68 41 26
41 69 27
69 41 27
41 70 28
70 41 28
41 71 29
71 41 29
41 72 30
72 41 30
41 73 31
73 41 31
41 74 32
74 41 32
41 75 33
75 41 33
41 76 34
76 41 34
41 77 35
77 41 35
41 78 36
78 41 36
41 79 37
79 41 37
42 43 0
43 42 0
42 44 1
44 42 1
42 45 2
45 42 2
42 46 3
46 42 3
42 47 4
47 42 4
42 48 5
48 42 5
42 49 6
49 42 6
42 50 7
50 42 7
42 51 8
51 42 8
42 52 9
52 42 9
42 53 10
53 42 10
42 54 11
54 42 11
42 55 12
55 42 12
42 56 13
56 42 13
42 57 14
57 42 14
42 58 15
58 42 15
42 59 16
59 42 16
42 60 17
60 42 17
42 61 18
61 42 18
42 62 19
62 42 19
42 63 20
63 42 20
42 64 21
64 42 21
42 65 22
65 42 22
42 66 23
66 42 23
42 67 24
67 42 24
42 68 25
68 42 25
42 69 26
69 42 26
42 70 27
70 42 27
42 71 28
71 42 28
42 72 29
72 42 29
42 73 30
73 42 30
42 74 31
74 42 31
42 75 32
75 42 32
42 76 33
76 42 33
42 77 34
77 42 34
42 78 35
78 42 35
42 79 36
79 42 36
43 44 0
44 43 0
43 45 1
45 43 1
43 46 2
46 43 2
43 47 3
47 43 3
43 48 4
48 43 4
43 49 5
49 43 5
43 50 6
50 43 6
43 51 7
51 43 7
43 52 8
52 43 8
43 53 9
53 43 9
43 54 10
54 43 10
43 55 11
55 43 11
43 56 12
56 43 12
43 57 13
57 43 13
43 58 14
58 43 14
43 59 15
59 43 15
43 60 16
60 43 16
43 61 17
61 43 17
43 62 18
62 43 18
43 63 19
63 43 19
43 64 20
64 43 20
43 65 21
65 43 21
43 66 22
66 43 22
43 67 23
67 43 23
43 68 24
68 43 24
43 69 25
69 43 25
43 70 26
70 43 26
43 71 27
71 43 27
43 72 28
72 43 28
43 73 29
73 43 29
43 74 30
74 43 30
43 75 31
75 43 31
43 76 32
76 43 32
43 77 33
77 43 33
43 78 34
78 43 34
43 79 35
79 43 35
44 45 0
45 44 0
44 46 1
46 44 1
44 47 2
47 44 2
44 48 3
48 44 3
44 49 4
49 44 4
44 50 5
50 44 5
44 51 6
51 44 6
44 52 7
52 44 7
44 53 8
53 44 8
44 54 9
54 44 9
44 55 10
55 44 10
44 56 11
56 44 11
44 57 12
57 44 12
44 58 13
58 44 13
44 59 14
59 44 14
44 60 15
60 44 15
44 61 16
61 44 16
44 62 17
62 44 17
44 63 18
63 44 18
44 64 19
64 44 19
44 65 20
65 44 20
44 66 21
66 44 21
44 67 22
67 44 22
44 68 23
68 44 23
44 69 24
69 44 24
44 70 25
70 44 25
44 71 26
71 44 26
44 72 27
72 44 27
44 73 28
73 44 28
44 74 29
74 44 29
44 75 30
75 44 30
44 76 31
76 44 31
44 77 32
77 44 32
44 78 33
78 44 33
44 79 34
79 44 34
45 46 0
46 45 0
45 47 1
47 45 1
45 48 2
48 45 2
45 49 3
49 45 3
45 50 4
50 45 4
45 51 5
51 45 5
45 52 6
52 45 6
45 53 7
53 45 7
45 54 8
54 45 8
45 55 9
55 45 9
45 56 10
56 45 10
45 57 11
57 45 11
45 58 12
58 45 12
45 59 13
59 45 13
45 60 14
60 45 14
45 61 15
61 45 15
45 62 16
62 45 16
45 63 17
63 45 17
45 64 18
64 45 18
45 65 19
65 45 19
45 66 20
66 45 20
45 67 21
67 45 21
45 68 22
68 45 22
45 69 23
69 45 23
45 70 24
70 45 24
45 71 25
71 45 25
45 72 26
72 45 26
45 73 27
73 45 27
45 74 28
74 45 28
45 75 29
75 45 29
45 76 30
76 45 30
45 77 31
77 45 31
45 78 32
78 45 32
45 79 33
79 45 33
46 47 0
47 46 0
46 48 1
48 46 1
46 49 2
49 46 2
46 50 3
50 46 3
46 51 4
51 46 4
46 52 5
52 46 5
46 53 6
53 46 6
46 54 7
54 46 7
46 55 8
55 46 8
46 56 9
56 46 9
46 57 10
57 46 10
46 58 11
58 46 11
46 59 12
59 46 12
46 60 13
60 46 13
46 61 14
61 46 14
46 62 15
62 46 15
46 63 16
63 46 16
46 64 17
64 46 17
46 65 18
65 46 18
46 66 19
66 46 19
46 67 20
67 46 20
46 68 21
68 46 21
46 69 22
69 46 22
46 70 23
70 46 23
46 71 24
71 46 24
46 72 25
72 46 25
46 73 26
73 46 26
46 74 27
74 46 27
46 75 28
75 46 28
46 76 29
76 46 29
46 77 30
77 46 30
46 78 31
78 46 31
46 79 32
79 46 32
47 48 0
48 47 0
47 49 1
49 47 1
47 50 2
50 47 2
47 51 3
51 47 3
47 52 4
52 47 4
47 53 5
53 47 5
47 54 6
54 47 6
47 55 7
55 47 7
47 56 8
56 47 8
47 57 9
57 47 9
47 58 10
58 47 10
47 59 11
59 47 11
47 60 12
60 47 12
47 61 13
61 47 13
47 62 14
62 47 14
47 63 15
63 47 15
47 64 16
64 47 16
47 65 17
65 47 17
47 66 18
66 47 18
47 67 19
67 47 19
47 68 20
68 47 20
47 69 21
69 47 21
47 70 22
70 47 22
47 71 23
71 47 23
47 72 24
72 47 24
47 73 25
73 47 25
47 74 26
74 47 26
47 75 27
75 47 27
47 76 28
76 47 28
47 77 29
77 47 29
47 78 30
78 47 30
47 79 31
79 47 31
48 49 0
49 48 0
48 50 1
50 48 1
48 51 2
51 48 2
48 52 3
52 48 3
48 53 4
53 48 4
48 54 5
54 48 5
48 55 6
55 48 6
48 56 7
56 48 7
48 57 8
57 48 8
48 58 9
58 48 9
48 59 10
59 48 10
48 60 11
60 48 11
48 61 12
61 48 12
48 62 13
62 48 13
48 63 14
63 48 14
48 64 15
64 48 15
48 65 16
65 48 16
48 66 17
66 48 17
48 67 18
67 48 18
48 68 19
68 48 19
48 69 20
69 48 20
48 70 21
70 48 21
48 71 22
71 48 22
48 72 23
72 48 23
48 73 24
73 48 24
48 74 25
74 48 25
48 75 26
75 48 26
48 76 27
76 48 27
48 77 28
77 48 28
48 78 29
78 48 29
48 79 30
79 48 30
49 50 0
50 49 0
49 51 1
51 49 1
49 52 2
52 49 2
49 53 3
53 49 3
49 54 4
54 49 4
49 55 5
55 49 5
49 56 6
56 49 6
49 57 7
57 49 7
49 58 8
58 49 8
49 59 9
59 49 9
49 60 10
60 49 10
49 61 11
61 49 11
49 62 12
62 49 12
49 63 13
63 49 13
49 64 14
64 49 14
49 65 15
65 49 15
49 66 16
66 49 16
49 67 17
67 49 17
49 68 18
68 49 18
49 69 19
69 49 19
49 70 20
70 49 20
49 71 21
71 49 21
49 72 22
72 49 22
49 73 23
73 49 23
49 74 24
74 49 24
49 75 25
75 49 25
49 76 26
76 49 26
49 77 27
77 49 27
49 78 28
78 49 28
49 79 29
79 49 29
50 51 0
51 50 0
50 52 1
52 50 1
50 53 2
53 50 2
50 54 3
54 50 3
50 55 4
55 50 4
50 56 5
56 50 5
50 57 6
57 50 6
50 58 7
58 50 7
50 59 8
59 50 8
50 60 9
60 50 9
50 61 10
61 50 10
50 62 11
62 50 11
50 63 12
63 50 12
50 64 13
64 50 13
50 65 14
65 50 14
50 66 15
66 50 15
50 67 16
67 50 16
50 68 17
68 50 17
50 69 18
69 50 18
50 70 19
70 50 19
50 71 20
71 50 20
50 72 21
72 50 21
50 73 22
73 50 22
50 74 23
74 50 23
50 75 24
75 50 24
50 76 25
76 50 25
50 77 26
77 50 26
50 78 27
78 50 27
50 79 28
79 50 28
51 52 0
52 51 0
51 53 1
53 51 1
51 54 2
54 51 2
51 55 3
55 51 3
51 56 4
56 51 4
51 57 5
57 51 5
51 58 6
58 51 6
51 59 7
59 51 7
51 60 8
60 51 8
51 61 9
61 51 9
51 62 10
62 51 10
51 63 11
63 51 11
51 64 12
64 51 12
51 65 13
65 51 13
51 66 14
66 51 14
51 67 15
67 51 15
51 68 16
68 51 16
51 69 17
69 51 17
51 70 18
70 51 18
51 71 19
71 51 19
51 72 20
72 51 20
51 73 21
73 51 21
51 74 22
74 51 22
51 75 23
75 51 23
51 76 24
76 51 24
51 77 25
77 51 25
51 78 26
78 51 26
51 79 27
79 51 27
52 53 0
53 52 0
52 54 1
54 52 1
52 55 2
55 52 2
52 56 3
56 52 3
52 57 4
57 52 4
52 58 5
58 52 5
52 59 6
59 52 6
52 60 7
60 52 7
52 61 8
61 52 8
52 62 9
62 52 9
52 63 10
63 52 10
52 64 11
64 52 11
52 65 12
65 52 12
52 66 13
66 52 13
52 67 14
67 52 14
52 68 15
68 52 15
52 69 16
69 52 16
52 70 17
70 52 17
52 71 18
71 52 18
52 72 19
72 52 19
52 73 20
73 52 20
52 74 21
74 52 21
52 75 22
75 52 22
52 76 23
76 52 23
52 77 24
77 52 24
52 78 25
78 52 25
52 79 26
79 52 26
53 54 0
54 53 0
53 55 1
55 53 1
53 56 2
56 53 2
53 57 3
57 53 3
53 58 4
58 53 4
53 59 5
59 53 5
53 60 6
60 53 6
53 61 7
61 53 7
53 62 8
62 53 8
53 63 9
63 53 9
53 64 10
64 53 10
53 65 11
65 53 11
53 66 12
66 53 12
53 67 13
67 53 13
53 68 14
68 53 14
53 69 15
69 53 15
53 70 16
70 53 16
53 71 17
71 53 17
53 72 18
72 53 18
53 73 19
73 53 19
53 74 20
74 53 20
53 75 21
75 53 21
53 76 22
76 53 22
53 77 23
77 53 23
53 78 24
78 53 24
53 79 25
79 53 25
54 55 0
55 54 0
54 56 1
56 54 1
54 57 2
57 54 2
54 58 3
58 54 3
54 59 4
59 54 4
54 60 5
60 54 5
54 61 6
61 54 6
54 62 7
62 54 7
54 63 8
63 54 8
54 64 9
64 54 9
54 65 10
65 54 10
54 66 11
66 54 11
54 67 12
67 54 12
54 68 13
68 54 13
54 69 14
69 54 14
54 70 15
70 54 15
54 71 16
71 54 16
54 72 17
72 54 17
54 73 18
73 54 18
54 74 19
74 54 19
54 75 20
75 54 20
54 76 21
76 54 21
54 77 22
77 54 22
54 78 23
78 54 23
54 79 24
79 54 24
55 56 0
56 55 0
55 57 1
57 55 1
55 58 2
58 55 2
55 59 3
59 55 3
55 60 4
60 55 4
55 61 5
61 55 5
55 62 6
62 55 6
55 63 7
63 55 7
55 64 8
64 55 8
55 65 9
65 55 9
55 66 10
66 55 10
55 67 11
67 55 11
55 68 12
68 55 12
55 69 13
69 55 13
55 70 14
70 55 14
55 71 15
71 55 15
55 72 16
72 55 16
55 73 17
73 55 17
55 74 18
74 55 18
55 75 19
75 55 19
55 76 20
76 55 20
55 77 21
77 55 21
55 78 22
78 55 22
55 79 23
79 55 23
56 57 0
57 56 0
56 58 1
58 56 1
56 59 2
59 56 2
56 60 3
60 56 3
56 61 4
61 56 4
56 62 5
62 56 5
56 63 6
63 56 6
56 64 7
64 56 7
56 65 8
65 56 8
56 66 9
66 56 9
56 67 10
67 56 10
56 68 11
68 56 11
56 69 12
69 56 12
56 70 13
70 56 13
56 71 14
71 56 14
56 72 15
72 56 15
56 73 16
73 56 16
56 74 17
74 56 17
56 75 18
75 56 18
56 76 19
76 56 19
56 77 20
77 56 20
56 78 21
78 56 21
56 79 22
79 56 22
57 58 0
58 57 0
57 59 1
59 57 1
57 60 2
60 57 2
57 61 3
61 57 3
57 62 4
62 57 4
57 63 5
63 57 5
57 64 6
64 57 6
57 65 7
65 57 7
57 66 8
66 57 8
57 67 9
67 57 9
57 68 10
68 57 10
57 69 11
69 57 11
57 70 12
70 57 12
57 71 13
71 57 13
57 72 14
72 57 14
57 73 15
73 57 15
57 74 16
74 57 16
57 75 17
75 57 17
57 76 18
76 57 18
57 77 19
77 57 19
57 78 20
78 57 20
57 79 21
79 57 21
58 59 0
59 58 0
58 60 1
60 58 1
58 61 2
61 58 2
58 62 3
62 58 3
58 63 4
63 58 4
58 64 5
64 58 5
58 65 6
65 58 6
58 66 7
66 58 7
58 67 8
67 58 8
58 68 9
68 58 9
58 69 10
69 58 10
58 70 11
70 58 11
58 71 12
71 58 12
58 72 13
72 58 13
58 73 14
73 58 14
58 74 15
74 58 15
58 75 16
75 58 16
58 76 17
76 58 17
58 77 18
77 58 18
58 78 19
78 58 19
58 79 20
79 58 20
59 60 0
60 59 0
59 61 1
61 59 1
59 62 2
62 59 2
59 63 3
63 59 3
59 64 4
64 59 4
59 65 5
65 59 5
59 66 6
66 59 6
59 67 7
67 59 7
59 68 8
68 59 8
59 69 9
69 59 9
59 70 10
70 59 10
59 71 11
71 59 11
59 72 12
72 59 12
59 73 13
73 59 13
59 74 14
74 59 14
59 75 15
75 59 15
59 76 16
76 59 16
59 77 17
77 59 17
59 78 18
78 59 18
59 79 19
79 59 19
60 61 0
61 60 0
60 62 1
62 60 1
60 63 2
63 60 2
60 64 3
64 60 3
60 65 4
65 60 4
60 66 5
66 60 5
60 67 6
67 60 6
60 68 7
68 60 7
60 69 8
69 60 8
60 70 9
70 60 9
60 71 10
71 60 10
60 72 11
72 60 11
60 73 12
73 60 12
60 74 13
74 60 13
60 75 14
75 60 14
60 76 15
76 60 15
60 77 16
77 60 16
60 78 17
78 60 17
60 79 18
79 60 18
61 62 0
62 61 0
61 63 1
63 61 1
61 64 2
64 61 2
61 65 3
65 61 3
61 66 4
66 61 4
61 67 5
67 61 5
61 68 6
68 61 6
61 69 7
69 61 7
61 70 8
70 61 8
61 71 9
71 61 9
61 72 10
72 61 10
61 73 11
73 61 11
61 74 12
74 61 12
61 75 13
75 61 13
61 76 14
76 61 14
61 77 15
77 61 15
61 78 16
78 61 16
61 79 17
79 61 17
62 63 0
63 62 0
62 64 1
64 62 1
62 65 2
65 62 2
62 66 3
66 62 3
62 67 4
67 62 4
62 68 5
68 62 5
62 69 6
69 62 6
62 70 7
70 62 7
62 71 8
71 62 8
62 72 9
72 62 9
62 73 10
73 62 10
62 74 11
74 62 11
62 75 12
75 62 12
62 76 13
76 62 13
62 77 14
77 62 14
62 78 15
78 62 15
62 79 16
79 62 16
63 64 0
64 63 0
63 65 1
65 63 1
63 66 2
66 63 2
63 67 3
67 63 3
63 68 4
68 63 4
63 69 5
69 63 5
63 70 6
70 63 6
63 71 7
71 63 7
63 72 8
72 63 8
63 73 9
73 63 9
63 74 10
74 63 10
63 75 11
75 63 11
63 76 12
76 63 12
63 77 13
77 63 13
63 78 14
78 63 14
63 79 15
79 63 15
64 65 0
65 64 0
64 66 1
66 64 1
64 67 2
67 64 2
64 68 3
68 64 3
64 69 4
69 64 4
64 70 5
70 64 5
64 71 6
71 64 6
64 72 7
72 64 7
64 73 8
73 64 8
64 74 9
74 64 9
64 75 10
75 64 10
64 76 11
76 64 11
64 77 12
77 64 12
64 78 13
78 64 13
64 79 14
79 64 14
65 66 0
66 65 0
65 67 1
67 65 1
65 68 2
68 65 2
65 69 3
69 65 3
65 70 4
70 65 4
65 71 5
71 65 5
65 72 6
72 65 6
65 73 7
73 65 7
65 74 8
74 65 8
65 75 9
75 65 9
65 76 10
76 65 10
65 77 11
77 65 11
65 78 12
78 65 12
65 79 13
79 65 13
66 67 0
67 66 0
66 68 1
68 66 1
66 69 2
69 66 2
66 70 3
70 66 3
66 71 4
71 66 4
66 72 5
72 66 5
66 73 6
73 66 6
66 74 7
74 66 7
66 75 8
75 66 8
66 76 9
76 66 9
66 77 10
77 66 10
66 78 11
78 66 11
66 79 12
79 66 12
67 68 0
68 67 0
67 69 1
69 67 1
67 70 2
70 67 2
67 71 3
71 67 3
67 72 4
72 67 4
67 73 5
73 67 5
67 74 6
74 67 6
67 75 7
75 67 7
67 76 8
76 67 8
67 77 9
77 67 9
67 78 10
78 67 10
67 79 11
79 67 11
68 69 0
69 68 0
68 70 1
70 68 1
68 71 2
71 68 2
68 72 3
72 68 3
68 73 4
73 68 4
68 74 5
74 68 5
68 75 6
75 68 6
68 76 7
76 68 7
68 77 8
77 68 8
68 78 9
78 68 9
68 79 10
79 68 10
69 70 0
70 69 0
69 71 1
71 69 1
69 72 2
72 69 2
69 73 3
73 69 3
69 74 4
74 69 4
69 75 5
75 69 5
69 76 6
76 69 6
69 77 7
77 69 7
69 78 8
78 69 8
69 79 9
79 69 9
70 71 0
71 70 0
70 72 1
72 70 1
70 73 2
73 70 2
70 74 3
74 70 3
70 75 4
75 70 4
70 76 5
76 70 5
70 77 6
77 70 6
70 78 7
78 70 7
70 79 8
79 70 8
71 72 0
72 71 0
71 73 1
73 71 1
71 74 2
74 71 2
71 75 3
75 71 3
71 76 4
76 71 4
71 77 5
77 71 5
71 78 6
78 71 6
71 79 7
79 71 7
72 73 0
73 72 0
72 74 1
74 72 1
72 75 2
75 72 2
72 76 3
76 72 3
72 77 4
77 72 4
72 78 5
78 72 5
72 79 6
79 72 6
73 74 0
74 73 0
73 75 1
75 73 1
73 76 2
76 73 2
73 77 3
77 73 3
73 78 4
78 73 4
73 79 5
79 73 5
74 75 0
75 74 0
74 76 1
76 74 1
74 77 2
77 74 2
74 78 3
78 74 3
74 79 4
79 74 4
75 76 0
76 75 0
75 77 1
77 75 1
75 78 2
78 75 2
75 79 3
79 75 3
76 77 0
77 76 0
76 78 1
78 76 1
76 79 2
79 76 2
77 78 0
78 77 0
77 79 1
79 77 1
78 79 0
79 78 0
0 78 78
78 0 78
0 77 155
77 0 155
0 76 231
76 0 231
0 75 306
75 0 306
0 74 380
74 0 380
0 73 453
73 0 453
0 72 525
72 0 525
0 71 596
71 0 596
0 70 666
70 0 666
0 69 735
69 0 735
0 68 803
68 0 803
0 67 870
67 0 870
0 66 936
66 0 936
0 65 1001
65 0 1001
0 64 1065
64 0 1065
0 63 1128
63 0 1128
0 62 1190
62 0 1190
0 61 1251
61 0 1251
0 60 1311
60 0 1311
0 59 1370
59 0 1370
0 58 1428
58 0 1428
0 57 1485
57 0 1485
0 56 1541
56 0 1541
0 55 1596
55 0 1596
0 54 1650
54 0 1650
0 53 1703
53 0 1703
0 52 1755
52 0 1755
0 51 1806
51 0 1806
0 50 1856
50 0 1856
0 49 1905
49 0 1905
0 48 1953
48 0 1953
0 47 2000
47 0 2000
0 46 2046
46 0 2046
0 45 2091
45 0 2091
0 44 2135
44 0 2135
0 43 2178
43 0 2178
0 42 2220
42 0 2220
0 41 2261
41 0 2261
0 40 2301
40 0 2301
0 39 2340
39 0 2340
0 38 2378
38 0 2378
0 37 2415
37 0 2415
0 36 2451
36 0 2451
0 35 2486
35 0 2486
0 34 2520
34 0 2520
0 33 2553
33 0 2553
0 32 2585
32 0 2585
0 31 2616
31 0 2616
0 30 2646
30 0 2646
0 29 2675
29 0 2675
0 28 2703
28 0 2703
0 27 2730
27 0 2730
0 26 2756
26 0 2756
0 25 2781
25 0 2781
0 24 2805
24 0 2805
0 23 2828
23 0 2828
0 22 2850
22 0 2850
0 21 2871
21 0 2871
0 20 2891
20 0 2891
0 19 2910
19 0 2910
0 18 2928
18 0 2928
0 17 2945
17 0 2945
0 16 2961
16 0 2961
0 15 2976
15 0 2976
0 14 2990
14 0 2990
0 13 3003
13 0 3003
0 12 3015
12 0 3015
0 11 3026
11 0 3026
0 10 3036
10 0 3036
0 9 3045
9 0 3045
0 8 3053
8 0 3053
0 7 3060
7 0 3060
0 6 3066
6 0 3066
0 5 3071
5 0 3071
0 4 3075
4 0 3075
0 3 3078
3 0 3078
0 2 3080
2 0 3080
0 1 3081
1 0 3081
0 79 0
79 0 0