820 775 209
820 776 409
820 777 266
820 778 935
820 779 619
820 780 940
820 781 494
820 782 236
820 783 244
820 784 567
820 785 159
820 786 883
820 787 124
820 788 185
820 789 110
820 790 103
820 791 286
820 792 847
820 793 421
820 794 594
820 795 606
820 796 217
820 797 35
820 798 553
820 799 772
820 800 586
820 801 854
820 802 100
820 803 645
820 804 538
820 805 645
820 806 897
820 807 14
820 808 892
820 809 763
820 810 706
820 811 635
820 812 121
820 813 679
820 814 783
820 815 690
820 816 823
820 817 669
820 818 357
820 819 63
820 820 45
821 1 347
821 2 819
821 3 44
821 4 754
821 5 814
821 6 280
821 7 430
821 8 108
821 9 391
821 10 569
821 11 922
821 12 26
821 13 659
821 14 339
821 15 463
821 16 307
821 17 638
821 18 978
821 19 416
821 20 54
821 21 49
821 22 767
821 23 22
821 24 809
821 25 561
821 26 640
821 27 813
821 28 585
821 29 25
821 30 769
821 31 748
821 32 949
821 33 436
821 34 35
821 35 834
821 36 368
821 37 25
821 38 322
821 39 593
821 40 296
821 41 230
821 42 404
821 43 216
821 44 908
821 45 992
821 46 890
821 47 456
821 48 312
821 49 7
821 50 283
821 51 579
821 52 879
821 53 698
821 54 353
821 55 925
821 56 623
821 57 240
821 58 817
821 59 112
821 60 501
821 61 554
821 62 610
821 63 742
821 64 134
821 65 171
821 66 399
821 67 268
821 68 440
821 69 359
821 70 413
821 71 583
821 72 852
821 73 219
821 74 617
821 75 163
821 76 685
821 77 463
821 78 824
821 79 195
821 80 490
821 81 804
821 82 268
821 83 487
821 84 664
821 85 964
821 86 206
821 87 461
821 88 459
821 89 104
821 90 302
821 91 733
821 92 178
821 93 340
821 94 99
821 95 835
821 96 638
821 97 222
821 98 253
821 99 889
821 100 434
821 101 240
821 102 565
821 103 560
821 104 488
821 105 478
821 106 55
821 107 583
821 108 731
821 109 40
821 110 141
821 111 243
821 112 133
821 113 230
821 114 332
821 115 928
821 116 152
821 117 491
821 118 400
821 119 99
821 120 66
821 121 584
821 122 807
821 123 310
821 124 806
821 125 895
821 126 246
821 127 100
821 128 990
821 129 289
821 130 636
821 131 117
821 132 338
821 133 335
821 134 102
821 135 38
821 136 800
821 137 103
821 138 656
821 139 442
821 140 271
821 141 110
821 142 676
821 143 927
821 144 579
821 145 52
821 146 579
821 147 217
821 148 593
821 149 510
821 150 239
821 151 521
821 152 257
821 153 340
821 154 884
821 155 649
821 156 902
821 157 871
821 158 371
821 159 630
821 160 771
821 161 831
821 162 104
821 163 521
821 164 984
821 165 220
821 166 806
821 167 731
821 168 428
821 169 287
821 170 534
821 171 983
821 172 11
821 173 208
821 174 878
821 175 203
821 176 445
821 177 393
821 178 868
821 179 934
821 180 220
821 181 175
821 182 997
821 183 752
821 184 673
821 185 946
821 186 241
821 187 279
821 188 140
821 189 802
821 190 773
821 191 743
821 192 956
821 193 105
821 194 92
821 195 346
821 196 212
821 197 421
821 198 118
821 199 661
821 200 711
821 201 583
821 202 421
821 203 901
821 204 212
821 205 362
821 206 652
821 207 33
821 208 941
821 209 85
821 210 921
821 211 898
821 212 42
821 213 147
821 214 412
821 215 568
821 216 657
821 217 330
821 218 216
821 219 197
821 220 567
821 221 632
821 222 107
821 223 113
821 224 730
821 225 934
821 226 966
821 227 552
821 228 408
821 229 606
821 230 827
821 231 863
821 232 853
821 233 941
821 234 999
821 235 606
821 236 528
821 237 342
821 238 829
821 239 381
821 240 28
821 241 830
821 242 373
821 243 843
821 244 395
821 245 129
821 246 9
821 247 41
821 248 153
821 249 825
821 250 741
821 251 909
821 252 352
821 253 558
821 254 786
821 255 891
821 256 256
821 257 893
821 258 606
821 259 85
821 260 683
821 261 972
821 262 431
821 263 435
821 264 122
821 265 234
821 266 820
821 267 601
821 268 685
821 269 911
821 270 325
821 271 813
821 272 495
821 273 621
821 274 434
821 275 746
821 276 349
821 277 30
821 278 57
821 279 828
821 280 570
821 281 960
821 282 568
821 283 983
821 284 110
821 285 871
821 286 266
821 287 640
821 288 537
821 289 574
821 290 610
821 291 730
821 292 342
821 293 266
821 294 423
821 295 110
821 296 380
821 297 855
821 298 967
821 299 586
821 300 285
821 301 62
821 302 190
821 303 290
821 304 293
821 305 588
821 306 258
821 307 957
821 308 129
821 309 107
821 310 61
821 311 163
821 312 818
821 313 607
821 314 590
821 315 894
821 316 214
821 317 355
821 318 167
821 319 133
821 320 314
821 321 214
821 322 772
821 323 154
821 324 166
821 325 276
821 326 316
821 327 106
821 328 435
821 329 884
821 330 706
821 331 299
821 332 539
821 333 207
821 334 419
821 335 759
821 336 851
821 337 929
821 338 754
821 339 38
821 340 466
821 341 964
821 342 780
821 343 508
821 344 187
821 345 709
821 346 206
821 347 969
821 348 953
821 349 827
821 350 473
821 351 862
821 352 814
821 353 246
821 354 612
821 355 726
821 356 406
821 357 266
821 358 510
821 359 980
821 360 297
821 361 145
821 362 816
821 363 317
821 364 353
821 365 433
821 366 847
821 367 673
821 368 405
821 369 613
821 370 762
821 371 31
821 372 138
821 373 818
821 374 735
821 375 627
821 376 480
821 377 689
821 378 843
821 379 895
821 380 914
821 381 369
821 382 491
821 383 756
821 384 977
821 385 975
821 386 889
821 387 677
821 388 844
821 389 578
821 390 399
821 391 922
821 392 128
821 393 789
821 394 204
821 395 567
821 396 821
821 397 591
821 398 650
821 399 969
821 400 739
821 401 259
821 402 880
821 403 136
821 404 396
821 405 623
821 406 815
821 407 872
821 408 225
821 409 6
821 410 932
821 411 232
821 412 750
821 413 982
821 414 441
821 415 638
821 416 293
821 417 883
821 418 15
821 419 382
821 420 211
821 421 277
821 422 140
821 423 712
821 424 502
821 425 29
821 426 853
821 427 581
821 428 319
821 429 224
821 430 773
821 431 520
821 432 356
821 433 885
821 434 491
821 435 321
821 436 789
821 437 807
821 438 468
821 439 926
821 440 976
821 441 18
821 442 261
821 443 128
821 444 735
821 445 233
821 446 399
821 447 888
821 448 589
821 449 162
821 450 460
821 451 637
821 452 516
821 453 124
821 454 328
821 455 850
821 456 883
821 457 171
821 458 180
821 459 317
821 460 62
821 461 414
821 462 951
821 463 412
821 464 435
821 465 614
821 466 505
821 467 966
821 468 861
821 469 496
821 470 965
821 471 629
821 472 413
821 473 234
821 474 628
821 475 727
821 476 891
821 477 3
821 478 441
821 479 204
821 480 706
821 481 639
821 482 296
821 483 397
821 484 53
821 485 861
821 486 96
821 487 828
821 488 581
821 489 940
821 490 992
821 491 418
821 492 451
821 493 31
821 494 139
821 495 374
821 496 1
821 497 783
821 498 250
821 499 720
821 500 600
821 501 814
821 502 674
821 503 437
821 504 608
821 505 470
821 506 596
821 507 161
821 508 204
821 509 211
821 510 990
821 511 423
821 512 152
821 513 838
821 514 360
821 515 678
821 516 890
821 517 274
821 518 382
821 519 815
821 520 383
821 521 82
821 522 789
821 523 458
821 524 344
821 525 183
821 526 810
821 527 876
821 528 265
821 529 153
821 530 324
821 531 99
821 532 369
821 533 428
821 534 404
821 535 189
821 536 457
821 537 268
821 538 479
821 539 261
821 540 366
821 541 169
821 542 631
821 543 98
821 544 635
821 545 640
821 546 573
821 547 596
821 548 595
821 549 326
821 550 114
821 551 946
821 552 802
821 553 517
821 554 842
821 555 961
821 556 138
821 557 614
821 558 189
821 559 536
821 560 856
821 561 217
821 562 153
821 563 819
821 564 258
821 565 588
821 566 978
821 567 969
821 568 369
821 569 192
821 570 419
821 571 66
821 572 374
821 573 379
821 574 701
821 575 692
821 576 588
821 577 88
821 578 350
821 579 376
821 580 788
821 581 793
821 582 376
821 583 10
821 584 941
821 585 602
821 586 242
821 587 16
821 588 782
821 589 577
821 590 797
821 591 352
821 592 295
821 593 378
821 594 19
821 595 398
821 596 417
821 597 191
821 598 560
821 599 154
821 600 142
821 601 80
821 602 158
821 603 593
821 604 968
821 605 166
821 606 957
821 607 546
821 608 813
821 609 42
821 610 19
821 611 168
821 612 577
821 613 916
821 614 338
821 615 612
821 616 997
821 617 139
821 618 102
821 619 969
821 620 696
821 621 784
821 622 904
821 623 878
821 624 60
821 625 5
821 626 400
821 627 234
821 628 280
821 629 641
821 630 349
821 631 753
821 632 868
821 633 869
821 634 302
821 635 691
821 636 976
821 637 369
821 638 39
821 639 176
821 640 268
821 641 457
821 642 184
821 643 443
821 644 505
821 645 553
821 646 504
821 647 585
821 648 246
821 649 732
821 650 817
821 651 153
821 652 320
821 653 995
821 654 551
821 655 750
821 656 839
821 657 30
821 658 249
821 659 574
821 660 116
821 661 756
821 662 732
821 663 207
821 664 899
821 665 994
821 666 536
821 667 43
821 668 326
821 669 391
821 670 837
821 671 694
821 672 18
821 673 724
821 674 535
821 675 452
821 676 243
821 677 532
821 678 757
821 679 48
821 680 236
821 681 342
821 682 271
821 683 346
821 684 598
821 685 493
821 686 341
821 687 69
821 688 821
821 689 291
821 690 594
821 691 846
821 692 793
821 693 676
821 694 537
821 695 433
821 696 263
821 697 10
821 698 59
821 699 140
821 700 107
821 701 270
821 702 57
821 703 575
821 704 409
821 705 755
821 706 786
821 707 712
821 708 105
821 709 476
821 710 180
821 711 713
821 712 217
821 713 256
821 714 990
821 715 470
821 716 12
821 717 694
821 718 26
821 719 332
821 720 37
821 721 855
821 722 613
821 723 885
821 724 662
821 725 387
821 726 811
821 727 455
821 728 389
821 729 48
821 730 656
821 731 895
821 732 116
821 733 238
821 734 989
821 735 355
821 736 249
821 737 161
821 738 456
821 739 1
821 740 502
821 741 270
821 742 711
821 743 301
821 744 630
821 745 920
821 746 367
821 747 177
821 748 637
821 749 851
821 750 459
821 751 827
821 752 20
821 753 849
821 754 357
821 755 837
821 756 76
821 757 327
821 758 641
821 759 635
821 760 776
821 761 276
821 762 946
821 763 326
821 764 310
821 765 516
821 766 553
821 767 45
821 768 487
821 769 904
821 770 291
821 771 994
821 772 178
821 773 349
821 774 686
821 775 393
821 776 58
821 777 368
821 778 340
821 779 882
821 780 989
821 781 368
821 782 257
821 783 794
821 784 53
821 785 566
821 786 176
821 787 703
821 788 951
821 789 85
821 790 96
821 791 487
821 792 265
821 793 477
821 794 465
821 795 991
821 796 564
821 797 187
821 798 726
821 799 226
821 800 784
821 801 766
821 802 970
821 803 701
821 804 938
821 805 639
821 806 285
821 807 357
821 808 833
821 809 268
821 810 467
821 811 394
821 812 157
821 813 93
821 814 710
821 815 349
821 816 109
821 817 301
821 818 793
821 819 615
821 820 963
821 821 617
822 1 794
822 2 590
822 3 879
822 4 776
822 5 15
822 6 338
822 7 314
822 8 488
822 9 929
822 10 457
822 11 617
822 12 411
822 13 762
822 14 967
822 15 205
822 16 270
822 17 943
822 18 803
822 19 308
822 20 527
822 21 931
822 22 877
822 23 280
822 24 242
822 25 758
822 26 511
822 27 20
822 28 928
822 29 681
822 30 529
822 31 112
822 32 473
822 33 766
822 34 317
822 35 18
822 36 18
822 37 952
822 38 959
822 39 5
822 40 683
822 41 689
822 42 584
822 43 201
822 44 570
822 45 107
822 46 602
822 47 852
822 48 336
822 49 732
822 50 988
822 51 861
822 52 111
822 53 828
822 54 6
822 55 760
822 56 349
822 57 886
822 58 446
822 59 733
822 60 78
822 61 704
822 62 330
822 63 318
822 64 835
822 65 601
822 66 938
822 67 105
822 68 457
822 69 463
822 70 273
822 71 526
822 72 712
822 73 986
822 74 261
822 75 997
822 76 721
822 77 587
822 78 321
822 79 840
822 80 123
822 81 755
822 82 314
822 83 678
822 84 570
822 85 270
822 86 402
822 87 947
822 88 253
822 89 580
822 90 584
822 91 469
822 92 51
822 93 775
822 94 534
822 95 609
822 96 411
822 97 688
822 98 300
822 99 567
822 100 306
822 101 625
822 102 129
822 103 215
822 104 534
822 105 720
822 106 326
822 107 984
822 108 903
822 109 640
822 110 536
822 111 651
822 112 780
822 113 631
822 114 753
822 115 14
822 116 404
822 117 460
822 118 666
822 119 464
822 120 444
822 121 629
822 122 822
822 123 743
822 124 857
822 125 604
822 126 93
822 127 573
822 128 614
822 129 42
822 130 108
822 131 143
822 132 100
822 133 237
822 134 986
822 135 218
822 136 758
822 137 133
822 138 249
822 139 51
822 140 794
822 141 863
822 142 847
822 143 517
822 144 631
822 145 948
822 146 509
822 147 715
822 148 787
822 149 670
822 150 321
822 151 549
822 152 670
822 153 754
822 154 383
822 155 809
822 156 579
822 157 319
822 158 261
822 159 508
822 160 231
822 161 885
822 162 229
822 163 683
822 164 55
822 165 786
822 166 378
822 167 94
822 168 50
822 169 932
822 170 696
822 171 585
822 172 170
822 173 2
822 174 886
822 175 161
822 176 11
822 177 463
822 178 934
822 179 742
822 180 164
822 181 218
822 182 390
822 183 964
822 184 647
822 185 281
822 186 471
822 187 66
822 188 21
822 189 293
822 190 643
822 191 712
822 192 648
822 193 659
822 194 325
822 195 443
822 196 683
822 197 228
822 198 782
822 199 84
822 200 578
822 201 248
822 202 370
822 203 670
822 204 771
822 205 201
822 206 986
822 207 298
822 208 569
822 209 935
822 210 672
822 211 51
822 212 128
822 213 855
822 214 94
822 215 146
822 216 444
822 217 24
822 218 321
822 219 121
822 220 905
822 221 875
822 222 558
822 223 22
822 224 617
822 225 812
822 226 410
822 227 315
822 228 551
822 229 594
822 230 643
822 231 988
822 232 403
822 233 17
822 234 206
822 235 384
822 236 735
822 237 970
822 238 931
822 239 367
822 240 1000
822 241 370
822 242 748
822 243 361
822 244 835
822 245 248
822 246 653
822 247 329
822 248 750
822 249 351
822 250 18
822 251 454
822 252 260
822 253 342
822 254 781
822 255 287
822 256 725
822 257 956
822 258 449
822 259 99
822 260 687
822 261 39
822 262 130
822 263 818
822 264 460
822 265 848
822 266 822
822 267 67
822 268 923
822 269 717
822 270 762
822 271 801
822 272 740
822 273 266
822 274 348
822 275 925
822 276 602
822 277 225
822 278 348
822 279 727
822 280 524
822 281 265
822 282 413
822 283 947
822 284 649
822 285 42
822 286 213
822 287 92
822 288 631
822 289 902
822 290 343
822 291 293
822 292 505
822 293 955
822 294 944
822 295 714
822 296 629
822 297 535
822 298 488
822 299 699
822 300 753
822 301 106
822 302 945
822 303 993
822 304 575
822 305 913
822 306 762
822 307 752
822 308 104
822 309 253
822 310 912
822 311 620
822 312 322
822 313 525
822 314 105
822 315 153
822 316 342
822 317 22
822 318 888
822 319 674
822 320 779
822 321 185
822 322 349
822 323 995
822 324 191
822 325 901
822 326 613
822 327 612
822 328 953
822 329 152
822 330 796
822 331 442
822 332 252
822 333 523
822 334 497
822 335 366
822 336 303
822 337 148
822 338 619
822 339 548
822 340 119
822 341 972
822 342 110
822 343 667
822 344 669
822 345 166
822 346 251
822 347 794
822 348 908
822 349 232
822 350 376
822 351 536
822 352 422
822 353 759
822 354 413
822 355 50
822 356 579
822 357 31
822 358 931
822 359 554
822 360 302
822 361 985
822 362 597
822 363 969
822 364 641
822 365 964
822 366 435
822 367 109
822 368 640
822 369 298
822 370 236
822 371 403
822 372 889
822 373 115
822 374 781
822 375 69
822 376 181
822 377 607
822 378 474
822 379 67
822 380 819
822 381 706
822 382 420
822 383 46
822 384 290
822 385 144
822 386 495
822 387 319
822 388 624
822 389 841
822 390 326
822 391 493
822 392 786
822 393 410
822 394 471
822 395 784
822 396 956
822 397 64
822 398 132
822 399 518
822 400 359
822 401 642
822 402 836
822 403 474
822 404 143
822 405 810
822 406 105
822 407 910
822 408 950
822 409 335
822 410 953
822 411 275
822 412 436
822 413 366
822 414 197
822 415 819
822 416 489
822 417 79
822 418 246
822 419 706
822 420 594
822 421 551
822 422 944
822 423 869
822 424 938
822 425 962
822 426 253
822 427 301
822 428 921
822 429 497
822 430 178
822 431 301
822 432 777
822 433 756
822 434 817
822 435 867
822 436 749
822 437 294
822 438 124
822 439 816
822 440 150
822 441 183
822 442 361
822 443 566
822 444 690
822 445 432
822 446 998
822 447 512
822 448 107
822 449 991
822 450 920
822 451 87
822 452 754
822 453 307
822 454 523
822 455 205
822 456 726
822 457 823
822 458 260
822 459 112
822 460 701
822 461 444
822 462 547
822 463 44
822 464 685
822 465 546
822 466 898
822 467 27
822 468 400
822 469 925
822 470 354
822 471 984
822 472 993
822 473 172
822 474 680
822 475 257
822 476 547
822 477 124
822 478 387
822 479 701
822 480 192
822 481 204
822 482 850
822 483 246
822 484 238
822 485 348
822 486 938
822 487 199
822 488 291
822 489 367
822 490 110
822 491 713
822 492 271
822 493 59
822 494 300
822 495 851
822 496 380
822 497 503
822 498 274
822 499 859
822 500 711
822 501 107
822 502 682
822 503 345
822 504 197
822 505 272
822 506 603
822 507 255
822 508 769
822 509 61
822 510 792
822 511 958
822 512 882
822 513 426
822 514 798
822 515 276
822 516 627
822 517 683
822 518 455
822 519 732
822 520 221
822 521 527
822 522 45
822 523 141
822 524 375
822 525 807
822 526 783
822 527 13
822 528 262
822 529 426
822 530 559
822 531 184
822 532 808
822 533 633
822 534 540
822 535 652
822 536 986
822 537 634
822 538 134
822 539 116
822 540 326
822 541 28
822 542 310
822 543 169
822 544 900
822 545 156
822 546 113
822 547 553
822 548 80
822 549 746
822 550 585
822 551 229
822 552 497
822 553 409
822 554 525
822 555 221
822 556 233
822 557 537
822 558 631
822 559 658
822 560 47
822 561 941
822 562 371
822 563 833
822 564 705
822 565 637
822 566 904
822 567 453
822 568 646
822 569 573
822 570 131
822 571 396
822 572 780
822 573 419
822 574 227
822 575 804
822 576 389
822 577 811
822 578 166
822 579 509
822 580 939
822 581 878
822 582 811
822 583 998
822 584 582
822 585 774
822 586 113
822 587 826
822 588 816
822 589 391
822 590 967
822 591 56
822 592 282
822 593 425
822 594 737
822 595 590
822 596 184
822 597 147
822 598 813
822 599 312
822 600 750
822 601 337
822 602 331
822 603 775
822 604 300
822 605 122
822 606 204
822 607 36
822 608 217
822 609 201
822 610 581
822 611 188
822 612 745
822 613 468
822 614 346
822 615 204
822 616 848
822 617 857
822 618 48
822 619 645
822 620 997
822 621 525
822 622 504
822 623 425
822 624 33
822 625 693
822 626 251
822 627 610
822 628 364
822 629 831
822 630 526
822 631 945
822 632 205
822 633 531
822 634 430
822 635 645
822 636 326
822 637 686
822 638 26
822 639 389
822 640 862
822 641 175
822 642 289
822 643 835
822 644 415
822 645 403
822 646 41
822 647 886
822 648 30
822 649 110
822 650 561
822 651 666
822 652 225
822 653 751
822 654 179
822 655 612
822 656 392
822 657 402
822 658 130
822 659 93
822 660 816
822 661 44
822 662 684
822 663 14
822 664 795
822 665 663
822 666 69
822 667 550
822 668 465
822 669 586
822 670 706
822 671 179
822 672 4
822 673 832
822 674 300
822 675 476
822 676 583
822 677 440
822 678 840
822 679 239
822 680 442
822 681 8
822 682 410
822 683 837
822 684 930
822 685 611
822 686 657
822 687 857
822 688 14
822 689 740
822 690 39
822 691 360
822 692 152
822 693 577
822 694 307
822 695 102
822 696 840
822 697 354
822 698 784
822 699 846
822 700 286
822 701 986
822 702 336
822 703 72
822 704 362
822 705 422
822 706 587
822 707 12
822 708 311
822 709 594
822 710 231
822 711 810
822 712 559
822 713 915
822 714 317
822 715 671
822 716 342
822 717 635
822 718 904
822 719 0
822 720 809
822 721 827
822 722 558
822 723 866
822 724 381
822 725 153
822 726 89
822 727 581
822 728 758
822 729 588
822 730 297
822 731 533
822 732 204
822 733 674
822 734 772
822 735 504
822 736 175
822 737 192
822 738 608
822 739 49
822 740 664
822 741 17
822 742 75
822 743 505
822 744 62
822 745 549
822 746 218
822 747 266
822 748 794
822 749 448
822 750 981
822 751 895
822 752 49
822 753 622
822 754 602
822 755 620
822 756 784
822 757 163
822 758 917
822 759 829
822 760 173
822 761 791
822 762 100
822 763 813
822 764 622
822 765 733
822 766 571
822 767 463
822 768 760
822 769 331
822 770 221
822 771 69
822 772 548
822 773 255
822 774 583
822 775 692
822 776 78
822 777 80
822 778 421
822 779 399
822 780 948
822 781 190
822 782 843
822 783 79
822 784 843
822 785 928
822 786 975
822 787 683
822 788 28
822 789 415
822 790 885
822 791 171
822 792 847
822 793 637
822 794 727
822 795 261
822 796 831
822 797 309
822 798 158
822 799 387
822 800 753
822 801 360
822 802 121
822 803 969
822 804 993
822 805 828
822 806 204
822 807 287
822 808 733
822 809 743
822 810 181
822 811 166
822 812 820
822 813 300
822 814 357
822 815 576
822 816 994
822 817 977
822 818 219
822 819 345
822 820 831
822 821 875
822 822 819
823 1 730
823 2 405
823 3 747
823 4 610
823 5 839
823 6 534
823 7 15
823 8 485
823 9 762
823 10 754
823 11 775
823 12 897
823 13 228
823 14 866
823 15 933
823 16 443
823 17 456
823 18 894
823 19 319
823 20 39
823 21 971
823 22 993
823 23 767
823 24 531
823 25 930
823 26 453
823 27 258
823 28 604
823 29 363
823 30 270
823 31 337
823 32 385
823 33 877
823 34 812
823 35 28
823 36 196
823 37 965
823 38 670
823 39 865
823 40 993
823 41 734
823 42 926
823 43 489
823 44 207
823 45 115
823 46 248
823 47 95
823 48 84
823 49 832
823 50 172
823 51 605
823 52 368
823 53 575
823 54 955
823 55 708
823 56 135
823 57 347
823 58 982
823 59 841
823 60 430
823 61 929
823 62 141
823 63 797
823 64 657
823 65 547
823 66 945
823 67 834
823 68 890
823 69 463
823 70 884
823 71 524
823 72 775
823 73 885
823 74 431
823 75 80
823 76 160
823 77 831
823 78 826
823 79 591
823 80 974
823 81 182
823 82 871
823 83 305
823 84 27
823 85 826
823 86 424
823 87 158
823 88 929
823 89 332
823 90 623
823 91 7
823 92 455
823 93 819
823 94 500
823 95 159
823 96 621
823 97 304
823 98 337
823 99 307
823 100 838
823 101 826
823 102 134
823 103 113
823 104 830
823 105 466
823 106 926
823 107 828
823 108 24
823 109 879
823 110 414
823 111 29
823 112 290
823 113 479
823 114 278
823 115 998
823 116 838
823 117 398
823 118 810
823 119 69
823 120 709
823 121 890
823 122 864
823 123 465
823 124 761
823 125 696
823 126 345
823 127 580
823 128 571
823 129 752
823 130 144
823 131 876
823 132 163
823 133 640
823 134 635
823 135 831
823 136 810
823 137 6
823 138 469
823 139 966
823 140 282
823 141 573
823 142 91
823 143 173
823 144 339
823 145 353
823 146 60
823 147 731
823 148 892
823 149 392
823 150 250
823 151 304
823 152 505
823 153 622
823 154 493
823 155 67
823 156 336
823 157 126
823 158 603
823 159 437
823 160 948
823 161 338
823 162 821
823 163 254
823 164 905
823 165 445
823 166 351
823 167 193
823 168 63
823 169 11
823 170 405
823 171 92
823 172 772
823 173 102
823 174 559
823 175 344
823 176 727
823 177 456
823 178 173
823 179 332
823 180 692
823 181 811
823 182 282
823 183 272
823 184 704
823 185 946
823 186 182
823 187 133
823 188 734
823 189 963
823 190 193
823 191 925
823 192 767
823 193 97
823 194 859
823 195 428
823 196 143
823 197 97
823 198 293
823 199 617
823 200 454
823 201 583
823 202 611
823 203 781
823 204 229
823 205 621
823 206 208
823 207 534
823 208 912
823 209 587
823 210 343
823 211 128
823 212 500
823 213 385
823 214 98
823 215 102
823 216 374
823 217 367
823 218 661
823 219 214
823 220 576
823 221 150
823 222 140
823 223 605
823 224 962
823 225 904
823 226 96
823 227 740
823 228 764
823 229 808
823 230 92
823 231 754
823 232 719
823 233 39
823 234 528
823 235 55
823 236 961
823 237 863
823 238 119
823 239 188
823 240 991
823 241 444
823 242 254
823 243 959
823 244 492
823 245 124
823 246 496
823 247 677
823 248 189
823 249 875
823 250 601
823 251 167
823 252 518
823 253 861
823 254 514
823 255 277
823 256 954
823 257 890
823 258 79
823 259 197
823 260 947
823 261 963
823 262 639
823 263 174
823 264 973
823 265 194
823 266 488
823 267 183
823 268 990
823 269 941
823 270 132
823 271 698
823 272 832
823 273 950
823 274 876
823 275 847
823 276 757
823 277 757
823 278 438
823 279 412
823 280 305
823 281 770
823 282 478
823 283 730
823 284 931
823 285 860
823 286 219
823 287 14
823 288 713
823 289 950
823 290 287
823 291 773
823 292 916
823 293 413
823 294 952
823 295 343
823 296 686
823 297 410
823 298 340
823 299 547
823 300 810
823 301 454
823 302 311
823 303 890
823 304 528
823 305 272
823 306 828
823 307 337
823 308 502
823 309 423
823 310 536
823 311 350
823 312 463
823 313 907
823 314 795
823 315 301
823 316 904
823 317 287
823 318 768
823 319 324
823 320 806
823 321 913
823 322 933
823 323 953
823 324 132
823 325 651
823 326 592
823 327 64
823 328 205
823 329 794
823 330 157
823 331 424
823 332 11
823 333 755
823 334 456
823 335 907
823 336 7
823 337 582
823 338 228
823 339 754
823 340 610
823 341 40
823 342 736
823 343 401
823 344 214
823 345 428
823 346 917
823 347 376
823 348 694
823 349 634
823 350 542
823 351 974
823 352 665
823 353 392
823 354 978
823 355 368
823 356 803
823 357 916
823 358 181
823 359 749
823 360 235
823 361 776
823 362 49
823 363 691
823 364 64
823 365 784
823 366 198
823 367 683
823 368 319
823 369 929
823 370 328
823 371 56
823 372 112
823 373 892
823 374 783
823 375 141
823 376 872
823 377 19
823 378 870
823 379 575
823 380 86
823 381 1
823 382 143
823 383 825
823 384 493
823 385 756
823 386 998
823 387 26
823 388 864
823 389 755
823 390 739
823 391 532
823 392 148
823 393 506
823 394 338
823 395 232
823 396 345
823 397 815
823 398 622
823 399 325
823 400 429
823 401 891
823 402 384
823 403 674
823 404 755
823 405 559
823 406 576
823 407 627
823 408 574
823 409 541
823 410 542
823 411 466
823 412 49
823 413 112
823 414 178
823 415 450
823 416 319
823 417 112
823 418 853
823 419 726
823 420 561
823 421 512
823 422 200
823 423 278
823 424 184
823 425 938
823 426 636
823 427 700
823 428 637
823 429 18
823 430 303
823 431 792
823 432 276
823 433 899
823 434 678
823 435 516
823 436 923
823 437 492
823 438 877
823 439 652
823 440 997
823 441 603
823 442 351
823 443 881
823 444 508
823 445 676
823 446 322
823 447 560
823 448 631
823 449 242
823 450 204
823 451 137
823 452 330
823 453 123
823 454 230
823 455 769
823 456 369
823 457 101
823 458 444
823 459 450
823 460 783
823 461 937
823 462 128
823 463 66
823 464 236
823 465 951
823 466 231
823 467 511
823 468 179
823 469 357
823 470 143
823 471 57
823 472 828
823 473 469
823 474 309
823 475 807
823 476 816
823 477 434
823 478 528
823 479 339
823 480 92
823 481 854
823 482 674
823 483 922
823 484 889
823 485 466
823 486 753
823 487 691
823 488 366
823 489 784
823 490 923
823 491 836
823 492 532
823 493 652
823 494 216
823 495 87
823 496 741
823 497 844
823 498 165
823 499 938
823 500 181
823 501 916
823 502 914
823 503 267
823 504 413
823 505 827
823 506 662
823 507 178
823 508 641
823 509 345
823 510 782
823 511 273
823 512 719
823 513 463
823 514 543
823 515 176
823 516 923
823 517 412
823 518 845
823 519 865
823 520 309
823 521 921
823 522 765
823 523 873
823 524 222
823 525 102
823 526 594
823 527 590
823 528 83
823 529 288
823 530 96
823 531 913
823 532 622
823 533 413
823 534 854
823 535 122
823 536 647
823 537 154
823 538 115
823 539 943
823 540 59
823 541 144
823 542 723
823 543 144
823 544 679
823 545 496
823 546 474
823 547 400
823 548 91
823 549 762
823 550 387
823 551 52
823 552 108
823 553 722
823 554 918
823 555 265
823 556 916
823 557 536
823 558 730
823 559 81
823 560 246
823 561 981
823 562 486
823 563 162
823 564 571
823 565 868
823 566 173
823 567 191
823 568 654
823 569 309
823 570 665
823 571 674
823 572 193
823 573 1
823 574 884
823 575 780
823 576 876
823 577 341
823 578 317
823 579 335
823 580 777
823 581 329
823 582 387
823 583 115
823 584 119
823 585 730
823 586 678
823 587 364
823 588 957
823 589 278
823 590 167
823 591 323
823 592 676
823 593 89
823 594 178
823 595 325
823 596 746
823 597 455
823 598 619
823 599 600
823 600 549
823 601 99
823 602 158
823 603 509
823 604 224
823 605 822
823 606 348
823 607 721
823 608 130
823 609 999
823 610 472
823 611 166
823 612 251
823 613 351
823 614 460
823 615 829
823 616 819
823 617 298
823 618 371
823 619 329
823 620 476
823 621 140
823 622 828
823 623 73
823 624 274
823 625 196
823 626 789
823 627 643
823 628 434
823 629 780
823 630 210
823 631 829
823 632 439
823 633 148
823 634 385
823 635 908
823 636 504
823 637 685
823 638 442
823 639 497
823 640 966
823 641 273
823 642 875
823 643 427
823 644 93
823 645 219
823 646 648
823 647 414
823 648 414
823 649 486
823 650 772
823 651 672
823 652 7
823 653 789
823 654 184
823 655 374
823 656 594
823 657 315
823 658 673
823 659 313
823 660 112
823 661 693
823 662 639
823 663 103
823 664 902
823 665 105
823 666 337
823 667 43
823 668 379
823 669 934
823 670 479
823 671 902
823 672 133
823 673 942
823 674 365
823 675 309
823 676 82
823 677 264
823 678 576
823 679 138
823 680 576
823 681 477
823 682 643
823 683 142
823 684 51
823 685 536
823 686 587
823 687 79
823 688 482
823 689 501
823 690 27
823 691 45
823 692 199
823 693 348
823 694 956
823 695 65
823 696 148
823 697 143
823 698 516
823 699 132
823 700 915
823 701 314
823 702 98
823 703 609
823 704 917
823 705 665
823 706 547
823 707 832
823 708 403
823 709 270
823 710 522
823 711 944
823 712 369
823 713 45
823 714 793
823 715 229
823 716 819
823 717 740
823 718 537
823 719 726
823 720 349
823 721 503
823 722 258
823 723 865
823 724 978
823 725 801
823 726 500
823 727 158
823 728 711
823 729 880
823 730 450
823 731 866
823 732 323
823 733 509
823 734 956
823 735 131
823 736 643
823 737 464
823 738 620
823 739 807
823 740 169
823 741 99
823 742 224
823 743 68
823 744 440
823 745 315
823 746 215
823 747 364
823 748 621
823 749 25
823 750 772
823 751 601
823 752 825
823 753 189
823 754 592
823 755 486
823 756 921
823 757 720
823 758 750
823 759 761
823 760 569
823 761 455
823 762 536
823 763 483
823 764 562
823 765 358
823 766 546
823 767 971
823 768 399
823 769 829
823 770 695
823 771 504
823 772 30
823 773 26
823 774 830
823 775 729
823 776 284
823 777 817
823 778 974
823 779 87
823 780 568
823 781 424
823 782 22
823 783 988
823 784 37
823 785 739
823 786 416
823 787 779
823 788 671
823 789 748
823 790 278
823 791 432
823 792 207
823 793 514
823 794 970
823 795 526
823 796 661
823 797 959
823 798 511
823 799 23
823 800 526
823 801 622
823 802 384
823 803 291
823 804 739
823 805 258
823 806 263
823 807 322
823 808 619
823 809 256
823 810 122
823 811 475
823 812 502
823 813 434
823 814 745
823 815 551
823 816 328
823 817 431
823 818 660
823 819 924
823 820 534
823 821 262
823 822 407
823 823 180
824 1 256
824 2 157
824 3 101
824 4 189
824 5 766
824 6 932
824 7 308
824 8 2
824 9 582
824 10 930
824 11 162
824 12 955
824 13 717
824 14 64
824 15 258
824 16 219
824 17 766
824 18 658
824 19 737
824 20 754
824 21 983
824 22 847
824 23 455
824 24 390
824 25 439
824 26 695
824 27 157
824 28 165
824 29 401
824 30 775
824 31 423
824 32 506
824 33 766
824 34 629
824 35 192
824 36 953
824 37 889
824 38 682
824 39 15
824 40 614
824 41 782
824 42 394
824 43 942
824 44 923
824 45 646
824 46 910
824 47 742
824 48 766
824 49 922
824 50 824
824 51 651
824 52 882
824 53 751
824 54 697
824 55 739
824 56 233
824 57 922
824 58 890
824 59 491
824 60 190
824 61 372
824 62 428
824 63 17
824 64 810
824 65 789
824 66 119
824 67 373
824 68 354
824 69 841
824 70 986
824 71 342
824 72 984
824 73 633
824 74 607
824 75 460
824 76 674
824 77 559
824 78 896
824 79 464
824 80 194
824 81 912
824 82 878
824 83 771
824 84 556
824 85 658
824 86 32
824 87 989
824 88 936
824 89 202
824 90 838
824 91 561
824 92 597
824 93 239
824 94 414
824 95 911
824 96 176
824 97 337
824 98 162
824 99 621
824 100 818
824 101 30
824 102 5
824 103 264
824 104 43
824 105 694
824 106 710
824 107 833
824 108 292
824 109 417
824 110 75
824 111 607
824 112 624
824 113 580
824 114 892
824 115 204
824 116 509
824 117 175
824 118 116
824 119 649
824 120 536
824 121 842
824 122 973
824 123 948
824 124 378
824 125 259
824 126 183
824 127 725
824 128 797
824 129 881
824 130 838
824 131 954
824 132 999
824 133 671
824 134 232
824 135 273
824 136 694
824 137 792
824 138 7
824 139 426
824 140 664
824 141 342
824 142 81
824 143 740
824 144 274
824 145 762
824 146 47
824 147 268
824 148 941
824 149 163
824 150 818
824 151 797
824 152 276
824 153 549
824 154 431
824 155 775
824 156 989
824 157 34
824 158 403
824 159 237
824 160 339
824 161 653
824 162 32
824 163 365
824 164 570
824 165 397
824 166 950
824 167 793
824 168 281
824 169 980
824 170 105
824 171 787
824 172 408
824 173 818
824 174 361
824 175 248
824 176 706
824 177 686
824 178 632
824 179 118
824 180 650
824 181 194
824 182 328
824 183 257
824 184 647
824 185 148
824 186 506
824 187 812
824 188 513
824 189 97
824 190 647
824 191 204
824 192 331
824 193 764
824 194 832
824 195 359
824 196 672
824 197 939
824 198 176
824 199 41
824 200 893
824 201 142
824 202 836
824 203 267
824 204 989
824 205 282
824 206 128
824 207 682
824 208 495
824 209 752
824 210 501
824 211 848
824 212 118
824 213 190
824 214 140
824 215 924
824 216 668
824 217 214
824 218 709
824 219 697
824 220 758
824 221 263
824 222 146
824 223 1
824 224 8
824 225 21
824 226 382
824 227 517
824 228 361
824 229 964
824 230 290
824 231 752
824 232 373
824 233 989
824 234 796
824 235 870
824 236 414
824 237 619
824 238 156
824 239 93
824 240 710
824 241 579
824 242 247
824 243 314
824 244 930
824 245 401
824 246 559
824 247 585
824 248 715
824 249 575
824 250 331
824 251 936
824 252 541
824 253 380
824 254 917
824 255 387
824 256 810
824 257 746
824 258 96
824 259 254
824 260 566
824 261 900
824 262 747
824 263 35
824 264 981
824 265 518
824 266 641
824 267 82
824 268 133
824 269 523
824 270 432
824 271 870
824 272 747
824 273 381
824 274 875
824 275 141
824 276 104
824 277 552
824 278 172
824 279 909
824 280 744
824 281 513
824 282 456
824 283 880
824 284 734
824 285 484
824 286 117
824 287 82
824 288 443
824 289 498
824 290 956
824 291 102
824 292 840
824 293 206
824 294 118
824 295 676
824 296 795
824 297 622
824 298 66
824 299 726
824 300 78
824 301 104
824 302 814
824 303 138
824 304 574
824 305 760
824 306 970
824 307 20
824 308 142
824 309 599
824 310 83
824 311 664
824 312 481
824 313 173
824 314 888
824 315 608
824 316 895
824 317 159
824 318 44
824 319 639
824 320 33
824 321 1
824 322 59
824 323 316
824 324 301
824 325 7
824 326 377
824 327 93
824 328 947
824 329 813
824 330 43
824 331 41
824 332 434
824 333 69
824 334 897
824 335 386
824 336 210
824 337 949
824 338 561
824 339 316
824 340 648
824 341 465
824 342 955
824 343 952
824 344 225
824 345 300
824 346 848
824 347 728
824 348 666
824 349 783
824 350 61
824 351 69
824 352 472
824 353 778
824 354 339
824 355 273
824 356 839
824 357 600
824 358 33
824 359 400
824 360 309
824 361 312
824 362 817
824 363 751
824 364 289
824 365 750
824 366 834
824 367 484
824 368 119
824 369 676
824 370 109
824 371 917
824 372 917
824 373 161
824 374 490
824 375 163
824 376 38
824 377 544
824 378 980
824 379 318
824 380 450
824 381 406
824 382 296
824 383 183
824 384 441
824 385 691
824 386 447
824 387 695
824 388 940
824 389 933
824 390 532
824 391 669
824 392 10
824 393 183
824 394 664
824 395 234
824 396 32
824 397 618
824 398 965
824 399 181
824 400 101
824 401 794
824 402 70
824 403 898
824 404 509
824 405 912
824 406 841
824 407 187
824 408 159
824 409 346
824 410 639
824 411 24
824 412 385
824 413 236
824 414 339
824 415 232
824 416 698
824 417 67
824 418 317
824 419 451
824 420 981
824 421 449
824 422 434
824 423 38
824 424 354
824 425 174
824 426 790
824 427 661
824 428 599
824 429 935
824 430 837
824 431 428
824 432 311
824 433 378
824 434 560
824 435 480
824 436 309
824 437 615
824 438 739
824 439 600
824 440 993
824 441 854
824 442 785
824 443 915
824 444 997
824 445 941
824 446 731
824 447 404
824 448 991
824 449 939
824 450 441
824 451 844
824 452 690
824 453 408
824 454 157
824 455 496
824 456 689
824 457 295
824 458 650
824 459 445
824 460 642
824 461 0
824 462 567
824 463 410
824 464 995
824 465 496
824 466 289
824 467 237
824 468 789
824 469 655
824 470 779
824 471 712
824 472 660
824 473 800
824 474 390
824 475 422
824 476 658
824 477 388
824 478 354
824 479 88
824 480 39
824 481 65
824 482 290
824 483 718
824 484 526
824 485 720
824 486 459
824 487 428
824 488 821
824 489 788
824 490 908
824 491 887
824 492 782
824 493 851
824 494 302
824 495 631
824 496 202
824 497 2
824 498 936
824 499 756
824 500 350
824 501 761
824 502 734
824 503 488
824 504 557
824 505 23
824 506 438
824 507 80
824 508 212
824 509 285
824 510 628
824 511 414
824 512 567
824 513 963
824 514 687
824 515 710
824 516 531
824 517 736
824 518 89
824 519 675
824 520 134
824 521 502
824 522 69
824 523 208
824 524 580
824 525 202
824 526 12
824 527 376
824 528 451
824 529 898
824 530 976
824 531 811
824 532 478
824 533 913
824 534 423
824 535 503
824 536 33
824 537 136
824 538 564
824 539 339
824 540 616
824 541 716
824 542 974
824 543 398
824 544 835
824 545 202
824 546 186
824 547 922
824 548 838
824 549 529
824 550 746
824 551 470
824 552 104
824 553 21
824 554 253
824 555 691
824 556 293
824 557 719
824 558 964
824 559 807
824 560 636
824 561 485
824 562 381
824 563 23
824 564 658
824 565 331
824 566 473
824 567 921
824 568 227
824 569 900
824 570 190
824 571 167
824 572 794
824 573 279
824 574 352
824 575 259
824 576 925
824 577 735
824 578 762
824 579 901
824 580 478
824 581 755
824 582 781
824 583 873
824 584 643
824 585 484
824 586 321
824 587 525
824 588 355
824 589 290
824 590 239
824 591 616
824 592 969
824 593 993
824 594 431
824 595 603
824 596 8
824 597 825
824 598 655
824 599 435
824 600 191
824 601 376
824 602 857
824 603 573
824 604 516
824 605 608
824 606 660
824 607 474
824 608 235
824 609 393
824 610 740
824 611 262
824 612 213
824 613 390
824 614 786
824 615 645
824 616 84
824 617 317
824 618 102
824 619 125
824 620 983
824 621 16
824 622 387
824 623 574
824 624 27
824 625 584
824 626 851
824 627 721
824 628 450
824 629 171
824 630 710
824 631 849
824 632 925
824 633 264
824 634 476
824 635 169
824 636 169
824 637 455
824 638 168
824 639 700
824 640 113
824 641 856
824 642 943
824 643 251
824 644 62
824 645 758
824 646 295
824 647 631
824 648 557
824 649 104
824 650 94
824 651 910
824 652 308
824 653 796
824 654 513
824 655 117
824 656 557
824 657 319
824 658 212
824 659 742
824 660 337
824 661 109
824 662 4
824 663 105
824 664 15
824 665 409
824 666 460
824 667 960
824 668 175
824 669 558
824 670 267
824 671 472
824 672 585
824 673 685
824 674 902
824 675 383
824 676 248
824 677 203
824 678 867
824 679 463
824 680 345
824 681 771
824 682 347
824 683 95
824 684 1
824 685 147
824 686 992
824 687 0
824 688 345
824 689 694
824 690 684
824 691 571
824 692 127
824 693 539
824 694 285
824 695 308
824 696 174
824 697 615
824 698 303
824 699 861
824 700 691
824 701 58
824 702 431
824 703 98
824 704 738
824 705 652
824 706 402
824 707 243
824 708 491
824 709 670
824 710 395
824 711 717
824 712 879
824 713 537
824 714 822
824 715 972
824 716 15
824 717 98
824 718 134
824 719 463
824 720 820
824 721 571
824 722 89
824 723 108
824 724 598
824 725 373
824 726 419
824 727 446
824 728 869
824 729 437
824 730 362
824 731 857
824 732 703
824 733 177
824 734 452
824 735 483
824 736 934
824 737 738
824 738 779
824 739 366
824 740 255
824 741 126
824 742 656
824 743 985
824 744 130
824 745 953
824 746 798
824 747 420
824 748 338
824 749 197
824 750 942
824 751 737
824 752 636
824 753 330
824 754 317
824 755 446
824 756 31
824 757 673
824 758 111
824 759 833
824 760 881
824 761 723
824 762 725
824 763 267
824 764 347
824 765 212
824 766 15
824 767 710
824 768 176
824 769 894
824 770 973
824 771 274
824 772 509
824 773 623
824 774 135
824 775 413
824 776 527
824 777 271
824 778 482
824 779 901
824 780 496
824 781 202
824 782 263
824 783 724
824 784 394
824 785 859
824 786 109
824 787 273
824 788 7
824 789 857
824 790 164
824 791 199
824 792 529
824 793 761
824 794 582
824 795 863
824 796 625
824 797 479
824 798 434
824 799 790
824 800 636
824 801 522
824 802 292
824 803 789
824 804 795
824 805 646
824 806 53
824 807 458
824 808 658
824 809 989
824 810 395
824 811 26
824 812 460
824 813 148
824 814 376
824 815 86
824 816 313
824 817 793
824 818 924
824 819 268
824 820 662
824 821 820
824 822 242
824 823 276
824 824 650
825 1 664
825 2 455
825 3 97
825 4 305
825 5 205
825 6 946
825 7 397
825 8 546
825 9 671
825 10 583
825 11 732
825 12 339
825 13 727
825 14 132
825 15 560
825 16 531
825 17 592
825 18 430
825 19 256
825 20 783
825 21 10
825 22 895
825 23 997
825 24 327
825 25 463
825 26 218
825 27 535
825 28 893
825 29 253
825 30 147
825 31 738
825 32 606
825 33 91
825 34 794
825 35 217
825 36 247
825 37 668
825 38 303
825 39 22
825 40 927
825 41 399
825 42 417
825 43 652
825 44 260
825 45 340
825 46 355
825 47 60
825 48 462
825 49 847
825 50 144
825 51 76
825 52 725
825 53 42
825 54 429
825 55 592
825 56 264
825 57 798
825 58 591
825 59 479
825 60 637
825 61 276
825 62 97
825 63 286
825 64 108
825 65 69
825 66 181
825 67 635
825 68 606
825 69 840
825 70 830
825 71 781
825 72 868
825 73 158
825 74 994
825 75 652
825 76 884
825 77 147
825 78 892
825 79 785
825 80 691
825 81 615
825 82 723
825 83 146
825 84 231
825 85 13
825 86 249
825 87 643
825 88 955
825 89 665
825 90 508
825 91 977
825 92 163
825 93 530
825 94 798
825 95 745
825 96 970
825 97 595
825 98 842
825 99 695
825 100 124
825 101 640
825 102 243
825 103 166
825 104 385
825 105 812
825 106 575
825 107 719
825 108 263
825 109 599
825 110 754
825 111 266
825 112 841
825 113 476
825 114 88
825 115 603
825 116 823
825 117 699
825 118 727
825 119 881
825 120 30
825 121 43
825 122 532
825 123 251
825 124 506
825 125 103
825 126 100
825 127 948
825 128 662
825 129 375
825 130 698
825 131 87
825 132 586
825 133 481
825 134 768
825 135 306
825 136 39
825 137 859
825 138 183
825 139 959
825 140 433
825 141 549
825 142 869
825 143 938
825 144 452
825 145 142
825 146 161
825 147 964
825 148 119
825 149 216
825 150 758
825 151 271
825 152 439
825 153 586
825 154 897
825 155 152
825 156 599
825 157 159
825 158 358
825 159 501
825 160 616
825 161 850
825 162 192
825 163 539
825 164 158
825 165 677
825 166 644
825 167 294
825 168 78
825 169 451
825 170 146
825 171 36
825 172 404
825 173 387
825 174 755
825 175 743
825 176 666
825 177 434
825 178 714
825 179 533
825 180 302
825 181 205
825 182 196
825 183 861
825 184 830
825 185 925
825 186 368
825 187 77
825 188 742
825 189 699
825 190 327
825 191 329
825 192 520
825 193 118
825 194 149
825 195 693
825 196 756
825 197 379
825 198 648
825 199 864
825 200 529
825 201 147
825 202 289
825 203 496
825 204 18
825 205 877
825 206 245
825 207 900
825 208 943
825 209 419
825 210 139
825 211 881
825 212 235
825 213 90
825 214 669
825 215 636
825 216 627
825 217 379
825 218 508
825 219 846
825 220 127
825 221 629
825 222 90
825 223 686
825 224 898
825 225 304
825 226 731
825 227 918
825 228 680
825 229 959
825 230 737
825 231 755
825 232 336
825 233 401
825 234 296
825 235 664
825 236 855
825 237 282
825 238 618
825 239 93
825 240 483
825 241 464
825 242 242
825 243 146
825 244 7
825 245 845
825 246 217
825 247 698
825 248 530
825 249 220
825 250 451
825 251 202
825 252 998
825 253 35
825 254 659
825 255 718
825 256 210
825 257 807
825 258 787
825 259 353
825 260 359
825 261 29
825 262 807
825 263 617
825 264 645
825 265 655
825 266 482
825 267 819
825 268 688
825 269 268
825 270 934
825 271 656
825 272 885
825 273 404
825 274 615
825 275 441
825 276 635
825 277 654
825 278 532
825 279 590
825 280 563
825 281 199
825 282 618
825 283 133
825 284 525
825 285 102
825 286 879
825 287 946
825 288 196
825 289 93
825 290 503
825 291 223
825 292 203
825 293 538
825 294 217
825 295 561
825 296 848
825 297 908
825 298 71
825 299 416
825 300 387
825 301 612
825 302 97
825 303 246
825 304 238
825 305 206
825 306 33
825 307 171
825 308 669
825 309 767
825 310 477
825 311 689
825 312 518
825 313 124
825 314 411
825 315 548
825 316 99
825 317 89
825 318 400
825 319 208
825 320 479
825 321 215
825 322 425
825 323 589
825 324 779
825 325 528
825 326 454
825 327 631
825 328 312
825 329 35
825 330 671
825 331 155
825 332 582
825 333 554
825 334 729
825 335 726
825 336 790
825 337 128
825 338 562
825 339 393
825 340 739
825 341 753
825 342 399
825 343 883
825 344 853
825 345 352
825 346 52
825 347 524
825 348 385
825 349 334
825 350 997
825 351 451
825 352 271
825 353 70
825 354 756
825 355 181
825 356 810
825 357 779
825 358 199
825 359 549
825 360 751
825 361 917
825 362 267
825 363 432
825 364 147
825 365 471
825 366 937
825 367 939
825 368 891
825 369 732
825 370 141
825 371 872
825 372 529
825 373 97
825 374 667
825 375 930
825 376 604
825 377 977
825 378 116
825 379 384
825 380 179
825 381 67
825 382 401
825 383 565
825 384 292
825 385 223
825 386 289
825 387 992
825 388 602
825 389 551
825 390 361
825 391 278
825 392 501
825 393 358
825 394 102
825 395 193
825 396 724
825 397 691
825 398 281
825 399 751
825 400 652
825 401 664
825 402 963
825 403 236
825 404 453
825 405 902
825 406 680
825 407 324
825 408 467
825 409 178
825 410 685
825 411 225
825 412 972
825 413 326
825 414 515
825 415 42
825 416 551
825 417 496
825 418 148
825 419 130
825 420 428
825 421 3
825 422 691
825 423 591
825 424 758
825 425 212
825 426 843
825 427 146
825 428 915
825 429 4
825 430 225
825 431 754
825 432 613
825 433 810
825 434 285
825 435 887
825 436 707
825 437 872
825 438 632
825 439 716
825 440 737
825 441 919
825 442 83
825 443 277
825 444 759
825 445 834
825 446 773
825 447 129
825 448 694
825 449 491
825 450 674
825 451 550
825 452 359
825 453 17
825 454 602
825 455 891
825 456 203
825 457 186
825 458 975
825 459 997
825 460 416
825 461 679
825 462 863
825 463 919
825 464 139
825 465 80
825 466 209
825 467 277
825 468 630
825 469 752
825 470 148
825 471 310
825 472 807
825 473 507
825 474 264
825 475 233
825 476 896
825 477 133
825 478 140
825 479 231
825 480 974
825 481 604
825 482 188
825 483 930
825 484 162
825 485 302
825 486 284
825 487 202
825 488 902
825 489 885
825 490 981
825 491 543
825 492 625
825 493 944
825 494 949
825 495 964
825 496 589
825 497 913
825 498 790
825 499 131
825 500 726
825 501 400
825 502 891
825 503 602
825 504 835
825 505 93
825 506 319
825 507 747
825 508 955
825 509 843
825 510 97
825 511 807
825 512 42
825 513 20
825 514 240
825 515 577
825 516 922
825 517 98
825 518 610
825 519 836
825 520 750
825 521 978
825 522 338
825 523 525
825 524 596
825 525 675
825 526 875
825 527 17
825 528 518
825 529 93
825 530 643
825 531 809
825 532 997
825 533 82
825 534 743
825 535 91
825 536 692
825 537 968
825 538 225
825 539 383
825 540 493
825 541 938
825 542 873
825 543 424
825 544 920
825 545 561
825 546 316
825 547 448
825 548 572
825 549 737
825 550 629
825 551 272
825 552 781
825 553 163
825 554 342
825 555 60
825 556 913
825 557 117
825 558 936
825 559 884
825 560 55
825 561 394
825 562 713
825 563 894
825 564 716
825 565 957
825 566 760
825 567 689
825 568 868
825 569 321
825 570 833
825 571 429
825 572 498
825 573 705
825 574 294
825 575 513
825 576 256
825 577 82
825 578 469
825 579 570
825 580 867
825 581 167
825 582 851
825 583 618
825 584 201
825 585 979
825 586 196
825 587 44
825 588 21
825 589 748
825 590 322
825 591 416
825 592 864
825 593 362
825 594 206
825 595 524
825 596 279
825 597 399
825 598 300
825 599 215
825 600 926
825 601 508
825 602 553
825 603 90
825 604 821
825 605 726
825 606 255
825 607 619
825 608 366
825 609 614
825 610 185
825 611 708
825 612 209
825 613 491
825 614 457
825 615 944
825 616 915
825 617 117
825 618 610
825 619 727
825 620 721
825 621 549
825 622 177
825 623 563
825 624 262
825 625 778
825 626 864
825 627 147
825 628 249
825 629 329
825 630 149
825 631 648
825 632 638
825 633 345
825 634 613
825 635 243
825 636 466
825 637 964
825 638 380
825 639 906
825 640 950
825 641 886
825 642 601
825 643 549
825 644 247
825 645 985
825 646 261
825 647 216
825 648 246
825 649 302
825 650 390
825 651 377
825 652 242
825 653 400
825 654 439
825 655 524
825 656 147
825 657 643
825 658 885
825 659 886
825 660 787
825 661 581
825 662 440
825 663 335
825 664 592
825 665 322
825 666 452
825 667 626
825 668 177
825 669 686
825 670 999
825 671 845
825 672 614
825 673 638
825 674 465
825 675 724
825 676 27
825 677 935
825 678 218
825 679 495
825 680 594
825 681 899
825 682 701
825 683 294
825 684 712
825 685 394
825 686 853
825 687 168
825 688 950
825 689 674
825 690 538
825 691 491
825 692 756
825 693 779
825 694 44
825 695 944
825 696 164
825 697 743
825 698 803
825 699 845
825 700 867
825 701 822
825 702 699
825 703 352
825 704 908
825 705 742
825 706 760
825 707 488
825 708 670
825 709 670
825 710 241
825 711 788
825 712 663
825 713 830
825 714 1
825 715 429
825 716 969
825 717 903
825 718 936
825 719 774
825 720 494
825 721 497
825 722 275
825 723 349
825 724 184
825 725 374
825 726 965
825 727 40
825 728 367
825 729 583
825 730 41
825 731 997
825 732 114
825 733 519
825 734 531
825 735 24
825 736 558
825 737 249
825 738 633
825 739 784
825 740 445
825 741 376
825 742 113
825 743 486
825 744 78
825 745 588
825 746 255
825 747 7
825 748 524
825 749 811
825 750 350
825 751 374
825 752 1000
825 753 800
825 754 393
825 755 742
825 756 38
825 757 514
825 758 795
825 759 237
825 760 353
825 761 524
825 762 477
825 763 637
825 764 926
825 765 685
825 766 761
825 767 326
825 768 834
825 769 605
825 770 411
825 771 488
825 772 744
825 773 890
825 774 681
825 775 960
825 776 360
825 777 309
825 778 578
825 779 274
825 780 536
825 781 69
825 782 680
825 783 118
825 784 578
825 785 660
825 786 393
825 787 35
825 788 159
825 789 146
825 790 72
825 791 900
825 792 151
825 793 320
825 794 523
825 795 895
825 796 848
825 797 409
825 798 659
825 799 147
825 800 224
825 801 928
825 802 75
825 803 531
825 804 436
825 805 564
825 806 491
825 807 555
825 808 412
825 809 795
825 810 392
825 811 449
825 812 323
825 813 82
825 814 86
825 815 539
825 816 548
825 817 481
825 818 496
825 819 698
825 820 339
825 821 461
825 822 259
825 823 212
825 824 381
825 825 88
826 1 64
826 2 769
826 3 592
826 4 338
826 5 148
826 6 857
826 7 331
826 8 840
826 9 758
826 10 6
826 11 340
826 12 976
826 13 117
826 14 960
826 15 137
826 16 519
826 17 779
826 18 852
826 19 144
826 20 791
826 21 158
826 22 291
826 23 654
826 24 10
826 25 897
826 26 71
826 27 796
826 28 792
826 29 536
826 30 52
826 31 882
826 32 651
826 33 885
826 34 9
826 35 701
826 36 412
826 37 216
826 38 258
826 39 274
826 40 294
826 41 480
826 42 590
826 43 91
826 44 850
826 45 172
826 46 978
826 47 602
826 48 212
826 49 659
826 50 130
826 51 923
826 52 964
826 53 574
826 54 148
826 55 555
826 56 899
826 57 456
826 58 856
826 59 760
826 60 56
826 61 559
826 62 853
826 63 978
826 64 913
826 65 414
826 66 416
826 67 304
826 68 720
826 69 748
826 70 573
826 71 135
826 72 408
826 73 800
826 74 613
826 75 48
826 76 28
826 77 924
826 78 941
826 79 936
826 80 422
826 81 214
826 82 49
826 83 230
826 84 767
826 85 593
826 86 659
826 87 401
826 88 719
826 89 87
826 90 143
826 91 839
826 92 647
826 93 320
826 94 27
826 95 907
826 96 492
826 97 802
826 98 394
826 99 417
826 100 125
826 101 909
826 102 141
826 103 976
826 104 794
826 105 997
826 106 15
826 107 622
826 108 41
826 109 8
826 110 76
826 111 821
826 112 548
826 113 845
826 114 521
826 115 364
826 116 650
826 117 113
826 118 803
826 119 282
826 120 268
826 121 435
826 122 782
826 123 701
826 124 102
826 125 746
826 126 702
826 127 301
826 128 493
826 129 986
826 130 764
826 131 190
826 132 858
826 133 114
826 134 791
826 135 598
826 136 115
826 137 806
826 138 792
826 139 960
826 140 832
826 141 672
826 142 702
826 143 129
826 144 784
826 145 429
826 146 945
826 147 622
826 148 162
826 149 687
826 150 431
826 151 458
826 152 622
826 153 414
826 154 731
826 155 572
826 156 265
826 157 524
826 158 110
826 159 919
826 160 163
826 161 772
826 162 823
826 163 469
826 164 79
826 165 661
826 166 917
826 167 276
826 168 338
826 169 934
826 170 623
826 171 492
826 172 1000
826 173 497
826 174 280
826 175 764
826 176 672
826 177 323
826 178 141
826 179 994
826 180 347
826 181 62
826 182 731
826 183 193
826 184 633
826 185 846
826 186 948
826 187 641
826 188 938
826 189 648
826 190 339
826 191 317
826 192 429
826 193 87
826 194 514
826 195 138
826 196 953
826 197 663
826 198 663
826 199 661
826 200 32
826 201 618
826 202 918
826 203 446
826 204 55
826 205 2
826 206 927
826 207 232
826 208 881
826 209 932
826 210 963
826 211 642
826 212 600
826 213 417
826 214 517
826 215 605
826 216 626
826 217 154
826 218 673
826 219 508
826 220 183
826 221 814
826 222 188
826 223 326
826 224 201
826 225 393
826 226 942
826 227 891
826 228 213
826 229 756
826 230 361
826 231 279
826 232 544
826 233 608
826 234 14
826 235 176
826 236 786
826 237 25
826 238 716
826 239 118
826 240 800
826 241 442
826 242 596
826 243 89
826 244 363
826 245 878
826 246 371
826 247 756
826 248 511
826 249 842
826 250 402
826 251 241
826 252 841
826 253 985
826 254 317
826 255 891
826 256 851
826 257 171
826 258 950
826 259 938
826 260 622
826 261 21
826 262 16
826 263 672
826 264 690
826 265 9
826 266 274
826 267 831
826 268 624
826 269 369
826 270 677
826 271 988
826 272 928
826 273 177
826 274 632
826 275 189
826 276 917
826 277 962
826 278 221
826 279 894
826 280 845
826 281 1
826 282 965
826 283 812
826 284 262
826 285 876
826 286 105
826 287 611
826 288 206
826 289 18
826 290 70
826 291 707
826 292 469
826 293 263
826 294 991
826 295 198
826 296 747
826 297 808
826 298 53
826 299 539
826 300 666
826 301 928
826 302 467
826 303 308
826 304 443
826 305 265
826 306 349
826 307 939
826 308 487
826 309 663
826 310 846
826 311 856
826 312 518
826 313 933
826 314 796
826 315 544
826 316 921
826 317 774
826 318 529
826 319 611
826 320 827
826 321 143
826 322 521
826 323 171
826 324 526
826 325 271
826 326 221
826 327 441
826 328 193
826 329 240
826 330 863
826 331 578
826 332 775
826 333 834
826 334 690
826 335 305
826 336 513
826 337 916
826 338 712
826 339 410
826 340 592
826 341 405
826 342 389
826 343 617
826 344 653
826 345 873
826 346 357
826 347 339
826 348 934
826 349 717
826 350 828
826 351 960
826 352 303
826 353 838
826 354 486
826 355 142
826 356 450
826 357 308
826 358 484
826 359 347
826 360 406
826 361 623
826 362 204
826 363 875
826 364 853
826 365 957
826 366 751
826 367 826
826 368 490
826 369 23
826 370 136
826 371 259
826 372 704
826 373 657
826 374 513
826 375 304
826 376 986
826 377 849
826 378 375
826 379 366
826 380 682
826 381 359
826 382 151
826 383 612
826 384 13
826 385 296
826 386 521
826 387 901
826 388 641
826 389 614
826 390 137
826 391 677
826 392 779
826 393 918
826 394 796
826 395 727
826 396 461
826 397 254
826 398 456
826 399 709
826 400 68
826 401 828
826 402 523
826 403 54
826 404 874
826 405 779
826 406 46
826 407 878
826 408 214
826 409 758
826 410 248
826 411 600
826 412 161
826 413 780
826 414 913
826 415 78
826 416 743
826 417 264
826 418 405
826 419 677
826 420 353
826 421 996
826 422 422
826 423 282
826 424 690
826 425 461
826 426 405
826 427 763
826 428 248
826 429 764
826 430 984
826 431 10
826 432 83
826 433 915
826 434 844
826 435 920
826 436 11
826 437 545
826 438 88
826 439 876
826 440 129
826 441 105
826 442 505
826 443 538
826 444 546
826 445 394
826 446 217
826 447 397
826 448 517
826 449 390
826 450 171
826 451 421
826 452 63
826 453 204
826 454 867
826 455 926
826 456 808
826 457 471
826 458 739
826 459 21
826 460 759
826 461 725
826 462 814
826 463 876
826 464 888
826 465 817
826 466 306
826 467 792
826 468 536
826 469 253
826 470 762
826 471 172
826 472 697
826 473 595
826 474 853
826 475 902
826 476 131
826 477 573
826 478 776
826 479 249
826 480 160
826 481 966
826 482 722
826 483 904
826 484 947
826 485 427
826 486 739
826 487 840
826 488 884
826 489 238
826 490 185
826 491 27
826 492 557
826 493 256
826 494 564
826 495 190
826 496 148
826 497 807
826 498 308
826 499 818
826 500 226
826 501 154
826 502 255
826 503 207
826 504 365
826 505 536
826 506 874
826 507 908
826 508 726
826 509 168
826 510 59
826 511 949
826 512 959
826 513 714
826 514 482
826 515 441
826 516 413
826 517 274
826 518 288
826 519 511
826 520 252
826 521 539
826 522 127
826 523 423
826 524 538
826 525 370
826 526 771
826 527 914
826 528 15
826 529 448
826 530 983
826 531 131
826 532 925
826 533 187
826 534 844
826 535 100
826 536 315
826 537 83
826 538 244
826 539 31
826 540 392
826 541 488
826 542 827
826 543 723
826 544 236
826 545 52
826 546 533
826 547 173
826 548 383
826 549 433
826 550 125
826 551 725
826 552 459
826 553 910
826 554 501
826 555 545
826 556 827
826 557 932
826 558 320
826 559 973
826 560 259
826 561 230
826 562 596
826 563 287
826 564 428
826 565 397
826 566 804
826 567 57
826 568 611
826 569 265
826 570 143
826 571 529
826 572 708
826 573 909
826 574 869
826 575 254
826 576 725
826 577 802
826 578 49
826 579 294
826 580 669
826 581 560
826 582 324
826 583 320
826 584 677
826 585 999
826 586 891
826 587 78
826 588 275
826 589 865
826 590 653
826 591 8
826 592 855
826 593 23
826 594 32
826 595 293
826 596 715
826 597 689
826 598 447
826 599 643
826 600 246
826 601 303
826 602 178
826 603 331
826 604 474
826 605 607
826 606 82
826 607 125
826 608 418
826 609 851
826 610 544
826 611 514
826 612 424
826 613 91
826 614 459
826 615 885
826 616 354
826 617 567
826 618 525
826 619 206
826 620 281
826 621 728
826 622 170
826 623 117
826 624 822
826 625 299
826 626 14
826 627 626
826 628 86
826 629 35
826 630 331
826 631 972
826 632 800
826 633 723
826 634 893
826 635 315
826 636 335
826 637 838
826 638 676
826 639 85
826 640 0
826 641 788
826 642 794
826 643 680
826 644 574
826 645 283
826 646 131
826 647 321
826 648 848
826 649 476
826 650 221
826 651 205
826 652 872
826 653 560
826 654 997
826 655 356
826 656 916
826 657 996
826 658 738
826 659 275
826 660 161
826 661 356
826 662 449
826 663 763
826 664 715
826 665 623
826 666 206
826 667 408
826 668 235
826 669 984
826 670 679
826 671 710
826 672 181
826 673 222
826 674 724
826 675 856
826 676 571
826 677 99
826 678 355
826 679 228
826 680 800
826 681 860
826 682 532
826 683 35
826 684 496
826 685 131
826 686 600
826 687 881
826 688 76
826 689 533
826 690 106
826 691 584
826 692 257
826 693 69
826 694 776
826 695 809
826 696 978
826 697 427
826 698 574
826 699 628
826 700 101
826 701 352
826 702 140
826 703 339
826 704 264
826 705 883
826 706 652
826 707 22
826 708 839
826 709 507
826 710 929
826 711 165
826 712 14
826 713 565
826 714 527
826 715 346
826 716 61
826 717 554
826 718 554
826 719 844
826 720 762
826 721 194
826 722 652
826 723 822
826 724 630
826 725 382
826 726 298
826 727 352
826 728 118
826 729 393
826 730 270
826 731 278
826 732 644
826 733 32
826 734 253
826 735 440
826 736 722
826 737 121
826 738 31
826 739 906
826 740 145
826 741 779
826 742 136
826 743 985
826 744 958
826 745 680
826 746 621
826 747 444
826 748 119
826 749 24
826 750 893
826 751 746
826 752 394
826 753 327
826 754 445
826 755 490
826 756 539
826 757 978
826 758 64
826 759 496
826 760 577
826 761 598
826 762 641
826 763 323
826 764 158
826 765 45
826 766 91
826 767 958
826 768 270
826 769 604
826 770 843
826 771 233
826 772 347
826 773 949
826 774 518
826 775 763
826 776 393
826 777 391
826 778 224
826 779 858
826 780 899
826 781 285
826 782 457
826 783 607
826 784 112
826 785 264
826 786 476
826 787 157
826 788 376
826 789 524
826 790 981
826 791 884
826 792 602
826 793 28
826 794 886
826 795 991
826 796 628
826 797 244
826 798 827
826 799 785
826 800 23
826 801 762
826 802 85
826 803 319
826 804 368
826 805 775
826 806 631
826 807 429
826 808 208
826 809 15
826 810 770
826 811 504
826 812 748
826 813 993
826 814 619
826 815 80
826 816 67
826 817 550
826 818 556
826 819 389
826 820 316
826 821 501
826 822 928
826 823 658
826 824 543
826 825 139
826 826 684
827 1 983
827 2 4
827 3 648
827 4 215
827 5 553
827 6 421
827 7 809
827 8 894
827 9 583
827 10 599
827 11 422
827 12 874
827 13 89
827 14 212
827 15 415
827 16 21
827 17 47
827 18 721
827 19 376
827 20 913
827 21 215
827 22 553
827 23 724
827 24 475
827 25 973
827 26 403
827 27 958
827 28 976
827 29 159
827 30 769
827 31 116
827 32 772
827 33 225
827 34 150
827 35 68
827 36 479
827 37 866
827 38 325
827 39 679
827 40 449
827 41 400
827 42 448
827 43 734
827 44 365
827 45 863
827 46 570
827 47 381
827 48 167
827 49 196
827 50 701
827 51 505
827 52 346
827 53 699
827 54 906
827 55 293
827 56 649
827 57 661
827 58 946
827 59 435
827 60 528
827 61 775
827 62 988
827 63 882
827 64 111
827 65 700
827 66 676
827 67 229
827 68 624
827 69 690
827 70 895
827 71 453
827 72 248
827 73 137
827 74 63
827 75 44
827 76 0
827 77 201
827 78 748
827 79 569
827 80 325
827 81 863
827 82 618
827 83 926
827 84 499
827 85 248
827 86 33
827 87 451
827 88 612
827 89 218
827 90 951
827 91 584
827 92 679
827 93 920
827 94 505
827 95 632
827 96 705
827 97 648
827 98 155
827 99 444
827 100 596
827 101 608
827 102 871
827 103 729
827 104 555
827 105 945
827 106 531
827 107 187
827 108 335
827 109 741
827 110 192
827 111 533
827 112 849
827 113 698
827 114 778
827 115 908
827 116 347
827 117 984
827 118 790
827 119 821
827 120 970
827 121 805
827 122 48
827 123 400
827 124 171
827 125 196
827 126 508
827 127 421
827 128 192
827 129 694
827 130 399
827 131 479
827 132 921
827 133 784
827 134 164
827 135 824
827 136 636
827 137 890
827 138 342
827 139 37
827 140 351
827 141 158
827 142 60
827 143 968
827 144 125
827 145 689
827 146 646
827 147 530
827 148 955
827 149 307
827 150 192
827 151 89
827 152 700
827 153 534
827 154 851
827 155 992
827 156 152
827 157 951
827 158 954
827 159 613
827 160 497
827 161 668
827 162 368
827 163 290
827 164 451
827 165 233
827 166 144
827 167 486
827 168 488
827 169 259
827 170 246
827 171 439
827 172 229
827 173 456
827 174 793
827 175 782
827 176 981
827 177 414
827 178 565
827 179 6
827 180 909
827 181 740
827 182 457
827 183 24
827 184 420
827 185 957
827 186 793
827 187 492
827 188 359
827 189 254
827 190 464
827 191 239
827 192 883
827 193 841
827 194 839
827 195 343
827 196 517
827 197 578
827 198 80
827 199 386
827 200 260
827 201 426
827 202 131
827 203 347
827 204 560
827 205 465
827 206 182
827 207 481
827 208 458
827 209 914
827 210 521
827 211 127
827 212 486
827 213 932
827 214 709
827 215 108
827 216 573
827 217 123
827 218 512
827 219 520
827 220 431
827 221 206
827 222 327
827 223 675
827 224 999
827 225 586
827 226 212
827 227 388
827 228 139
827 229 674
827 230 790
827 231 635
827 232 145
827 233 708
827 234 24
827 235 279
827 236 105
827 237 731
827 238 105
827 239 967
827 240 257
827 241 94
827 242 529
827 243 610
827 244 137
827 245 656
827 246 464
827 247 693
827 248 345
827 249 846
827 250 376
827 251 720
827 252 355
827 253 596
827 254 29
827 255 275
827 256 977
827 257 630
827 258 42
827 259 783
827 260 999
827 261 390
827 262 215
827 263 446
827 264 0
827 265 826
827 266 486
827 267 391
827 268 425
827 269 950
827 270 232
827 271 239
827 272 948
827 273 181
827 274 549
827 275 68
827 276 425
827 277 866
827 278 636
827 279 918
827 280 532
827 281 1
827 282 868
827 283 202
827 284 477
827 285 758
827 286 83
827 287 204
827 288 934
827 289 957
827 290 620
827 291 619
827 292 841
827 293 119
827 294 132
827 295 4
827 296 547
827 297 391
827 298 8
827 299 44
827 300 975
827 301 239
827 302 28
827 303 372
827 304 715
827 305 816
827 306 185
827 307 115
827 308 182
827 309 334
827 310 742
827 311 205
827 312 269
827 313 95
827 314 416
827 315 41
827 316 789
827 317 589
827 318 49
827 319 441
827 320 990
827 321 840
827 322 232
827 323 972
827 324 912
827 325 403
827 326 324
827 327 483
827 328 94
827 329 1
827 330 700
827 331 530
827 332 322
827 333 238
827 334 498
827 335 318
827 336 514
827 337 408
827 338 691
827 339 225
827 340 632
827 341 848
827 342 579
827 343 1000
827 344 958
827 345 472
827 346 525
827 347 475
827 348 398
827 349 998
827 350 393
827 351 697
827 352 112
827 353 234
827 354 511
827 355 346
827 356 978
827 357 951
827 358 191
827 359 761
827 360 249
827 361 955
827 362 352
827 363 157
827 364 456
827 365 123
827 366 298
827 367 925
827 368 491
827 369 107
827 370 887
827 371 289
827 372 731
827 373 784
827 374 785
827 375 410
827 376 996
827 377 367
827 378 284
827 379 442
827 380 367
827 381 937
827 382 647
827 383 382
827 384 726
827 385 671
827 386 234
827 387 482
827 388 889
827 389 512
827 390 363
827 391 410
827 392 122
827 393 797
827 394 851
827 395 132
827 396 627
827 397 393
827 398 289
827 399 367
827 400 800
827 401 901
827 402 675
827 403 492
827 404 794
827 405 760
827 406 204
827 407 958
827 408 294
827 409 237
827 410 148
827 411 776
827 412 881
827 413 390
827 414 986
827 415 376
827 416 756
827 417 231
827 418 432
827 419 587
827 420 312
827 421 79
827 422 93
827 423 349
827 424 948
827 425 521
827 426 977
827 427 969
827 428 363
827 429 507
827 430 9
827 431 230
827 432 281
827 433 318
827 434 858
827 435 509
827 436 232
827 437 247
827 438 5
827 439 702
827 440 99
827 441 893
827 442 351
827 443 798
827 444 895
827 445 355
827 446 572
827 447 484
827 448 953
827 449 109
827 450 706
827 451 731
827 452 502
827 453 616
827 454 773
827 455 716
827 456 571
827 457 414
827 458 882
827 459 33
827 460 7
827 461 203
827 462 572
827 463 600
827 464 140
827 465 681
827 466 842
827 467 58
827 468 884
827 469 674
827 470 141
827 471 96
827 472 831
827 473 368
827 474 144
827 475 303
827 476 113
827 477 834
827 478 235
827 479 493
827 480 271
827 481 94
827 482 569
827 483 419
827 484 975
827 485 579
827 486 402
827 487 489
827 488 70
827 489 985
827 490 70
827 491 467
827 492 147
827 493 938
827 494 851
827 495 623
827 496 872
827 497 309
827 498 163
827 499 373
827 500 553
827 501 235
827 502 185
827 503 271
827 504 484
827 505 403
827 506 660
827 507 564
827 508 502
827 509 519
827 510 853
827 511 275
827 512 104
827 513 634
827 514 491
827 515 40
827 516 466
827 517 894
827 518 518
827 519 238
827 520 342
827 521 414
827 522 602
827 523 659
827 524 88
827 525 821
827 526 951
827 527 384
827 528 938
827 529 54
827 530 578
827 531 451
827 532 906
827 533 175
827 534 397
827 535 941
827 536 137
827 537 601
827 538 21
827 539 270
827 540 414
827 541 700
827 542 725
827 543 448
827 544 213
827 545 676
827 546 622
827 547 418
827 548 529
827 549 899
827 550 170
827 551 869
827 552 658
827 553 847
827 554 26
827 555 172
827 556 907
827 557 942
827 558 520
827 559 876
827 560 799
827 561 79
827 562 916
827 563 847
827 564 564
827 565 575
827 566 162
827 567 944
827 568 234
827 569 794
827 570 831
827 571 498
827 572 682
827 573 259
827 574 713
827 575 598
827 576 377
827 577 463
827 578 692
827 579 110
827 580 325
827 581 492
827 582 739
827 583 836
827 584 370
827 585 913
827 586 118
827 587 10
827 588 36
827 589 812
827 590 87
827 591 384
827 592 172
827 593 629
827 594 749
827 595 705
827 596 273
827 597 113
827 598 525
827 599 617
827 600 659
827 601 610
827 602 209
827 603 714
827 604 662
827 605 797
827 606 713
827 607 109
827 608 529
827 609 902
827 610 957
827 611 721
827 612 649
827 613 609
827 614 597
827 615 5
827 616 151
827 617 157
827 618 996
827 619 699
827 620 100
827 621 832
827 622 416
827 623 419
827 624 987
827 625 313
827 626 523
827 627 482
827 628 971
827 629 399
827 630 354
827 631 387
827 632 936
827 633 901
827 634 240
827 635 312
827 636 568
827 637 761
827 638 757
827 639 385
827 640 934
827 641 148
827 642 711
827 643 545
827 644 339
827 645 991
827 646 513
827 647 643
827 648 350
827 649 162
827 650 920
827 651 268
827 652 883
827 653 791
827 654 418
827 655 858
827 656 875
827 657 936
827 658 985
827 659 821
827 660 121
827 661 700
827 662 343
827 663 812
827 664 733
827 665 294
827 666 753
827 667 638
827 668 903
827 669 921
827 670 365
827 671 504
827 672 838
827 673 138
827 674 537
827 675 30
827 676 233
827 677 168
827 678 212
827 679 156
827 680 173
827 681 141
827 682 567
827 683 743
827 684 557
827 685 435
827 686 796
827 687 79
827 688 697
827 689 724
827 690 727
827 691 657
827 692 77
827 693 474
827 694 407
827 695 590
827 696 440
827 697 31
827 698 169
827 699 365
827 700 627
827 701 112
827 702 135
827 703 137
827 704 355
827 705 213
827 706 745
827 707 384
827 708 275
827 709 420
827 710 698
827 711 35
827 712 441
827 713 564
827 714 298
827 715 42
827 716 649
827 717 389
827 718 303
827 719 332
827 720 597
827 721 740
827 722 181
827 723 263
827 724 980
827 725 898
827 726 200
827 727 55
827 728 771
827 729 531
827 730 645
827 731 484
827 732 784
827 733 366
827 734 643
827 735 146
827 736 353
827 737 377
827 738 955
827 739 115
827 740 515
827 741 780
827 742 290
827 743 885
827 744 940
827 745 604
827 746 162
827 747 420
827 748 485
827 749 348
827 750 173
827 751 165
827 752 473
827 753 618
827 754 471
827 755 730
827 756 107
827 757 946
827 758 443
827 759 402
827 760 999
827 761 891
827 762 748
827 763 431
827 764 786
827 765 27
827 766 401
827 767 730
827 768 147
827 769 49
827 770 873
827 771 898
827 772 547
827 773 109
827 774 641
827 775 987
827 776 400
827 777 817
827 778 888
827 779 329
827 780 625
827 781 41
827 782 282
827 783 242
827 784 897
827 785 485
827 786 798
827 787 626
827 788 618
827 789 22
827 790 555
827 791 380
827 792 539
827 793 906
827 794 282
827 795 258
827 796 855
827 797 70
827 798 595
827 799 942
827 800 406
827 801 492
827 802 660
827 803 245
827 804 404
827 805 938
827 806 230
827 807 390
827 808 482
827 809 251
827 810 446
827 811 917
827 812 441
827 813 98
827 814 989
827 815 359
827 816 674
827 817 579
827 818 417
827 819 132
827 820 74
827 821 409
827 822 546
827 823 221
827 824 522
827 825 372
827 826 141
827 827 944
828 1 253
828 2 728
828 3 340
828 4 702
828 5 935
828 6 581
828 7 446
828 8 428
828 9 27
828 10 806
828 11 388
828 12 805
828 13 689
828 14 156
828 15 797
828 16 151
828 17 626
828 18 586
828 19 114
828 20 947
828 21 795
828 22 48
828 23 39
828 24 3
828 25 522
828 26 331
828 27 843
828 28 25
828 29 19
828 30 152
828 31 176
828 32 820
828 33 735
828 34 399
828 35 703
828 36 5
828 37 597
828 38 952
828 39 166
828 40 13
828 41 789
828 42 578
828 43 395
828 44 141
828 45 578
828 46 897
828 47 372
828 48 474
828 49 430
828 50 899
828 51 167
828 52 231
828 53 360
828 54 243
828 55 989
828 56 174
828 57 336
828 58 288
828 59 650
828 60 246
828 61 231
828 62 45
828 63 407
828 64 694
828 65 640
828 66 909
828 67 981
828 68 494
828 69 24
828 70 968
828 71 336
828 72 639
828 73 956
828 74 899
828 75 965
828 76 248
828 77 696
828 78 655
828 79 162
828 80 942
828 81 798
828 82 178
828 83 164
828 84 150
828 85 712
828 86 561
828 87 967
828 88 160
828 89 345
828 90 385
828 91 0
828 92 37
828 93 982
828 94 293
828 95 824
828 96 640
828 97 528
828 98 930
828 99 157
828 100 33
828 101 991
828 102 482
828 103 100
828 104 978
828 105 367
828 106 341
828 107 82
828 108 846
828 109 856
828 110 98
828 111 528
828 112 663
828 113 28
828 114 268
828 115 947
828 116 879
828 117 802
828 118 809
828 119 411
828 120 882
828 121 548
828 122 52
828 123 878
828 124 82
828 125 487
828 126 507
828 127 711
828 128 892
828 129 763
828 130 567
828 131 809
828 132 467
828 133 330
828 134 13
828 135 918
828 136 669
828 137 707
828 138 630
828 139 413
828 140 181
828 141 21
828 142 359
828 143 26
828 144 126
828 145 98
828 146 366
828 147 65
828 148 396
828 149 972
828 150 195
828 151 270
828 152 821
828 153 464
828 154 31
828 155 185
828 156 422
828 157 464
828 158 823
828 159 869
828 160 576
828 161 317
828 162 688
828 163 261
828 164 774
828 165 635
828 166 923
828 167 618
828 168 363
828 169 451
828 170 55
828 171 418
828 172 79
828 173 949
828 174 855
828 175 940
828 176 366
828 177 172
828 178 728
828 179 813
828 180 785
828 181 614
828 182 53
828 183 933
828 184 398
828 185 815
828 186 318
828 187 715
828 188 63
828 189 660
828 190 423
828 191 45
828 192 197
828 193 622
828 194 907
828 195 345
828 196 19
828 197 128
828 198 751
828 199 186
828 200 23
828 201 947
828 202 324
828 203 139
828 204 121
828 205 651
828 206 882
828 207 861
828 208 370
828 209 524
828 210 387
828 211 853
828 212 343
828 213 462
828 214 583
828 215 360
828 216 622
828 217 437
828 218 106
828 219 81
828 220 793
828 221 832
828 222 2
828 223 351
828 224 530
828 225 840
828 226 84
828 227 556
828 228 58
828 229 569
828 230 790
828 231 487
828 232 138
828 233 670
828 234 934
828 235 341
828 236 726
828 237 163
828 238 534
828 239 469
828 240 831
828 241 244
828 242 625
828 243 467
828 244 810
828 245 663
828 246 197
828 247 73
828 248 969
828 249 837
828 250 323
828 251 775
828 252 917
828 253 34
828 254 524
828 255 656
828 256 181
828 257 599
828 258 647
828 259 39
828 260 156
828 261 565
828 262 459
828 263 921
828 264 774
828 265 158
828 266 931
828 267 467
828 268 957
828 269 529
828 270 265
828 271 801
828 272 259
828 273 725
828 274 717
828 275 335
828 276 267
828 277 819
828 278 206
828 279 271
828 280 832
828 281 178
828 282 573
828 283 82
828 284 84
828 285 832
828 286 599
828 287 819
828 288 352
828 289 184
828 290 972
828 291 396
828 292 646
828 293 714
828 294 762
828 295 707
828 296 568
828 297 843
828 298 44
828 299 532
828 300 843
828 301 747
828 302 47
828 303 740
828 304 782
828 305 733
828 306 657
828 307 722
828 308 492
828 309 932
828 310 137
828 311 914
828 312 128
828 313 166
828 314 61
828 315 523
828 316 313
828 317 887
828 318 413
828 319 151
828 320 609
828 321 145
828 322 686
828 323 416
828 324 281
828 325 650
828 326 783
828 327 128
828 328 926
828 329 402
828 330 322
828 331 25
828 332 967
828 333 977
828 334 865
828 335 861
828 336 950
828 337 322
828 338 44
828 339 482
828 340 553
828 341 687
828 342 113
828 343 734
828 344 195
828 345 71
828 346 4
828 347 369
828 348 355
828 349 885
828 350 579
828 351 83
828 352 42
828 353 138
828 354 534
828 355 943
828 356 485
828 357 407
828 358 24
828 359 841
828 360 335
828 361 285
828 362 727
828 363 577
828 364 129
828 365 582
828 366 849
828 367 363
828 368 476
828 369 596
828 370 39
828 371 842
828 372 901
828 373 713
828 374 398
828 375 689
828 376 640
828 377 650
828 378 794
828 379 446
828 380 395
828 381 407
828 382 780
828 383 207
828 384 256
828 385 780
828 386 11
828 387 504
828 388 30
828 389 314
828 390 92
828 391 335
828 392 624
828 393 364
828 394 792
828 395 775
828 396 902
828 397 447
828 398 258
828 399 278
828 400 962
828 401 404
828 402 649
828 403 436
828 404 950
828 405 66
828 406 945
828 407 451
828 408 168
828 409 192
828 410 980
828 411 102
828 412 721
828 413 829
828 414 826
828 415 916
828 416 521
828 417 884
828 418 460
828 419 730
828 420 761
828 421 242
828 422 458
828 423 586
828 424 79
828 425 430
828 426 948
828 427 776
828 428 967
828 429 189
828 430 281
828 431 247
828 432 913
828 433 585
828 434 255
828 435 752
828 436 748
828 437 19
828 438 508
828 439 716
828 440 642
828 441 362
828 442 646
828 443 199
828 444 696
828 445 162
828 446 963
828 447 541
828 448 370
828 449 16
828 450 921
828 451 233
828 452 778
828 453 823
828 454 817
828 455 628
828 456 651
828 457 421
828 458 934
828 459 575
828 460 37
828 461 972
828 462 475
828 463 369
828 464 393
828 465 576
828 466 800
828 467 945
828 468 718
828 469 676
828 470 803
828 471 159
828 472 523
828 473 768
828 474 6
828 475 865
828 476 145
828 477 810
828 478 442
828 479 801
828 480 722
828 481 194
828 482 350
828 483 325
828 484 567
828 485 539
828 486 550
828 487 264
828 488 968
828 489 287
828 490 735
828 491 839
828 492 797
828 493 438
828 494 13
828 495 291
828 496 318
828 497 272
828 498 445
828 499 772
828 500 393
828 501 619
828 502 556
828 503 815
828 504 647
828 505 516
828 506 964
828 507 112
828 508 593
828 509 161
828 510 654
828 511 674
828 512 64
828 513 173
828 514 542
828 515 178
828 516 850
828 517 972
828 518 285
828 519 434
828 520 958
828 521 562
828 522 71
828 523 192
828 524 626
828 525 765
828 526 263
828 527 797
828 528 678
828 529 838
828 530 680
828 531 969
828 532 931
828 533 491
828 534 738
828 535 971
828 536 9
828 537 951
828 538 349
828 539 128
828 540 452
828 541 44
828 542 582
828 543 144
828 544 807
828 545 1
828 546 174
828 547 441
828 548 615
828 549 413
828 550 801
828 551 506
828 552 330
828 553 300
828 554 640
828 555 298
828 556 371
828 557 352
828 558 975
828 559 159
828 560 578
828 561 52
828 562 835
828 563 598
828 564 9
828 565 839
828 566 765
828 567 866
828 568 338
828 569 156
828 570 921
828 571 888
828 572 938
828 573 166
828 574 361
828 575 896
828 576 697
828 577 545
828 578 737
828 579 690
828 580 600
828 581 248
828 582 946
828 583 965
828 584 991
828 585 824
828 586 337
828 587 579
828 588 118
828 589 213
828 590 256
828 591 995
828 592 854
828 593 395
828 594 348
828 595 528
828 596 541
828 597 780
828 598 212
828 599 780
828 600 702
828 601 296
828 602 951
828 603 794
828 604 719
828 605 595
828 606 696
828 607 697
828 608 260
828 609 35
828 610 757
828 611 279
828 612 21
828 613 52
828 614 507
828 615 354
828 616 413
828 617 122
828 618 738
828 619 404
828 620 466
828 621 39
828 622 703
828 623 956
828 624 268
828 625 565
828 626 584
828 627 544
828 628 791
828 629 35
828 630 1000
828 631 480
828 632 563
828 633 295
828 634 922
828 635 543
828 636 318
828 637 15
828 638 402
828 639 967
828 640 504
828 641 822
828 642 276
828 643 345
828 644 414
828 645 771
828 646 753
828 647 166
828 648 364
828 649 519
828 650 241
828 651 469
828 652 154
828 653 687
828 654 299
828 655 366
828 656 91
828 657 508
828 658 37
828 659 910
828 660 954
828 661 640
828 662 27
828 663 385
828 664 750
828 665 755
828 666 825
828 667 348
828 668 258
828 669 41
828 670 616
828 671 629
828 672 153
828 673 727
828 674 468
828 675 643
828 676 635
828 677 106
828 678 612
828 679 885
828 680 949
828 681 437
828 682 80
828 683 735
828 684 172
828 685 574
828 686 700
828 687 858
828 688 806
828 689 760
828 690 172
828 691 917
828 692 825
828 693 979
828 694 22
828 695 968
828 696 252
828 697 180
828 698 840
828 699 848
828 700 860
828 701 243
828 702 337
828 703 81
828 704 151
828 705 716
828 706 750
828 707 860
828 708 526
828 709 677
828 710 889
828 711 636
828 712 141
828 713 512
828 714 3
828 715 175
828 716 399
828 717 976
828 718 418
828 719 125
828 720 943
828 721 578
828 722 42
828 723 777
828 724 473
828 725 721
828 726 703
828 727 753
828 728 823
828 729 544
828 730 546
828 731 270
828 732 912
828 733 419
828 734 9
828 735 391
828 736 418
828 737 765
828 738 804
828 739 745
828 740 336
828 741 664
828 742 181
828 743 319
828 744 366
828 745 145
828 746 445
828 747 459
828 748 221
828 749 944
828 750 913
828 751 139
828 752 432
828 753 679
828 754 995
828 755 353
828 756 63
828 757 840
828 758 68
828 759 334
828 760 669
828 761 968
828 762 231
828 763 12
828 764 46
828 765 247
828 766 25
828 767 62
828 768 642
828 769 502
828 770 22
828 771 361
828 772 154
828 773 645
828 774 749
828 775 59
828 776 552
828 777 587
828 778 364
828 779 17
828 780 312
828 781 166
828 782 687
828 783 352
828 784 266
828 785 231
828 786 673
828 787 675
828 788 743
828 789 684
828 790 451
828 791 883
828 792 351
828 793 255
828 794 984
828 795 765
828 796 743
828 797 322
828 798 39
828 799 213
828 800 60
828 801 966
828 802 393
828 803 298
828 804 804
828 805 324
828 806 841
828 807 195
828 808 720
828 809 411
828 810 618
828 811 140
828 812 265
828 813 80
828 814 868
828 815 721
828 816 321
828 817 559
828 818 492
828 819 755
828 820 976
828 821 828
828 822 506
828 823 900
828 824 676
828 825 166
828 826 668
828 827 568
828 828 225
829 1 981
829 2 12
829 3 316
829 4 466
829 5 500
829 6 367
829 7 610
829 8 539
829 9 26
829 10 853
829 11 630
829 12 110
829 13 939
829 14 922
829 15 510
829 16 644
829 17 135
829 18 605
829 19 623
829 20 361
829 21 393
829 22 778
829 23 239
829 24 835
829 25 135
829 26 750
829 27 240
829 28 218
829 29 992
829 30 712
829 31 785
829 32 583
829 33 508
829 34 793
829 35 937
829 36 800
829 37 211
829 38 783
829 39 138
829 40 78
829 41 522
829 42 181
829 43 999
829 44 158
829 45 405
829 46 897
829 47 132
829 48 831
829 49 25
829 50 650
829 51 599
829 52 375
829 53 335
829 54 516
829 55 566
829 56 15
829 57 829
829 58 140
829 59 175
829 60 596
829 61 293
829 62 491
829 63 643
829 64 382
829 65 239
829 66 335
829 67 690
829 68 314
829 69 530
829 70 66
829 71 245
829 72 923
829 73 851
829 74 757
829 75 226
829 76 288
829 77 676
829 78 559
829 79 720
829 80 733
829 81 691
829 82 235
829 83 367
829 84 578
829 85 754
829 86 994
829 87 121
829 88 279
829 89 660
829 90 393
829 91 124
829 92 50
829 93 879
829 94 438
829 95 527
829 96 548
829 97 759
829 98 6
829 99 675
829 100 753
829 101 900
829 102 291
829 103 223
829 104 254
829 105 424
829 106 750
829 107 176
829 108 101
829 109 728
829 110 802
829 111 629
829 112 121
829 113 16
829 114 237
829 115 279
829 116 267
829 117 649
829 118 549
829 119 473
829 120 619
829 121 526
829 122 452
829 123 796
829 124 303
829 125 728
829 126 206
829 127 807
829 128 554
829 129 624
829 130 292
829 131 921
829 132 570
829 133 109
829 134 445
829 135 327
829 136 360
829 137 956
829 138 285
829 139 891
829 140 860
829 141 131
829 142 225
829 143 501
829 144 255
829 145 184
829 146 981
829 147 40
829 148 403
829 149 849
829 150 907
829 151 772
829 152 572
829 153 437
829 154 837
829 155 78
829 156 627
829 157 451
829 158 218
829 159 941
829 160 905
829 161 423
829 162 157
829 163 783
829 164 846
829 165 101
829 166 246
829 167 83
829 168 87
829 169 120
829 170 450
829 171 471
829 172 505
829 173 422
829 174 828
829 175 939
829 176 48
829 177 448
829 178 741
829 179 507
829 180 471
829 181 9
829 182 74
829 183 565
829 184 956
829 185 313
829 186 45
829 187 245
829 188 729
829 189 892
829 190 352
829 191 493
829 192 260
829 193 393
829 194 880
829 195 529
829 196 319
829 197 308
829 198 753
829 199 746
829 200 688
829 201 257
829 202 206
829 203 857
829 204 192
829 205 354
829 206 537
829 207 890
829 208 214
829 209 82
829 210 377
829 211 194
829 212 45
829 213 534
829 214 29
829 215 261
829 216 332
829 217 914
829 218 466
829 219 548
829 220 330
829 221 326
829 222 813
829 223 87
829 224 904
829 225 620
829 226 104
829 227 622
829 228 347
829 229 197
829 230 464
829 231 226
829 232 943
829 233 571
829 234 406
829 235 623
829 236 993
829 237 227
829 238 696
829 239 438
829 240 805
829 241 65
829 242 143
829 243 7
829 244 670
829 245 296
829 246 3
829 247 358
829 248 166
829 249 53
829 250 44
829 251 43
829 252 272
829 253 345
829 254 220
829 255 487
829 256 721
829 257 260
829 258 501
829 259 465
829 260 594
829 261 440
829 262 956
829 263 752
829 264 952
829 265 560
829 266 977
829 267 664
829 268 979
829 269 681
829 270 528
829 271 713
829 272 647
829 273 55
829 274 469
829 275 421
829 276 361
829 277 904
829 278 898
829 279 789
829 280 291
829 281 769
829 282 524
829 283 889
829 284 721
829 285 88
829 286 627
829 287 304
829 288 625
829 289 238
829 290 177
829 291 693
829 292 653
829 293 760
829 294 58
829 295 372
829 296 191
829 297 891
829 298 86
829 299 648
829 300 239
829 301 34
829 302 397
829 303 927
829 304 50
829 305 727
829 306 600
829 307 209
829 308 962
829 309 449
829 310 200
829 311 814
829 312 225
829 313 747
829 314 398
829 315 503
829 316 826
829 317 437
829 318 398
829 319 808
829 320 357
829 321 454
829 322 191
829 323 932
829 324 213
829 325 132
829 326 323
829 327 536
829 328 151
829 329 725
829 330 955
829 331 458
829 332 151
829 333 445
829 334 703
829 335 918
829 336 663
829 337 431
829 338 338
829 339 172
829 340 393
829 341 338
829 342 733
829 343 471
829 344 444
829 345 107
829 346 195
829 347 294
829 348 586
829 349 769
829 350 144
829 351 232
829 352 922
829 353 744
829 354 299
829 355 716
829 356 655
829 357 894
829 358 276
829 359 3
829 360 635
829 361 118
829 362 42
829 363 369
829 364 6
829 365 404
829 366 685
829 367 946
829 368 759
829 369 972
829 370 702
829 371 83
829 372 887
829 373 703
829 374 68
829 375 539
829 376 866
829 377 10
829 378 909
829 379 400
829 380 482
829 381 363
829 382 26
829 383 220
829 384 636
829 385 908
829 386 53
829 387 507
829 388 763
829 389 146
829 390 307
829 391 454
829 392 61
829 393 981
829 394 667
829 395 504
829 396 325
829 397 513
829 398 711
829 399 500
829 400 488
829 401 223
829 402 425
829 403 760
829 404 484
829 405 647
829 406 362
829 407 306
829 408 684
829 409 573
829 410 142
829 411 479
829 412 605
829 413 410
829 414 390
829 415 123
829 416 713
829 417 126
829 418 160
829 419 141
829 420 643
829 421 581
829 422 380
829 423 452
829 424 299
829 425 285
829 426 807
829 427 925
829 428 797
829 429 759
829 430 413
829 431 556
829 432 649
829 433 978
829 434 420
829 435 107
829 436 544
829 437 215
829 438 642
829 439 535
829 440 587
829 441 137
829 442 532
829 443 289
829 444 296
829 445 881
829 446 424
829 447 69
829 448 167
829 449 780
829 450 942
829 451 912
829 452 255
829 453 880
829 454 542
829 455 121
829 456 348
829 457 546
829 458 312
829 459 268
829 460 811
829 461 72
829 462 36
829 463 87
829 464 609
829 465 200
829 466 930
829 467 688
829 468 773
829 469 892
829 470 290
829 471 362
829 472 258
829 473 764
829 474 104
829 475 455
829 476 405
829 477 727
829 478 595
829 479 911
829 480 538
829 481 407
829 482 262
829 483 0
829 484 41
829 485 684
829 486 904
829 487 276
829 488 123
829 489 22
829 490 647
829 491 286
829 492 415
829 493 780
829 494 556
829 495 237
829 496 983
829 497 778
829 498 509
829 499 694
829 500 94
829 501 482
829 502 769
829 503 723
829 504 434
829 505 159
829 506 623
829 507 558
829 508 308
829 509 644
829 510 787
829 511 117
829 512 305
829 513 223
829 514 7
829 515 473
829 516 633
829 517 459
829 518 715
829 519 850
829 520 1
829 521 301
829 522 208
829 523 773
829 524 494
829 525 88
829 526 652
829 527 646
829 528 473
829 529 363
829 530 145
829 531 535
829 532 959
829 533 348
829 534 464
829 535 982
829 536 253
829 537 178
829 538 442
829 539 431
829 540 786
829 541 189
829 542 408
829 543 950
829 544 456
829 545 719
829 546 814
829 547 157
829 548 704
829 549 620
829 550 571
829 551 114
829 552 283
829 553 111
829 554 815
829 555 189
829 556 973
829 557 93
829 558 482
829 559 975
829 560 300
829 561 380
829 562 208
829 563 451
829 564 328
829 565 922
829 566 745
829 567 985
829 568 427
829 569 8
829 570 418
829 571 385
829 572 59
829 573 541
829 574 971
829 575 652
829 576 378
829 577 647
829 578 455
829 579 254
829 580 86
829 581 363
829 582 652
829 583 305
829 584 432
829 585 605
829 586 145
829 587 948
829 588 758
829 589 426
829 590 563
829 591 306
829 592 430
829 593 135
829 594 74
829 595 719
829 596 79
829 597 403
829 598 21
829 599 615
829 600 135
829 601 881
829 602 47
829 603 679
829 604 429
829 605 381
829 606 298
829 607 188
829 608 772
829 609 242
829 610 248
829 611 520
829 612 323
829 613 228
829 614 823
829 615 128
829 616 968
829 617 150
829 618 919
829 619 385
829 620 160
829 621 315
829 622 594
829 623 546
829 624 105
829 625 82
829 626 607
829 627 188
829 628 334
829 629 651
829 630 566
829 631 981
829 632 899
829 633 959
829 634 303
829 635 299
829 636 983
829 637 484
829 638 343
829 639 370
829 640 213
829 641 989
829 642 28
829 643 133
829 644 264
829 645 982
829 646 724
829 647 352
829 648 488
829 649 115
829 650 464
829 651 191
829 652 145
829 653 879
829 654 238
829 655 619
829 656 955
829 657 25
829 658 706
829 659 377
829 660 300
829 661 7
829 662 765
829 663 126
829 664 922
829 665 960
829 666 749
829 667 689
829 668 674
829 669 209
829 670 3
829 671 212
829 672 146
829 673 914
829 674 610
829 675 72
829 676 374
829 677 838
829 678 236
829 679 997
829 680 850
829 681 10
829 682 182
829 683 356
829 684 353
829 685 30
829 686 708
829 687 367
829 688 124
829 689 72
829 690 360
829 691 80
829 692 258
829 693 739
829 694 332
829 695 985
829 696 884
829 697 941
829 698 508
829 699 30
829 700 427
829 701 702
829 702 441
829 703 457
829 704 810
829 705 31
829 706 977
829 707 751
829 708 159
829 709 792
829 710 425
829 711 101
829 712 64
829 713 425
829 714 107
829 715 958
829 716 86
829 717 945
829 718 432
829 719 579
829 720 913
829 721 436
829 722 149
829 723 116
829 724 968
829 725 312
829 726 519
829 727 430
829 728 536
829 729 715
829 730 514
829 731 798
829 732 642
829 733 910
829 734 905
829 735 839
829 736 794
829 737 95
829 738 235
829 739 221
829 740 896
829 741 585
829 742 582
829 743 682
829 744 532
829 745 967
829 746 27
829 747 922
829 748 261
829 749 497
829 750 40
829 751 956
829 752 923
829 753 45
829 754 979
829 755 77
829 756 647
829 757 808
829 758 365
829 759 466
829 760 195
829 761 774
829 762 380
829 763 455
829 764 401
829 765 800
829 766 39
829 767 193
829 768 804
829 769 881
829 770 531
829 771 124
829 772 829
829 773 697
829 774 980
829 775 893
829 776 763
829 777 938
829 778 300
829 779 818
829 780 396
829 781 933
829 782 981
829 783 130
829 784 869
829 785 807
829 786 303
829 787 636
829 788 730
829 789 698
829 790 992
829 791 127
829 792 666
829 793 345
829 794 956
829 795 647
829 796 629
829 797 478
829 798 717
829 799 624
829 800 61
829 801 902
829 802 113
829 803 502
829 804 796
829 805 795
829 806 802
829 807 392
829 808 199
829 809 354
829 810 664
829 811 562
829 812 716
829 813 107
829 814 331
829 815 645
829 816 135
829 817 632
829 818 612
829 819 33
829 820 20
829 821 155
829 822 796
829 823 482
829 824 103
829 825 48
829 826 469
829 827 395
829 828 477
829 829 626
828 829 36
827 828 421
826 827 361
825 826 829
824 825 155
823 824 715
822 823 689
821 822 83
820 821 734
819 820 616
818 819 884
817 818 911
816 817 503
815 816 144
814 815 427
813 814 492
812 813 36
811 812 964
810 811 56
809 810 342
808 809 849
807 808 746
806 807 293
805 806 244
804 805 130
803 804 957
802 803 656
801 802 167
800 801 63
799 800 392
798 799 829
797 798 393
796 797 417
795 796 791
794 795 310
793 794 844
792 793 965
791 792 268
790 791 880
789 790 505
788 789 67
787 788 340
786 787 260
785 786 583
784 785 519
783 784 309
782 783 186
781 782 758
780 781 0
779 780 906
778 779 672
777 778 20
776 777 817
775 776 885
774 775 871
773 774 239
772 773 600
771 772 622
770 771 397
769 770 995
768 769 810
767 768 865
766 767 493
765 766 995
764 765 845
763 764 427
762 763 612
761 762 922
760 761 548
759 760 296
758 759 211
757 758 772
756 757 927
755 756 436
754 755 764
753 754 78
752 753 614
751 752 776
750 751 530
749 750 824
748 749 813
747 748 694
746 747 92
745 746 587
744 745 34
743 744 514
742 743 542
741 742 922
740 741 391
739 740 517
738 739 380
737 738 991
736 737 471
735 736 671
734 735 889
733 734 152
732 733 819
731 732 164
730 731 882
729 730 338
728 729 459
727 728 864
726 727 777
725 726 15
724 725 307
723 724 41
722 723 133
721 722 230
720 721 67
719 720 40
718 719 937
717 718 889
716 717 528
715 716 86
714 715 819
713 714 67
712 713 481
711 712 826
710 711 723
709 710 735
708 709 301
707 708 596
706 707 388
705 706 862
704 705 159
703 704 802
702 703 617
701 702 263
700 701 895
699 700 151
698 699 537
697 698 36
696 697 329
695 696 837
694 695 325
693 694 920
692 693 764
691 692 985
690 691 722
689 690 348
688 689 9
687 688 224
686 687 953
685 686 624
684 685 555
683 684 206
682 683 895
681 682 686
680 681 650
679 680 510
678 679 510
677 678 853
676 677 330
675 676 909
674 675 939
673 674 695
672 673 507
671 672 533
670 671 898
669 670 433
668 669 696
667 668 653
666 667 415
665 666 577
664 665 151
663 664 499
662 663 610
661 662 107
660 661 154
659 660 846
658 659 559
657 658 370
656 657 387
655 656 469
654 655 202
653 654 107
652 653 149
651 652 638
650 651 221
649 650 816
648 649 970
647 648 43
646 647 656
645 646 212
644 645 262
643 644 407
642 643 509
641 642 121
640 641 206
639 640 693
638 639 770
637 638 462
636 637 538
635 636 924
634 635 28
633 634 718
632 633 873
631 632 884
630 631 841
629 630 65
628 629 117
627 628 367
626 627 196
625 626 441
624 625 170
623 624 795
622 623 599
621 622 267
620 621 225
619 620 377
618 619 85
617 618 433
616 617 222
615 616 695
614 615 731
613 614 598
612 613 807
611 612 500
610 611 942
609 610 459
608 609 296
607 608 531
606 607 569
605 606 403
604 605 100
603 604 8
602 603 394
601 602 62
600 601 226
599 600 767
598 599 202
597 598 86
596 597 827
595 596 67
594 595 89
593 594 654
592 593 997
591 592 825
590 591 384
589 590 578
588 589 641
587 588 170
586 587 941
585 586 159
584 585 915
583 584 703
582 583 752
581 582 343
580 581 309
579 580 38
578 579 436
577 578 509
576 577 716
575 576 118
574 575 490
573 574 127
572 573 351
571 572 831
570 571 999
569 570 817
568 569 861
567 568 345
566 567 485
565 566 492
564 565 930
563 564 574
562 563 101
561 562 111
560 561 424
559 560 306
558 559 336
557 558 855
556 557 412
555 556 309
554 555 72
553 554 746
552 553 535
551 552 877
550 551 183
549 550 315
548 549 49
547 548 956
546 547 245
545 546 748
544 545 489
543 544 117
542 543 300
541 542 132
540 541 561
539 540 404
538 539 369
537 538 296
536 537 597
535 536 153
534 535 167
533 534 276
532 533 42
531 532 36
530 531 635
529 530 798
528 529 346
527 528 95
526 527 735
525 526 376
524 525 808
523 524 345
522 523 341
521 522 277
520 521 154
519 520 141
518 519 9
517 518 298
516 517 601
515 516 384
514 515 212
513 514 182
512 513 550
511 512 892
510 511 381
509 510 445
508 509 655
507 508 469
506 507 924
505 506 659
504 505 729
503 504 506
502 503 671
501 502 622
500 501 718
499 500 984
498 499 767
497 498 866
496 497 43
495 496 869
494 495 931
493 494 581
492 493 960
491 492 375
490 491 969
489 490 322
488 489 571
487 488 265
486 487 697
485 486 210
484 485 41
483 484 43
482 483 19
481 482 871
480 481 285
479 480 158
478 479 892
477 478 117
476 477 355
475 476 660
474 475 666
473 474 836
472 473 533
471 472 669
470 471 136
469 470 262
468 469 882
467 468 118
466 467 811
465 466 819
464 465 463
463 464 935
462 463 281
461 462 22
460 461 83
459 460 642
458 459 406
457 458 944
456 457 874
455 456 487
454 455 102
453 454 186
452 453 705
451 452 286
450 451 309
449 450 894
448 449 203
447 448 664
446 447 622
445 446 121
444 445 195
443 444 100
442 443 626
441 442 541
440 441 691
439 440 842
438 439 2
437 438 772
436 437 734
435 436 14
434 435 218
433 434 3
432 433 323
431 432 427
430 431 694
429 430 972
428 429 411
427 428 15
426 427 133
425 426 742
424 425 857
423 424 85
422 423 648
421 422 986
420 421 561
419 420 192
418 419 425
417 418 831
416 417 997
415 416 896
414 415 842
413 414 828
412 413 51
411 412 478
410 411 857
409 410 319
408 409 333
407 408 506
406 407 39
405 406 905
404 405 0
403 404 773
402 403 618
401 402 574
400 401 929
399 400 498
398 399 906
397 398 540
396 397 457
395 396 161
394 395 718
393 394 265
392 393 65
391 392 456
390 391 169
389 390 47
388 389 726
387 388 678
386 387 790
385 386 428
384 385 581
383 384 718
382 383 892
381 382 411
380 381 32
379 380 424
378 379 895
377 378 581
376 377 689
375 376 896
374 375 727
373 374 387
372 373 458
371 372 652
370 371 228
369 370 245
368 369 163
367 368 342
366 367 715
365 366 196
364 365 608
363 364 1
362 363 82
361 362 666
360 361 848
359 360 424
358 359 766
357 358 397
356 357 317
355 356 732
354 355 135
353 354 635
352 353 874
351 352 648
350 351 913
349 350 969
348 349 604
347 348 367
346 347 689
345 346 294
344 345 624
343 344 360
342 343 493
341 342 976
340 341 780
339 340 245
338 339 138
337 338 287
336 337 557
335 336 46
334 335 756
333 334 343
332 333 80
331 332 759
330 331 468
329 330 12
328 329 707
327 328 574
326 327 157
325 326 256
324 325 673
323 324 857
322 323 397
321 322 365
320 321 664
319 320 318
318 319 939
317 318 520
316 317 895
315 316 582
314 315 921
313 314 419
312 313 697
311 312 482
310 311 13
309 310 179
308 309 681
307 308 452
306 307 943
305 306 611
304 305 120
303 304 256
302 303 542
301 302 350
300 301 165
299 300 865
298 299 162
297 298 692
296 297 807
295 296 59
294 295 785
293 294 989
292 293 208
291 292 688
290 291 714
289 290 173
288 289 583
287 288 940
286 287 923
285 286 858
284 285 481
283 284 749
282 283 926
281 282 367
280 281 266
279 280 204
278 279 400
277 278 716
276 277 103
275 276 610
274 275 40
273 274 478
272 273 515
271 272 62
270 271 184
269 270 446
268 269 358
267 268 308
266 267 662
265 266 73
264 265 226
263 264 71
262 263 266
261 262 855
260 261 103
259 260 635
258 259 435
257 258 557
256 257 23
255 256 695
254 255 959
253 254 62
252 253 819
251 252 744
250 251 215
249 250 490
248 249 126
247 248 735
246 247 189
245 246 993
244 245 984
243 244 199
242 243 22
241 242 620
240 241 37
239 240 118
238 239 853
237 238 379
236 237 93
235 236 400
234 235 122
233 234 589
232 233 850
231 232 620
230 231 193
229 230 650
228 229 127
227 228 27
226 227 75
225 226 696
224 225 616
223 224 547
222 223 958
221 222 931
220 221 649
219 220 587
218 219 836
217 218 46
216 217 224
215 216 714
214 215 875
213 214 149
212 213 801
211 212 103
210 211 63
209 210 835
208 209 436
207 208 340
206 207 174
205 206 813
204 205 380
203 204 225
202 203 722
201 202 119
200 201 277
199 200 749
198 199 16
197 198 248
196 197 194
195 196 865
194 195 343
193 194 645
192 193 601
191 192 498
190 191 118
189 190 627
188 189 332
187 188 84
186 187 365
185 186 812
184 185 938
183 184 717
182 183 656
181 182 676
180 181 504
179 180 461
178 179 281
177 178 593
176 177 429
175 176 972
174 175 845
173 174 603
172 173 695
171 172 916
170 171 220
169 170 869
168 169 241
167 168 831
166 167 534
165 166 282
164 165 537
163 164 722
162 163 857
161 162 400
160 161 699
159 160 553
158 159 849
157 158 945
156 157 716
155 156 919
154 155 82
153 154 862
152 153 39
151 152 945
150 151 153
149 150 897
148 149 133
147 148 775
146 147 695
145 146 91
144 145 70
143 144 487
142 143 266
141 142 672
140 141 627
139 140 33
138 139 191
137 138 841
136 137 193
135 136 188
134 135 297
133 134 247
132 133 589
131 132 324
130 131 394
129 130 817
128 129 610
127 128 93
126 127 455
125 126 294
124 125 601
123 124 560
122 123 617
121 122 818
120 121 986
119 120 208
118 119 553
117 118 944
116 117 834
115 116 340
114 115 560
113 114 127
112 113 723
111 112 298
110 111 564
109 110 308
108 109 111
107 108 501
106 107 955
105 106 520
104 105 896
103 104 327
102 103 82
101 102 93
100 101 458
99 100 556
98 99 822
97 98 145
96 97 990
95 96 822
94 95 244
93 94 227
92 93 581
91 92 939
90 91 195
89 90 64
88 89 891
87 88 720
86 87 333
85 86 747
84 85 249
83 84 341
82 83 888
81 82 847
80 81 505
79 80 626
78 79 1
77 78 640
76 77 684
75 76 803
74 75 844
73 74 727
72 73 408
71 72 860
70 71 736
69 70 95
68 69 14
67 68 937
66 67 561
65 66 940
64 65 824
63 64 63
62 63 266
61 62 533
60 61 886
59 60 453
58 59 488
57 58 565
56 57 989
55 56 209
54 55 934
53 54 655
52 53 625
51 52 323
50 51 444
49 50 362
48 49 103
47 48 573
46 47 483
45 46 338
44 45 700
43 44 870
42 43 920
41 42 75
40 41 747
39 40 101
38 39 317
37 38 150
36 37 923
35 36 616
34 35 829
33 34 722
32 33 545
31 32 931
30 31 256
29 30 818
28 29 633
27 28 97
26 27 773
25 26 143
24 25 288
23 24 142
22 23 516
21 22 223
20 21 929
19 20 913
18 19 597
17 18 366
16 17 488
15 16 991
14 15 310
13 14 849
12 13 802
11 12 940
10 11 414
9 10 497
8 9 523
7 8 988
6 7 265
5 6 41
4 5 430
3 4 911
2 3 776
1 2 394
0 1 864