470 425 677
470 426 644
470 427 294
470 428 78
470 429 451
470 430 146
470 431 36
470 432 404
470 433 387
470 434 755
470 435 743
470 436 666
470 437 434
470 438 714
470 439 533
470 440 302
470 441 205
470 442 196
470 443 861
470 444 830
470 445 925
470 446 368
470 447 77
470 448 742
470 449 699
470 450 327
470 451 329
470 452 520
470 453 118
470 454 149
470 455 693
470 456 756
470 457 379
470 458 648
470 459 864
470 460 529
470 461 147
470 462 289
470 463 496
470 464 18
470 465 877
470 466 245
470 467 900
470 468 943
470 469 419
470 470 139
471 1 881
471 2 235
471 3 90
471 4 669
471 5 636
471 6 627
471 7 379
471 8 508
471 9 846
471 10 127
471 11 629
471 12 90
471 13 686
471 14 898
471 15 304
471 16 731
471 17 918
471 18 680
471 19 959
471 20 737
471 21 755
471 22 336
471 23 401
471 24 296
471 25 664
471 26 855
471 27 282
471 28 618
471 29 93
471 30 483
471 31 464
471 32 242
471 33 146
471 34 7
471 35 845
471 36 217
471 37 698
471 38 530
471 39 220
471 40 451
471 41 202
471 42 998
471 43 35
471 44 659
471 45 718
471 46 210
471 47 807
471 48 787
471 49 353
471 50 359
471 51 29
471 52 807
471 53 617
471 54 645
471 55 655
471 56 482
471 57 819
471 58 688
471 59 268
471 60 934
471 61 656
471 62 885
471 63 404
471 64 615
471 65 441
471 66 635
471 67 654
471 68 532
471 69 590
471 70 563
471 71 199
471 72 618
471 73 133
471 74 525
471 75 102
471 76 879
471 77 946
471 78 196
471 79 93
471 80 503
471 81 223
471 82 203
471 83 538
471 84 217
471 85 561
471 86 848
471 87 908
471 88 71
471 89 416
471 90 387
471 91 612
471 92 97
471 93 246
471 94 238
471 95 206
471 96 33
471 97 171
471 98 669
471 99 767
471 100 477
471 101 689
471 102 518
471 103 124
471 104 411
471 105 548
471 106 99
471 107 89
471 108 400
471 109 208
471 110 479
471 111 215
471 112 425
471 113 589
471 114 779
471 115 528
471 116 454
471 117 631
471 118 312
471 119 35
471 120 671
471 121 155
471 122 582
471 123 554
471 124 729
471 125 726
471 126 790
471 127 128
471 128 562
471 129 393
471 130 739
471 131 753
471 132 399
471 133 883
471 134 853
471 135 352
471 136 52
471 137 524
471 138 385
471 139 334
471 140 997
471 141 451
471 142 271
471 143 70
471 144 756
471 145 181
471 146 810
471 147 779
471 148 199
471 149 549
471 150 751
471 151 917
471 152 267
471 153 432
471 154 147
471 155 471
471 156 937
471 157 939
471 158 891
471 159 732
471 160 141
471 161 872
471 162 529
471 163 97
471 164 667
471 165 930
471 166 604
471 167 977
471 168 116
471 169 384
471 170 179
471 171 67
471 172 401
471 173 565
471 174 292
471 175 223
471 176 289
471 177 992
471 178 602
471 179 551
471 180 361
471 181 278
471 182 501
471 183 358
471 184 102
471 185 193
471 186 724
471 187 691
471 188 281
471 189 751
471 190 652
471 191 664
471 192 963
471 193 236
471 194 453
471 195 902
471 196 680
471 197 324
471 198 467
471 199 178
471 200 685
471 201 225
471 202 972
471 203 326
471 204 515
471 205 42
471 206 551
471 207 496
471 208 148
471 209 130
471 210 428
471 211 3
471 212 691
471 213 591
471 214 758
471 215 212
471 216 843
471 217 146
471 218 915
471 219 4
471 220 225
471 221 754
471 222 613
471 223 810
471 224 285
471 225 887
471 226 707
471 227 872
471 228 632
471 229 716
471 230 737
471 231 919
471 232 83
471 233 277
471 234 759
471 235 834
471 236 773
471 237 129
471 238 694
471 239 491
471 240 674
471 241 550
471 242 359
471 243 17
471 244 602
471 245 891
471 246 203
471 247 186
471 248 975
471 249 997
471 250 416
471 251 679
471 252 863
471 253 919
471 254 139
471 255 80
471 256 209
471 257 277
471 258 630
471 259 752
471 260 148
471 261 310
471 262 807
471 263 507
471 264 264
471 265 233
471 266 896
471 267 133
471 268 140
471 269 231
471 270 974
471 271 604
471 272 188
471 273 930
471 274 162
471 275 302
471 276 284
471 277 202
471 278 902
471 279 885
471 280 981
471 281 543
471 282 625
471 283 944
471 284 949
471 285 964
471 286 589
471 287 913
471 288 790
471 289 131
471 290 726
471 291 400
471 292 891
471 293 602
471 294 835
471 295 93
471 296 319
471 297 747
471 298 955
471 299 843
471 300 97
471 301 807
471 302 42
471 303 20
471 304 240
471 305 577
471 306 922
471 307 98
471 308 610
471 309 836
471 310 750
471 311 978
471 312 338
471 313 525
471 314 596
471 315 675
471 316 875
471 317 17
471 318 518
471 319 93
471 320 643
471 321 809
471 322 997
471 323 82
471 324 743
471 325 91
471 326 692
471 327 968
471 328 225
471 329 383
471 330 493
471 331 938
471 332 873
471 333 424
471 334 920
471 335 561
471 336 316
471 337 448
471 338 572
471 339 737
471 340 629
471 341 272
471 342 781
471 343 163
471 344 342
471 345 60
471 346 913
471 347 117
471 348 936
471 349 884
471 350 55
471 351 394
471 352 713
471 353 894
471 354 716
471 355 957
471 356 760
471 357 689
471 358 868
471 359 321
471 360 833
471 361 429
471 362 498
471 363 705
471 364 294
471 365 513
471 366 256
471 367 82
471 368 469
471 369 570
471 370 867
471 371 167
471 372 851
471 373 618
471 374 201
471 375 979
471 376 196
471 377 44
471 378 21
471 379 748
471 380 322
471 381 416
471 382 864
471 383 362
471 384 206
471 385 524
471 386 279
471 387 399
471 388 300
471 389 215
471 390 926
471 391 508
471 392 553
471 393 90
471 394 821
471 395 726
471 396 255
471 397 619
471 398 366
471 399 614
471 400 185
471 401 708
471 402 209
471 403 491
471 404 457
471 405 944
471 406 915
471 407 117
471 408 610
471 409 727
471 410 721
471 411 549
471 412 177
471 413 563
471 414 262
471 415 778
471 416 864
471 417 147
471 418 249
471 419 329
471 420 149
471 421 648
471 422 638
471 423 345
471 424 613
471 425 243
471 426 466
471 427 964
471 428 380
471 429 906
471 430 950
471 431 886
471 432 601
471 433 549
471 434 247
471 435 985
471 436 261
471 437 216
471 438 246
471 439 302
471 440 390
471 441 377
471 442 242
471 443 400
471 444 439
471 445 524
471 446 147
471 447 643
471 448 885
471 449 886
471 450 787
471 451 581
471 452 440
471 453 335
471 454 592
471 455 322
471 456 452
471 457 626
471 458 177
471 459 686
471 460 999
471 461 845
471 462 614
471 463 638
471 464 465
471 465 724
471 466 27
471 467 935
471 468 218
471 469 495
471 470 594
471 471 899
472 1 701
472 2 294
472 3 712
472 4 394
472 5 853
472 6 168
472 7 950
472 8 674
472 9 538
472 10 491
472 11 756
472 12 779
472 13 44
472 14 944
472 15 164
472 16 743
472 17 803
472 18 845
472 19 867
472 20 822
472 21 699
472 22 352
472 23 908
472 24 742
472 25 760
472 26 488
472 27 670
472 28 670
472 29 241
472 30 788
472 31 663
472 32 830
472 33 1
472 34 429
472 35 969
472 36 903
472 37 936
472 38 774
472 39 494
472 40 497
472 41 275
472 42 349
472 43 184
472 44 374
472 45 965
472 46 40
472 47 367
472 48 583
472 49 41
472 50 997
472 51 114
472 52 519
472 53 531
472 54 24
472 55 558
472 56 249
472 57 633
472 58 784
472 59 445
472 60 376
472 61 113
472 62 486
472 63 78
472 64 588
472 65 255
472 66 7
472 67 524
472 68 811
472 69 350
472 70 374
472 71 1000
472 72 800
472 73 393
472 74 742
472 75 38
472 76 514
472 77 795
472 78 237
472 79 353
472 80 524
472 81 477
472 82 637
472 83 926
472 84 685
472 85 761
472 86 326
472 87 834
472 88 605
472 89 411
472 90 488
472 91 744
472 92 890
472 93 681
472 94 960
472 95 360
472 96 309
472 97 578
472 98 274
472 99 536
472 100 69
472 101 680
472 102 118
472 103 578
472 104 660
472 105 393
472 106 35
472 107 159
472 108 146
472 109 72
472 110 900
472 111 151
472 112 320
472 113 523
472 114 895
472 115 848
472 116 409
472 117 659
472 118 147
472 119 224
472 120 928
472 121 75
472 122 531
472 123 436
472 124 564
472 125 491
472 126 555
472 127 412
472 128 795
472 129 392
472 130 449
472 131 323
472 132 82
472 133 86
472 134 539
472 135 548
472 136 481
472 137 496
472 138 698
472 139 339
472 140 461
472 141 259
472 142 212
472 143 381
472 144 88
472 145 64
472 146 769
472 147 592
472 148 338
472 149 148
472 150 857
472 151 331
472 152 840
472 153 758
472 154 6
472 155 340
472 156 976
472 157 117
472 158 960
472 159 137
472 160 519
472 161 779
472 162 852
472 163 144
472 164 791
472 165 158
472 166 291
472 167 654
472 168 10
472 169 897
472 170 71
472 171 796
472 172 792
472 173 536
472 174 52
472 175 882
472 176 651
472 177 885
472 178 9
472 179 701
472 180 412
472 181 216
472 182 258
472 183 274
472 184 294
472 185 480
472 186 590
472 187 91
472 188 850
472 189 172
472 190 978
472 191 602
472 192 212
472 193 659
472 194 130
472 195 923
472 196 964
472 197 574
472 198 148
472 199 555
472 200 899
472 201 456
472 202 856
472 203 760
472 204 56
472 205 559
472 206 853
472 207 978
472 208 913
472 209 414
472 210 416
472 211 304
472 212 720
472 213 748
472 214 573
472 215 135
472 216 408
472 217 800
472 218 613
472 219 48
472 220 28
472 221 924
472 222 941
472 223 936
472 224 422
472 225 214
472 226 49
472 227 230
472 228 767
472 229 593
472 230 659
472 231 401
472 232 719
472 233 87
472 234 143
472 235 839
472 236 647
472 237 320
472 238 27
472 239 907
472 240 492
472 241 802
472 242 394
472 243 417
472 244 125
472 245 909
472 246 141
472 247 976
472 248 794
472 249 997
472 250 15
472 251 622
472 252 41
472 253 8
472 254 76
472 255 821
472 256 548
472 257 845
472 258 521
472 259 364
472 260 650
472 261 113
472 262 803
472 263 282
472 264 268
472 265 435
472 266 782
472 267 701
472 268 102
472 269 746
472 270 702
472 271 301
472 272 493
472 273 986
472 274 764
472 275 190
472 276 858
472 277 114
472 278 791
472 279 598
472 280 115
472 281 806
472 282 792
472 283 960
472 284 832
472 285 672
472 286 702
472 287 129
472 288 784
472 289 429
472 290 945
472 291 622
472 292 162
472 293 687
472 294 431
472 295 458
472 296 622
472 297 414
472 298 731
472 299 572
472 300 265
472 301 524
472 302 110
472 303 919
472 304 163
472 305 772
472 306 823
472 307 469
472 308 79
472 309 661
472 310 917
472 311 276
472 312 338
472 313 934
472 314 623
472 315 492
472 316 1000
472 317 497
472 318 280
472 319 764
472 320 672
472 321 323
472 322 141
472 323 994
472 324 347
472 325 62
472 326 731
472 327 193
472 328 633
472 329 846
472 330 948
472 331 641
472 332 938
472 333 648
472 334 339
472 335 317
472 336 429
472 337 87
472 338 514
472 339 138
472 340 953
472 341 663
472 342 663
472 343 661
472 344 32
472 345 618
472 346 918
472 347 446
472 348 55
472 349 2
472 350 927
472 351 232
472 352 881
472 353 932
472 354 963
472 355 642
472 356 600
472 357 417
472 358 517
472 359 605
472 360 626
472 361 154
472 362 673
472 363 508
472 364 183
472 365 814
472 366 188
472 367 326
472 368 201
472 369 393
472 370 942
472 371 891
472 372 213
472 373 756
472 374 361
472 375 279
472 376 544
472 377 608
472 378 14
472 379 176
472 380 786
472 381 25
472 382 716
472 383 118
472 384 800
472 385 442
472 386 596
472 387 89
472 388 363
472 389 878
472 390 371
472 391 756
472 392 511
472 393 842
472 394 402
472 395 241
472 396 841
472 397 985
472 398 317
472 399 891
472 400 851
472 401 171
472 402 950
472 403 938
472 404 622
472 405 21
472 406 16
472 407 672
472 408 690
472 409 9
472 410 274
472 411 831
472 412 624
472 413 369
472 414 677
472 415 988
472 416 928
472 417 177
472 418 632
472 419 189
472 420 917
472 421 962
472 422 221
472 423 894
472 424 845
472 425 1
472 426 965
472 427 812
472 428 262
472 429 876
472 430 105
472 431 611
472 432 206
472 433 18
472 434 70
472 435 707
472 436 469
472 437 263
472 438 991
472 439 198
472 440 747
472 441 808
472 442 53
472 443 539
472 444 666
472 445 928
472 446 467
472 447 308
472 448 443
472 449 265
472 450 349
472 451 939
472 452 487
472 453 663
472 454 846
472 455 856
472 456 518
472 457 933
472 458 796
472 459 544
472 460 921
472 461 774
472 462 529
472 463 611
472 464 827
472 465 143
472 466 521
472 467 171
472 468 526
472 469 271
472 470 221
472 471 441
472 472 193
473 1 240
473 2 863
473 3 578
473 4 775
473 5 834
473 6 690
473 7 305
473 8 513
473 9 916
473 10 712
473 11 410
473 12 592
473 13 405
473 14 389
473 15 617
473 16 653
473 17 873
473 18 357
473 19 339
473 20 934
473 21 717
473 22 828
473 23 960
473 24 303
473 25 838
473 26 486
473 27 142
473 28 450
473 29 308
473 30 484
473 31 347
473 32 406
473 33 623
473 34 204
473 35 875
473 36 853
473 37 957
473 38 751
473 39 826
473 40 490
473 41 23
473 42 136
473 43 259
473 44 704
473 45 657
473 46 513
473 47 304
473 48 986
473 49 849
473 50 375
473 51 366
473 52 682
473 53 359
473 54 151
473 55 612
473 56 13
473 57 296
473 58 521
473 59 901
473 60 641
473 61 614
473 62 137
473 63 677
473 64 779
473 65 918
473 66 796
473 67 727
473 68 461
473 69 254
473 70 456
473 71 709
473 72 68
473 73 828
473 74 523
473 75 54
473 76 874
473 77 779
473 78 46
473 79 878
473 80 214
473 81 758
473 82 248
473 83 600
473 84 161
473 85 780
473 86 913
473 87 78
473 88 743
473 89 264
473 90 405
473 91 677
473 92 353
473 93 996
473 94 422
473 95 282
473 96 690
473 97 461
473 98 405
473 99 763
473 100 248
473 101 764
473 102 984
473 103 10
473 104 83
473 105 915
473 106 844
473 107 920
473 108 11
473 109 545
473 110 88
473 111 876
473 112 129
473 113 105
473 114 505
473 115 538
473 116 546
473 117 394
473 118 217
473 119 397
473 120 517
473 121 390
473 122 171
473 123 421
473 124 63
473 125 204
473 126 867
473 127 926
473 128 808
473 129 471
473 130 739
473 131 21
473 132 759
473 133 725
473 134 814
473 135 876
473 136 888
473 137 817
473 138 306
473 139 792
473 140 536
473 141 253
473 142 762
473 143 172
473 144 697
473 145 595
473 146 853
473 147 902
473 148 131
473 149 573
473 150 776
473 151 249
473 152 160
473 153 966
473 154 722
473 155 904
473 156 947
473 157 427
473 158 739
473 159 840
473 160 884
473 161 238
473 162 185
473 163 27
473 164 557
473 165 256
473 166 564
473 167 190
473 168 148
473 169 807
473 170 308
473 171 818
473 172 226
473 173 154
473 174 255
473 175 207
473 176 365
473 177 536
473 178 874
473 179 908
473 180 726
473 181 168
473 182 59
473 183 949
473 184 959
473 185 714
473 186 482
473 187 441
473 188 413
473 189 274
473 190 288
473 191 511
473 192 252
473 193 539
473 194 127
473 195 423
473 196 538
473 197 370
473 198 771
473 199 914
473 200 15
473 201 448
473 202 983
473 203 131
473 204 925
473 205 187
473 206 844
473 207 100
473 208 315
473 209 83
473 210 244
473 211 31
473 212 392
473 213 488
473 214 827
473 215 723
473 216 236
473 217 52
473 218 533
473 219 173
473 220 383
473 221 433
473 222 125
473 223 725
473 224 459
473 225 910
473 226 501
473 227 545
473 228 827
473 229 932
473 230 320
473 231 973
473 232 259
473 233 230
473 234 596
473 235 287
473 236 428
473 237 397
473 238 804
473 239 57
473 240 611
473 241 265
473 242 143
473 243 529
473 244 708
473 245 909
473 246 869
473 247 254
473 248 725
473 249 802
473 250 49
473 251 294
473 252 669
473 253 560
473 254 324
473 255 320
473 256 677
473 257 999
473 258 891
473 259 78
473 260 275
473 261 865
473 262 653
473 263 8
473 264 855
473 265 23
473 266 32
473 267 293
473 268 715
473 269 689
473 270 447
473 271 643
473 272 246
473 273 303
473 274 178
473 275 331
473 276 474
473 277 607
473 278 82
473 279 125
473 280 418
473 281 851
473 282 544
473 283 514
473 284 424
473 285 91
473 286 459
473 287 885
473 288 354
473 289 567
473 290 525
473 291 206
473 292 281
473 293 728
473 294 170
473 295 117
473 296 822
473 297 299
473 298 14
473 299 626
473 300 86
473 301 35
473 302 331
473 303 972
473 304 800
473 305 723
473 306 893
473 307 315
473 308 335
473 309 838
473 310 676
473 311 85
473 312 0
473 313 788
473 314 794
473 315 680
473 316 574
473 317 283
473 318 131
473 319 321
473 320 848
473 321 476
473 322 221
473 323 205
473 324 872
473 325 560
473 326 997
473 327 356
473 328 916
473 329 996
473 330 738
473 331 275
473 332 161
473 333 356
473 334 449
473 335 763
473 336 715
473 337 623
473 338 206
473 339 408
473 340 235
473 341 984
473 342 679
473 343 710
473 344 181
473 345 222
473 346 724
473 347 856
473 348 571
473 349 99
473 350 355
473 351 228
473 352 800
473 353 860
473 354 532
473 355 35
473 356 496
473 357 131
473 358 600
473 359 881
473 360 76
473 361 533
473 362 106
473 363 584
473 364 257
473 365 69
473 366 776
473 367 809
473 368 978
473 369 427
473 370 574
473 371 628
473 372 101
473 373 352
473 374 140
473 375 339
473 376 264
473 377 883
473 378 652
473 379 22
473 380 839
473 381 507
473 382 929
473 383 165
473 384 14
473 385 565
473 386 527
473 387 346
473 388 61
473 389 554
473 390 554
473 391 844
473 392 762
473 393 194
473 394 652
473 395 822
473 396 630
473 397 382
473 398 298
473 399 352
473 400 118
473 401 393
473 402 270
473 403 278
473 404 644
473 405 32
473 406 253
473 407 440
473 408 722
473 409 121
473 410 31
473 411 906
473 412 145
473 413 779
473 414 136
473 415 985
473 416 958
473 417 680
473 418 621
473 419 444
473 420 119
473 421 24
473 422 893
473 423 746
473 424 394
473 425 327
473 426 445
473 427 490
473 428 539
473 429 978
473 430 64
473 431 496
473 432 577
473 433 598
473 434 641
473 435 323
473 436 158
473 437 45
473 438 91
473 439 958
473 440 270
473 441 604
473 442 843
473 443 233
473 444 347
473 445 949
473 446 518
473 447 763
473 448 393
473 449 391
473 450 224
473 451 858
473 452 899
473 453 285
473 454 457
473 455 607
473 456 112
473 457 264
473 458 476
473 459 157
473 460 376
473 461 524
473 462 981
473 463 884
473 464 602
473 465 28
473 466 886
473 467 991
473 468 628
473 469 244
473 470 827
473 471 785
473 472 23
473 473 762
474 1 85
474 2 319
474 3 368
474 4 775
474 5 631
474 6 429
474 7 208
474 8 15
474 9 770
474 10 504
474 11 748
474 12 993
474 13 619
474 14 80
474 15 67
474 16 550
474 17 556
474 18 389
474 19 316
474 20 501
474 21 928
474 22 658
474 23 543
474 24 139
474 25 684
474 26 983
474 27 4
474 28 648
474 29 215
474 30 553
474 31 421
474 32 809
474 33 894
474 34 583
474 35 599
474 36 422
474 37 874
474 38 89
474 39 212
474 40 415
474 41 21
474 42 47
474 43 721
474 44 376
474 45 913
474 46 215
474 47 553
474 48 724
474 49 475
474 50 973
474 51 403
474 52 958
474 53 976
474 54 159
474 55 769
474 56 116
474 57 772
474 58 225
474 59 150
474 60 68
474 61 479
474 62 866
474 63 325
474 64 679
474 65 449
474 66 400
474 67 448
474 68 734
474 69 365
474 70 863
474 71 570
474 72 381
474 73 167
474 74 196
474 75 701
474 76 505
474 77 346
474 78 699
474 79 906
474 80 293
474 81 649
474 82 661
474 83 946
474 84 435
474 85 528
474 86 775
474 87 988
474 88 882
474 89 111
474 90 700
474 91 676
474 92 229
474 93 624
474 94 690
474 95 895
474 96 453
474 97 248
474 98 137
474 99 63
474 100 44
474 101 0
474 102 201
474 103 748
474 104 569
474 105 325
474 106 863
474 107 618
474 108 926
474 109 499
474 110 248
474 111 33
474 112 451
474 113 612
474 114 218
474 115 951
474 116 584
474 117 679
474 118 920
474 119 505
474 120 632
474 121 705
474 122 648
474 123 155
474 124 444
474 125 596
474 126 608
474 127 871
474 128 729
474 129 555
474 130 945
474 131 531
474 132 187
474 133 335
474 134 741
474 135 192
474 136 533
474 137 849
474 138 698
474 139 778
474 140 908
474 141 347
474 142 984
474 143 790
474 144 821
474 145 970
474 146 805
474 147 48
474 148 400
474 149 171
474 150 196
474 151 508
474 152 421
474 153 192
474 154 694
474 155 399
474 156 479
474 157 921
474 158 784
474 159 164
474 160 824
474 161 636
474 162 890
474 163 342
474 164 37
474 165 351
474 166 158
474 167 60
474 168 968
474 169 125
474 170 689
474 171 646
474 172 530
474 173 955
474 174 307
474 175 192
474 176 89
474 177 700
474 178 534
474 179 851
474 180 992
474 181 152
474 182 951
474 183 954
474 184 613
474 185 497
474 186 668
474 187 368
474 188 290
474 189 451
474 190 233
474 191 144
474 192 486
474 193 488
474 194 259
474 195 246
474 196 439
474 197 229
474 198 456
474 199 793
474 200 782
474 201 981
474 202 414
474 203 565
474 204 6
474 205 909
474 206 740
474 207 457
474 208 24
474 209 420
474 210 957
474 211 793
474 212 492
474 213 359
474 214 254
474 215 464
474 216 239
474 217 883
474 218 841
474 219 839
474 220 343
474 221 517
474 222 578
474 223 80
474 224 386
474 225 260
474 226 426
474 227 131
474 228 347
474 229 560
474 230 465
474 231 182
474 232 481
474 233 458
474 234 914
474 235 521
474 236 127
474 237 486
474 238 932
474 239 709
474 240 108
474 241 573
474 242 123
474 243 512
474 244 520
474 245 431
474 246 206
474 247 327
474 248 675
474 249 999
474 250 586
474 251 212
474 252 388
474 253 139
474 254 674
474 255 790
474 256 635
474 257 145
474 258 708
474 259 24
474 260 279
474 261 105
474 262 731
474 263 105
474 264 967
474 265 257
474 266 94
474 267 529
474 268 610
474 269 137
474 270 656
474 271 464
474 272 693
474 273 345
474 274 846
474 275 376
474 276 720
474 277 355
474 278 596
474 279 29
474 280 275
474 281 977
474 282 630
474 283 42
474 284 783
474 285 999
474 286 390
474 287 215
474 288 446
474 289 0
474 290 826
474 291 486
474 292 391
474 293 425
474 294 950
474 295 232
474 296 239
474 297 948
474 298 181
474 299 549
474 300 68
474 301 425
474 302 866
474 303 636
474 304 918
474 305 532
474 306 1
474 307 868
474 308 202
474 309 477
474 310 758
474 311 83
474 312 204
474 313 934
474 314 957
474 315 620
474 316 619
474 317 841
474 318 119
474 319 132
474 320 4
474 321 547
474 322 391
474 323 8
474 324 44
474 325 975
474 326 239
474 327 28
474 328 372
474 329 715
474 330 816
474 331 185
474 332 115
474 333 182
474 334 334
474 335 742
474 336 205
474 337 269
474 338 95
474 339 416
474 340 41
474 341 789
474 342 589
474 343 49
474 344 441
474 345 990
474 346 840
474 347 232
474 348 972
474 349 912
474 350 403
474 351 324
474 352 483
474 353 94
474 354 1
474 355 700
474 356 530
474 357 322
474 358 238
474 359 498
474 360 318
474 361 514
474 362 408
474 363 691
474 364 225
474 365 632
474 366 848
474 367 579
474 368 1000
474 369 958
474 370 472
474 371 525
474 372 475
474 373 398
474 374 998
474 375 393
474 376 697
474 377 112
474 378 234
474 379 511
474 380 346
474 381 978
474 382 951
474 383 191
474 384 761
474 385 249
474 386 955
474 387 352
474 388 157
474 389 456
474 390 123
474 391 298
474 392 925
474 393 491
474 394 107
474 395 887
474 396 289
474 397 731
474 398 784
474 399 785
474 400 410
474 401 996
474 402 367
474 403 284
474 404 442
474 405 367
474 406 937
474 407 647
474 408 382
474 409 726
474 410 671
474 411 234
474 412 482
474 413 889
474 414 512
474 415 363
474 416 410
474 417 122
474 418 797
474 419 851
474 420 132
474 421 627
474 422 393
474 423 289
474 424 367
474 425 800
474 426 901
474 427 675
474 428 492
474 429 794
474 430 760
474 431 204
474 432 958
474 433 294
474 434 237
474 435 148
474 436 776
474 437 881
474 438 390
474 439 986
474 440 376
474 441 756
474 442 231
474 443 432
474 444 587
474 445 312
474 446 79
474 447 93
474 448 349
474 449 948
474 450 521
474 451 977
474 452 969
474 453 363
474 454 507
474 455 9
474 456 230
474 457 281
474 458 318
474 459 858
474 460 509
474 461 232
474 462 247
474 463 5
474 464 702
474 465 99
474 466 893
474 467 351
474 468 798
474 469 895
474 470 355
474 471 572
474 472 484
474 473 953
474 474 109
475 1 706
475 2 731
475 3 502
475 4 616
475 5 773
475 6 716
475 7 571
475 8 414
475 9 882
475 10 33
475 11 7
475 12 203
475 13 572
475 14 600
475 15 140
475 16 681
475 17 842
475 18 58
475 19 884
475 20 674
475 21 141
475 22 96
475 23 831
475 24 368
475 25 144
475 26 303
475 27 113
475 28 834
475 29 235
475 30 493
475 31 271
475 32 94
475 33 569
475 34 419
475 35 975
475 36 579
475 37 402
475 38 489
475 39 70
475 40 985
475 41 70
475 42 467
475 43 147
475 44 938
475 45 851
475 46 623
475 47 872
475 48 309
475 49 163
475 50 373
475 51 553
475 52 235
475 53 185
475 54 271
475 55 484
475 56 403
475 57 660
475 58 564
475 59 502
475 60 519
475 61 853
475 62 275
475 63 104
475 64 634
475 65 491
475 66 40
475 67 466
475 68 894
475 69 518
475 70 238
475 71 342
475 72 414
475 73 602
475 74 659
475 75 88
475 76 821
475 77 951
475 78 384
475 79 938
475 80 54
475 81 578
475 82 451
475 83 906
475 84 175
475 85 397
475 86 941
475 87 137
475 88 601
475 89 21
475 90 270
475 91 414
475 92 700
475 93 725
475 94 448
475 95 213
475 96 676
475 97 622
475 98 418
475 99 529
475 100 899
475 101 170
475 102 869
475 103 658
475 104 847
475 105 26
475 106 172
475 107 907
475 108 942
475 109 520
475 110 876
475 111 799
475 112 79
475 113 916
475 114 847
475 115 564
475 116 575
475 117 162
475 118 944
475 119 234
475 120 794
475 121 831
475 122 498
475 123 682
475 124 259
475 125 713
475 126 598
475 127 377
475 128 463
475 129 692
475 130 110
475 131 325
475 132 492
475 133 739
475 134 836
475 135 370
475 136 913
475 137 118
475 138 10
475 139 36
475 140 812
475 141 87
475 142 384
475 143 172
475 144 629
475 145 749
475 146 705
475 147 273
475 148 113
475 149 525
475 150 617
475 151 659
475 152 610
475 153 209
475 154 714
475 155 662
475 156 797
475 157 713
475 158 109
475 159 529
475 160 902
475 161 957
475 162 721
475 163 649
475 164 609
475 165 597
475 166 5
475 167 151
475 168 157
475 169 996
475 170 699
475 171 100
475 172 832
475 173 416
475 174 419
475 175 987
475 176 313
475 177 523
475 178 482
475 179 971
475 180 399
475 181 354
475 182 387
475 183 936
475 184 901
475 185 240
475 186 312
475 187 568
475 188 761
475 189 757
475 190 385
475 191 934
475 192 148
475 193 711
475 194 545
475 195 339
475 196 991
475 197 513
475 198 643
475 199 350
475 200 162
475 201 920
475 202 268
475 203 883
475 204 791
475 205 418
475 206 858
475 207 875
475 208 936
475 209 985
475 210 821
475 211 121
475 212 700
475 213 343
475 214 812
475 215 733
475 216 294
475 217 753
475 218 638
475 219 903
475 220 921
475 221 365
475 222 504
475 223 838
475 224 138
475 225 537
475 226 30
475 227 233
475 228 168
475 229 212
475 230 156
475 231 173
475 232 141
475 233 567
475 234 743
475 235 557
475 236 435
475 237 796
475 238 79
475 239 697
475 240 724
475 241 727
475 242 657
475 243 77
475 244 474
475 245 407
475 246 590
475 247 440
475 248 31
475 249 169
475 250 365
475 251 627
475 252 112
475 253 135
475 254 137
475 255 355
475 256 213
475 257 745
475 258 384
475 259 275
475 260 420
475 261 698
475 262 35
475 263 441
475 264 564
475 265 298
475 266 42
475 267 649
475 268 389
475 269 303
475 270 332
475 271 597
475 272 740
475 273 181
475 274 263
475 275 980
475 276 898
475 277 200
475 278 55
475 279 771
475 280 531
475 281 645
475 282 484
475 283 784
475 284 366
475 285 643
475 286 146
475 287 353
475 288 377
475 289 955
475 290 115
475 291 515
475 292 780
475 293 290
475 294 885
475 295 940
475 296 604
475 297 162
475 298 420
475 299 485
475 300 348
475 301 173
475 302 165
475 303 473
475 304 618
475 305 471
475 306 730
475 307 107
475 308 946
475 309 443
475 310 402
475 311 999
475 312 891
475 313 748
475 314 431
475 315 786
475 316 27
475 317 401
475 318 730
475 319 147
475 320 49
475 321 873
475 322 898
475 323 547
475 324 109
475 325 641
475 326 987
475 327 400
475 328 817
475 329 888
475 330 329
475 331 625
475 332 41
475 333 282
475 334 242
475 335 897
475 336 485
475 337 798
475 338 626
475 339 618
475 340 22
475 341 555
475 342 380
475 343 539
475 344 906
475 345 282
475 346 258
475 347 855
475 348 70
475 349 595
475 350 942
475 351 406
475 352 492
475 353 660
475 354 245
475 355 404
475 356 938
475 357 230
475 358 390
475 359 482
475 360 251
475 361 446
475 362 917
475 363 441
475 364 98
475 365 989
475 366 359
475 367 674
475 368 579
475 369 417
475 370 132
475 371 74
475 372 409
475 373 546
475 374 221
475 375 522
475 376 372
475 377 141
475 378 944
475 379 253
475 380 728
475 381 340
475 382 702
475 383 935
475 384 581
475 385 446
475 386 428
475 387 27
475 388 806
475 389 388
475 390 805
475 391 689
475 392 156
475 393 797
475 394 151
475 395 626
475 396 586
475 397 114
475 398 947
475 399 795
475 400 48
475 401 39
475 402 3
475 403 522
475 404 331
475 405 843
475 406 25
475 407 19
475 408 152
475 409 176
475 410 820
475 411 735
475 412 399
475 413 703
475 414 5
475 415 597
475 416 952
475 417 166
475 418 13
475 419 789
475 420 578
475 421 395
475 422 141
475 423 578
475 424 897
475 425 372
475 426 474
475 427 430
475 428 899
475 429 167
475 430 231
475 431 360
475 432 243
475 433 989
475 434 174
475 435 336
475 436 288
475 437 650
475 438 246
475 439 231
475 440 45
475 441 407
475 442 694
475 443 640
475 444 909
475 445 981
475 446 494
475 447 24
475 448 968
475 449 336
475 450 639
475 451 956
475 452 899
475 453 965
475 454 248
475 455 696
475 456 655
475 457 162
475 458 942
475 459 798
475 460 178
475 461 164
475 462 150
475 463 712
475 464 561
475 465 967
475 466 160
475 467 345
475 468 385
475 469 0
475 470 37
475 471 982
475 472 293
475 473 824
475 474 640
475 475 528
476 1 930
476 2 157
476 3 33
476 4 991
476 5 482
476 6 100
476 7 978
476 8 367
476 9 341
476 10 82
476 11 846
476 12 856
476 13 98
476 14 528
476 15 663
476 16 28
476 17 268
476 18 947
476 19 879
476 20 802
476 21 809
476 22 411
476 23 882
476 24 548
476 25 52
476 26 878
476 27 82
476 28 487
476 29 507
476 30 711
476 31 892
476 32 763
476 33 567
476 34 809
476 35 467
476 36 330
476 37 13
476 38 918
476 39 669
476 40 707
476 41 630
476 42 413
476 43 181
476 44 21
476 45 359
476 46 26
476 47 126
476 48 98
476 49 366
476 50 65
476 51 396
476 52 972
476 53 195
476 54 270
476 55 821
476 56 464
476 57 31
476 58 185
476 59 422
476 60 464
476 61 823
476 62 869
476 63 576
476 64 317
476 65 688
476 66 261
476 67 774
476 68 635
476 69 923
476 70 618
476 71 363
476 72 451
476 73 55
476 74 418
476 75 79
476 76 949
476 77 855
476 78 940
476 79 366
476 80 172
476 81 728
476 82 813
476 83 785
476 84 614
476 85 53
476 86 933
476 87 398
476 88 815
476 89 318
476 90 715
476 91 63
476 92 660
476 93 423
476 94 45
476 95 197
476 96 622
476 97 907
476 98 345
476 99 19
476 100 128
476 101 751
476 102 186
476 103 23
476 104 947
476 105 324
476 106 139
476 107 121
476 108 651
476 109 882
476 110 861
476 111 370
476 112 524
476 113 387
476 114 853
476 115 343
476 116 462
476 117 583
476 118 360
476 119 622
476 120 437
476 121 106
476 122 81
476 123 793
476 124 832
476 125 2
476 126 351
476 127 530
476 128 840
476 129 84
476 130 556
476 131 58
476 132 569
476 133 790
476 134 487
476 135 138
476 136 670
476 137 934
476 138 341
476 139 726
476 140 163
476 141 534
476 142 469
476 143 831
476 144 244
476 145 625
476 146 467
476 147 810
476 148 663
476 149 197
476 150 73
476 151 969
476 152 837
476 153 323
476 154 775
476 155 917
476 156 34
476 157 524
476 158 656
476 159 181
476 160 599
476 161 647
476 162 39
476 163 156
476 164 565
476 165 459
476 166 921
476 167 774
476 168 158
476 169 931
476 170 467
476 171 957
476 172 529
476 173 265
476 174 801
476 175 259
476 176 725
476 177 717
476 178 335
476 179 267
476 180 819
476 181 206
476 182 271
476 183 832
476 184 178
476 185 573
476 186 82
476 187 84
476 188 832
476 189 599
476 190 819
476 191 352
476 192 184
476 193 972
476 194 396
476 195 646
476 196 714
476 197 762
476 198 707
476 199 568
476 200 843
476 201 44
476 202 532
476 203 843
476 204 747
476 205 47
476 206 740
476 207 782
476 208 733
476 209 657
476 210 722
476 211 492
476 212 932
476 213 137
476 214 914
476 215 128
476 216 166
476 217 61
476 218 523
476 219 313
476 220 887
476 221 413
476 222 151
476 223 609
476 224 145
476 225 686
476 226 416
476 227 281
476 228 650
476 229 783
476 230 128
476 231 926
476 232 402
476 233 322
476 234 25
476 235 967
476 236 977
476 237 865
476 238 861
476 239 950
476 240 322
476 241 44
476 242 482
476 243 553
476 244 687
476 245 113
476 246 734
476 247 195
476 248 71
476 249 4
476 250 369
476 251 355
476 252 885
476 253 579
476 254 83
476 255 42
476 256 138
476 257 534
476 258 943
476 259 485
476 260 407
476 261 24
476 262 841
476 263 335
476 264 285
476 265 727
476 266 577
476 267 129
476 268 582
476 269 849
476 270 363
476 271 476
476 272 596
476 273 39
476 274 842
476 275 901
476 276 713
476 277 398
476 278 689
476 279 640
476 280 650
476 281 794
476 282 446
476 283 395
476 284 407
476 285 780
476 286 207
476 287 256
476 288 780
476 289 11
476 290 504
476 291 30
476 292 314
476 293 92
476 294 335
476 295 624
476 296 364
476 297 792
476 298 775
476 299 902
476 300 447
476 301 258
476 302 278
476 303 962
476 304 404
476 305 649
476 306 436
476 307 950
476 308 66
476 309 945
476 310 451
476 311 168
476 312 192
476 313 980
476 314 102
476 315 721
476 316 829
476 317 826
476 318 916
476 319 521
476 320 884
476 321 460
476 322 730
476 323 761
476 324 242
476 325 458
476 326 586
476 327 79
476 328 430
476 329 948
476 330 776
476 331 967
476 332 189
476 333 281
476 334 247
476 335 913
476 336 585
476 337 255
476 338 752
476 339 748
476 340 19
476 341 508
476 342 716
476 343 642
476 344 362
476 345 646
476 346 199
476 347 696
476 348 162
476 349 963
476 350 541
476 351 370
476 352 16
476 353 921
476 354 233
476 355 778
476 356 823
476 357 817
476 358 628
476 359 651
476 360 421
476 361 934
476 362 575
476 363 37
476 364 972
476 365 475
476 366 369
476 367 393
476 368 576
476 369 800
476 370 945
476 371 718
476 372 676
476 373 803
476 374 159
476 375 523
476 376 768
476 377 6
476 378 865
476 379 145
476 380 810
476 381 442
476 382 801
476 383 722
476 384 194
476 385 350
476 386 325
476 387 567
476 388 539
476 389 550
476 390 264
476 391 968
476 392 287
476 393 735
476 394 839
476 395 797
476 396 438
476 397 13
476 398 291
476 399 318
476 400 272
476 401 445
476 402 772
476 403 393
476 404 619
476 405 556
476 406 815
476 407 647
476 408 516
476 409 964
476 410 112
476 411 593
476 412 161
476 413 654
476 414 674
476 415 64
476 416 173
476 417 542
476 418 178
476 419 850
476 420 972
476 421 285
476 422 434
476 423 958
476 424 562
476 425 71
476 426 192
476 427 626
476 428 765
476 429 263
476 430 797
476 431 678
476 432 838
476 433 680
476 434 969
476 435 931
476 436 491
476 437 738
476 438 971
476 439 9
476 440 951
476 441 349
476 442 128
476 443 452
476 444 44
476 445 582
476 446 144
476 447 807
476 448 1
476 449 174
476 450 441
476 451 615
476 452 413
476 453 801
476 454 506
476 455 330
476 456 300
476 457 640
476 458 298
476 459 371
476 460 352
476 461 975
476 462 159
476 463 578
476 464 52
476 465 835
476 466 598
476 467 9
476 468 839
476 469 765
476 470 866
476 471 338
476 472 156
476 473 921
476 474 888
476 475 938
476 476 166
477 1 361
477 2 896
477 3 697
477 4 545
477 5 737
477 6 690
477 7 600
477 8 248
477 9 946
477 10 965
477 11 991
477 12 824
477 13 337
477 14 579
477 15 118
477 16 213
477 17 256
477 18 995
477 19 854
477 20 395
477 21 348
477 22 528
477 23 541
477 24 780
477 25 212
477 26 780
477 27 702
477 28 296
477 29 951
477 30 794
477 31 719
477 32 595
477 33 696
477 34 697
477 35 260
477 36 35
477 37 757
477 38 279
477 39 21
477 40 52
477 41 507
477 42 354
477 43 413
477 44 122
477 45 738
477 46 404
477 47 466
477 48 39
477 49 703
477 50 956
477 51 268
477 52 565
477 53 584
477 54 544
477 55 791
477 56 35
477 57 1000
477 58 480
477 59 563
477 60 295
477 61 922
477 62 543
477 63 318
477 64 15
477 65 402
477 66 967
477 67 504
477 68 822
477 69 276
477 70 345
477 71 414
477 72 771
477 73 753
477 74 166
477 75 364
477 76 519
477 77 241
477 78 469
477 79 154
477 80 687
477 81 299
477 82 366
477 83 91
477 84 508
477 85 37
477 86 910
477 87 954
477 88 640
477 89 27
477 90 385
477 91 750
477 92 755
477 93 825
477 94 348
477 95 258
477 96 41
477 97 616
477 98 629
477 99 153
477 100 727
477 101 468
477 102 643
477 103 635
477 104 106
477 105 612
477 106 885
477 107 949
477 108 437
477 109 80
477 110 735
477 111 172
477 112 574
477 113 700
477 114 858
477 115 806
477 116 760
477 117 172
477 118 917
477 119 825
477 120 979
477 121 22
477 122 968
477 123 252
477 124 180
477 125 840
477 126 848
477 127 860
477 128 243
477 129 337
477 130 81
477 131 151
477 132 716
477 133 750
477 134 860
477 135 526
477 136 677
477 137 889
477 138 636
477 139 141
477 140 512
477 141 3
477 142 175
477 143 399
477 144 976
477 145 418
477 146 125
477 147 943
477 148 578
477 149 42
477 150 777
477 151 473
477 152 721
477 153 703
477 154 753
477 155 823
477 156 544
477 157 546
477 158 270
477 159 912
477 160 419
477 161 9
477 162 391
477 163 418
477 164 765
477 165 804
477 166 745
477 167 336
477 168 664
477 169 181
477 170 319
477 171 366
477 172 145
477 173 445
477 174 459
477 175 221
477 176 944
477 177 913
477 178 139
477 179 432
477 180 679
477 181 995
477 182 353
477 183 63
477 184 840
477 185 68
477 186 334
477 187 669
477 188 968
477 189 231
477 190 12
477 191 46
477 192 247
477 193 25
477 194 62
477 195 642
477 196 502
477 197 22
477 198 361
477 199 154
477 200 645
477 201 749
477 202 59
477 203 552
477 204 587
477 205 364
477 206 17
477 207 312
477 208 166
477 209 687
477 210 352
477 211 266
477 212 231
477 213 673
477 214 675
477 215 743
477 216 684
477 217 451
477 218 883
477 219 351
477 220 255
477 221 984
477 222 765
477 223 743
477 224 322
477 225 39
477 226 213
477 227 60
477 228 966
477 229 393
477 230 298
477 231 804
477 232 324
477 233 841
477 234 195
477 235 720
477 236 411
477 237 618
477 238 140
477 239 265
477 240 80
477 241 868
477 242 721
477 243 321
477 244 559
477 245 492
477 246 755
477 247 976
477 248 828
477 249 506
477 250 900
477 251 676
477 252 166
477 253 668
477 254 568
477 255 225
477 256 981
477 257 12
477 258 316
477 259 466
477 260 500
477 261 367
477 262 610
477 263 539
477 264 26
477 265 853
477 266 630
477 267 110
477 268 939
477 269 922
477 270 510
477 271 644
477 272 135
477 273 605
477 274 623
477 275 361
477 276 393
477 277 778
477 278 239
477 279 835
477 280 135
477 281 750
477 282 240
477 283 218
477 284 992
477 285 712
477 286 785
477 287 583
477 288 508
477 289 793
477 290 937
477 291 800
477 292 211
477 293 783
477 294 138
477 295 78
477 296 522
477 297 181
477 298 999
477 299 158
477 300 405
477 301 897
477 302 132
477 303 831
477 304 25
477 305 650
477 306 599
477 307 375
477 308 335
477 309 516
477 310 566
477 311 15
477 312 829
477 313 140
477 314 175
477 315 596
477 316 293
477 317 491
477 318 643
477 319 382
477 320 239
477 321 335
477 322 690
477 323 314
477 324 530
477 325 66
477 326 245
477 327 923
477 328 851
477 329 757
477 330 226
477 331 288
477 332 676
477 333 559
477 334 720
477 335 733
477 336 691
477 337 235
477 338 367
477 339 578
477 340 754
477 341 994
477 342 121
477 343 279
477 344 660
477 345 393
477 346 124
477 347 50
477 348 879
477 349 438
477 350 527
477 351 548
477 352 759
477 353 6
477 354 675
477 355 753
477 356 900
477 357 291
477 358 223
477 359 254
477 360 424
477 361 750
477 362 176
477 363 101
477 364 728
477 365 802
477 366 629
477 367 121
477 368 16
477 369 237
477 370 279
477 371 267
477 372 649
477 373 549
477 374 473
477 375 619
477 376 526
477 377 452
477 378 796
477 379 303
477 380 728
477 381 206
477 382 807
477 383 554
477 384 624
477 385 292
477 386 921
477 387 570
477 388 109
477 389 445
477 390 327
477 391 360
477 392 956
477 393 285
477 394 891
477 395 860
477 396 131
477 397 225
477 398 501
477 399 255
477 400 184
477 401 981
477 402 40
477 403 403
477 404 849
477 405 907
477 406 772
477 407 572
477 408 437
477 409 837
477 410 78
477 411 627
477 412 451
477 413 218
477 414 941
477 415 905
477 416 423
477 417 157
477 418 783
477 419 846
477 420 101
477 421 246
477 422 83
477 423 87
477 424 120
477 425 450
477 426 471
477 427 505
477 428 422
477 429 828
477 430 939
477 431 48
477 432 448
477 433 741
477 434 507
477 435 471
477 436 9
477 437 74
477 438 565
477 439 956
477 440 313
477 441 45
477 442 245
477 443 729
477 444 892
477 445 352
477 446 493
477 447 260
477 448 393
477 449 880
477 450 529
477 451 319
477 452 308
477 453 753
477 454 746
477 455 688
477 456 257
477 457 206
477 458 857
477 459 192
477 460 354
477 461 537
477 462 890
477 463 214
477 464 82
477 465 377
477 466 194
477 467 45
477 468 534
477 469 29
477 470 261
477 471 332
477 472 914
477 473 466
477 474 548
477 475 330
477 476 326
477 477 813
478 1 87
478 2 904
478 3 620
478 4 104
478 5 622
478 6 347
478 7 197
478 8 464
478 9 226
478 10 943
478 11 571
478 12 406
478 13 623
478 14 993
478 15 227
478 16 696
478 17 438
478 18 805
478 19 65
478 20 143
478 21 7
478 22 670
478 23 296
478 24 3
478 25 358
478 26 166
478 27 53
478 28 44
478 29 43
478 30 272
478 31 345
478 32 220
478 33 487
478 34 721
478 35 260
478 36 501
478 37 465
478 38 594
478 39 440
478 40 956
478 41 752
478 42 952
478 43 560
478 44 977
478 45 664
478 46 979
478 47 681
478 48 528
478 49 713
478 50 647
478 51 55
478 52 469
478 53 421
478 54 361
478 55 904
478 56 898
478 57 789
478 58 291
478 59 769
478 60 524
478 61 889
478 62 721
478 63 88
478 64 627
478 65 304
478 66 625
478 67 238
478 68 177
478 69 693
478 70 653
478 71 760
478 72 58
478 73 372
478 74 191
478 75 891
478 76 86
478 77 648
478 78 239
478 79 34
478 80 397
478 81 927
478 82 50
478 83 727
478 84 600
478 85 209
478 86 962
478 87 449
478 88 200
478 89 814
478 90 225
478 91 747
478 92 398
478 93 503
478 94 826
478 95 437
478 96 398
478 97 808
478 98 357
478 99 454
478 100 191
478 101 932
478 102 213
478 103 132
478 104 323
478 105 536
478 106 151
478 107 725
478 108 955
478 109 458
478 110 151
478 111 445
478 112 703
478 113 918
478 114 663
478 115 431
478 116 338
478 117 172
478 118 393
478 119 338
478 120 733
478 121 471
478 122 444
478 123 107
478 124 195
478 125 294
478 126 586
478 127 769
478 128 144
478 129 232
478 130 922
478 131 744
478 132 299
478 133 716
478 134 655
478 135 894
478 136 276
478 137 3
478 138 635
478 139 118
478 140 42
478 141 369
478 142 6
478 143 404
478 144 685
478 145 946
478 146 759
478 147 972
478 148 702
478 149 83
478 150 887
478 151 703
478 152 68
478 153 539
478 154 866
478 155 10
478 156 909
478 157 400
478 158 482
478 159 363
478 160 26
478 161 220
478 162 636
478 163 908
478 164 53
478 165 507
478 166 763
478 167 146
478 168 307
478 169 454
478 170 61
478 171 981
478 172 667
478 173 504
478 174 325
478 175 513
478 176 711
478 177 500
478 178 488
478 179 223
478 180 425
478 181 760
478 182 484
478 183 647
478 184 362
478 185 306
478 186 684
478 187 573
478 188 142
478 189 479
478 190 605
478 191 410
478 192 390
478 193 123
478 194 713
478 195 126
478 196 160
478 197 141
478 198 643
478 199 581
478 200 380
478 201 452
478 202 299
478 203 285
478 204 807
478 205 925
478 206 797
478 207 759
478 208 413
478 209 556
478 210 649
478 211 978
478 212 420
478 213 107
478 214 544
478 215 215
478 216 642
478 217 535
478 218 587
478 219 137
478 220 532
478 221 289
478 222 296
478 223 881
478 224 424
478 225 69
478 226 167
478 227 780
478 228 942
478 229 912
478 230 255
478 231 880
478 232 542
478 233 121
478 234 348
478 235 546
478 236 312
478 237 268
478 238 811
478 239 72
478 240 36
478 241 87
478 242 609
478 243 200
478 244 930
478 245 688
478 246 773
478 247 892
478 248 290
478 249 362
478 250 258
478 251 764
478 252 104
478 253 455
478 254 405
478 255 727
478 256 595
478 257 911
478 258 538
478 259 407
478 260 262
478 261 0
478 262 41
478 263 684
478 264 904
478 265 276
478 266 123
478 267 22
478 268 647
478 269 286
478 270 415
478 271 780
478 272 556
478 273 237
478 274 983
478 275 778
478 276 509
478 277 694
478 278 94
478 279 482
478 280 769
478 281 723
478 282 434
478 283 159
478 284 623
478 285 558
478 286 308
478 287 644
478 288 787
478 289 117
478 290 305
478 291 223
478 292 7
478 293 473
478 294 633
478 295 459
478 296 715
478 297 850
478 298 1
478 299 301
478 300 208
478 301 773
478 302 494
478 303 88
478 304 652
478 305 646
478 306 473
478 307 363
478 308 145
478 309 535
478 310 959
478 311 348
478 312 464
478 313 982
478 314 253
478 315 178
478 316 442
478 317 431
478 318 786
478 319 189
478 320 408
478 321 950
478 322 456
478 323 719
478 324 814
478 325 157
478 326 704
478 327 620
478 328 571
478 329 114
478 330 283
478 331 111
478 332 815
478 333 189
478 334 973
478 335 93
478 336 482
478 337 975
478 338 300
478 339 380
478 340 208
478 341 451
478 342 328
478 343 922
478 344 745
478 345 985
478 346 427
478 347 8
478 348 418
478 349 385
478 350 59
478 351 541
478 352 971
478 353 652
478 354 378
478 355 647
478 356 455
478 357 254
478 358 86
478 359 363
478 360 652
478 361 305
478 362 432
478 363 605
478 364 145
478 365 948
478 366 758
478 367 426
478 368 563
478 369 306
478 370 430
478 371 135
478 372 74
478 373 719
478 374 79
478 375 403
478 376 21
478 377 615
478 378 135
478 379 881
478 380 47
478 381 679
478 382 429
478 383 381
478 384 298
478 385 188
478 386 772
478 387 242
478 388 248
478 389 520
478 390 323
478 391 228
478 392 823
478 393 128
478 394 968
478 395 150
478 396 919
478 397 385
478 398 160
478 399 315
478 400 594
478 401 546
478 402 105
478 403 82
478 404 607
478 405 188
478 406 334
478 407 651
478 408 566
478 409 981
478 410 899
478 411 959
478 412 303
478 413 299
478 414 983
478 415 484
478 416 343
478 417 370
478 418 213
478 419 989
478 420 28
478 421 133
478 422 264
478 423 982
478 424 724
478 425 352
478 426 488
478 427 115
478 428 464
478 429 191
478 430 145
478 431 879
478 432 238
478 433 619
478 434 955
478 435 25
478 436 706
478 437 377
478 438 300
478 439 7
478 440 765
478 441 126
478 442 922
478 443 960
478 444 749
478 445 689
478 446 674
478 447 209
478 448 3
478 449 212
478 450 146
478 451 914
478 452 610
478 453 72
478 454 374
478 455 838
478 456 236
478 457 997
478 458 850
478 459 10
478 460 182
478 461 356
478 462 353
478 463 30
478 464 708
478 465 367
478 466 124
478 467 72
478 468 360
478 469 80
478 470 258
478 471 739
478 472 332
478 473 985
478 474 884
478 475 941
478 476 508
478 477 30
478 478 427
479 1 702
479 2 441
479 3 457
479 4 810
479 5 31
479 6 977
479 7 751
479 8 159
479 9 792
479 10 425
479 11 101
479 12 64
479 13 425
479 14 107
479 15 958
479 16 86
479 17 945
479 18 432
479 19 579
479 20 913
479 21 436
479 22 149
479 23 116
479 24 968
479 25 312
479 26 519
479 27 430
479 28 536
479 29 715
479 30 514
479 31 798
479 32 642
479 33 910
479 34 905
479 35 839
479 36 794
479 37 95
479 38 235
479 39 221
479 40 896
479 41 585
479 42 582
479 43 682
479 44 532
479 45 967
479 46 27
479 47 922
479 48 261
479 49 497
479 50 40
479 51 956
479 52 923
479 53 45
479 54 979
479 55 77
479 56 647
479 57 808
479 58 365
479 59 466
479 60 195
479 61 774
479 62 380
479 63 455
479 64 401
479 65 800
479 66 39
479 67 193
479 68 804
479 69 881
479 70 531
479 71 124
479 72 829
479 73 697
479 74 980
479 75 893
479 76 763
479 77 938
479 78 300
479 79 818
479 80 396
479 81 933
479 82 981
479 83 130
479 84 869
479 85 807
479 86 303
479 87 636
479 88 730
479 89 698
479 90 992
479 91 127
479 92 666
479 93 345
479 94 956
479 95 647
479 96 629
479 97 478
479 98 717
479 99 624
479 100 61
479 101 902
479 102 113
479 103 502
479 104 796
479 105 795
479 106 802
479 107 392
479 108 199
479 109 354
479 110 664
479 111 562
479 112 716
479 113 107
479 114 331
479 115 645
479 116 135
479 117 632
479 118 612
479 119 33
479 120 20
479 121 155
479 122 796
479 123 482
479 124 103
479 125 48
479 126 469
479 127 395
479 128 477
479 129 626
479 130 36
479 131 421
479 132 361
479 133 829
479 134 155
479 135 715
479 136 689
479 137 83
479 138 734
479 139 616
479 140 884
479 141 911
479 142 503
479 143 144
479 144 427
479 145 492
479 146 36
479 147 964
479 148 56
479 149 342
479 150 849
479 151 746
479 152 293
479 153 244
479 154 130
479 155 957
479 156 656
479 157 167
479 158 63
479 159 392
479 160 829
479 161 393
479 162 417
479 163 791
479 164 310
479 165 844
479 166 965
479 167 268
479 168 880
479 169 505
479 170 67
479 171 340
479 172 260
479 173 583
479 174 519
479 175 309
479 176 186
479 177 758
479 178 0
479 179 906
479 180 672
479 181 20
479 182 817
479 183 885
479 184 871
479 185 239
479 186 600
479 187 622
479 188 397
479 189 995
479 190 810
479 191 865
479 192 493
479 193 995
479 194 845
479 195 427
479 196 612
479 197 922
479 198 548
479 199 296
479 200 211
479 201 772
479 202 927
479 203 436
479 204 764
479 205 78
479 206 614
479 207 776
479 208 530
479 209 824
479 210 813
479 211 694
479 212 92
479 213 587
479 214 34
479 215 514
479 216 542
479 217 922
479 218 391
479 219 517
479 220 380
479 221 991
479 222 471
479 223 671
479 224 889
479 225 152
479 226 819
479 227 164
479 228 882
479 229 338
479 230 459
479 231 864
479 232 777
479 233 15
479 234 307
479 235 41
479 236 133
479 237 230
479 238 67
479 239 40
479 240 937
479 241 889
479 242 528
479 243 86
479 244 819
479 245 67
479 246 481
479 247 826
479 248 723
479 249 735
479 250 301
479 251 596
479 252 388
479 253 862
479 254 159
479 255 802
479 256 617
479 257 263
479 258 895
479 259 151
479 260 537
479 261 36
479 262 329
479 263 837
479 264 325
479 265 920
479 266 764
479 267 985
479 268 722
479 269 348
479 270 9
479 271 224
479 272 953
479 273 624
479 274 555
479 275 206
479 276 895
479 277 686
479 278 650
479 279 510
479 280 510
479 281 853
479 282 330
479 283 909
479 284 939
479 285 695
479 286 507
479 287 533
479 288 898
479 289 433
479 290 696
479 291 653
479 292 415
479 293 577
479 294 151
479 295 499
479 296 610
479 297 107
479 298 154
479 299 846
479 300 559
479 301 370
479 302 387
479 303 469
479 304 202
479 305 107
479 306 149
479 307 638
479 308 221
479 309 816
479 310 970
479 311 43
479 312 656
479 313 212
479 314 262
479 315 407
479 316 509
479 317 121
479 318 206
479 319 693
479 320 770
479 321 462
479 322 538
479 323 924
479 324 28
479 325 718
479 326 873
479 327 884
479 328 841
479 329 65
479 330 117
479 331 367
479 332 196
479 333 441
479 334 170
479 335 795
479 336 599
479 337 267
479 338 225
479 339 377
479 340 85
479 341 433
479 342 222
479 343 695
479 344 731
479 345 598
479 346 807
479 347 500
479 348 942
479 349 459
479 350 296
479 351 531
479 352 569
479 353 403
479 354 100
479 355 8
479 356 394
479 357 62
479 358 226
479 359 767
479 360 202
479 361 86
479 362 827
479 363 67
479 364 89
479 365 654
479 366 997
479 367 825
479 368 384
479 369 578
479 370 641
479 371 170
479 372 941
479 373 159
479 374 915
479 375 703
479 376 752
479 377 343
479 378 309
479 379 38
479 380 436
479 381 509
479 382 716
479 383 118
479 384 490
479 385 127
479 386 351
479 387 831
479 388 999
479 389 817
479 390 861
479 391 345
479 392 485
479 393 492
479 394 930
479 395 574
479 396 101
479 397 111
479 398 424
479 399 306
479 400 336
479 401 855
479 402 412
479 403 309
479 404 72
479 405 746
479 406 535
479 407 877
479 408 183
479 409 315
479 410 49
479 411 956
479 412 245
479 413 748
479 414 489
479 415 117
479 416 300
479 417 132
479 418 561
479 419 404
479 420 369
479 421 296
479 422 597
479 423 153
479 424 167
479 425 276
479 426 42
479 427 36
479 428 635
479 429 798
479 430 346
479 431 95
479 432 735
479 433 376
479 434 808
479 435 345
479 436 341
479 437 277
479 438 154
479 439 141
479 440 9
479 441 298
479 442 601
479 443 384
479 444 212
479 445 182
479 446 550
479 447 892
479 448 381
479 449 445
479 450 655
479 451 469
479 452 924
479 453 659
479 454 729
479 455 506
479 456 671
479 457 622
479 458 718
479 459 984
479 460 767
479 461 866
479 462 43
479 463 869
479 464 931
479 465 581
479 466 960
479 467 375
479 468 969
479 469 322
479 470 571
479 471 265
479 472 697
479 473 210
479 474 41
479 475 43
479 476 19
479 477 871
479 478 285
479 479 158
478 479 892
477 478 117
476 477 355
475 476 660
474 475 666
473 474 836
472 473 533
471 472 669
470 471 136
469 470 262
468 469 882
467 468 118
466 467 811
465 466 819
464 465 463
463 464 935
462 463 281
461 462 22
460 461 83
459 460 642
458 459 406
457 458 944
456 457 874
455 456 487
454 455 102
453 454 186
452 453 705
451 452 286
450 451 309
449 450 894
448 449 203
447 448 664
446 447 622
445 446 121
444 445 195
443 444 100
442 443 626
441 442 541
440 441 691
439 440 842
438 439 2
437 438 772
436 437 734
435 436 14
434 435 218
433 434 3
432 433 323
431 432 427
430 431 694
429 430 972
428 429 411
427 428 15
426 427 133
425 426 742
424 425 857
423 424 85
422 423 648
421 422 986
420 421 561
419 420 192
418 419 425
417 418 831
416 417 997
415 416 896
414 415 842
413 414 828
412 413 51
411 412 478
410 411 857
409 410 319
408 409 333
407 408 506
406 407 39
405 406 905
404 405 0
403 404 773
402 403 618
401 402 574
400 401 929
399 400 498
398 399 906
397 398 540
396 397 457
395 396 161
394 395 718
393 394 265
392 393 65
391 392 456
390 391 169
389 390 47
388 389 726
387 388 678
386 387 790
385 386 428
384 385 581
383 384 718
382 383 892
381 382 411
380 381 32
379 380 424
378 379 895
377 378 581
376 377 689
375 376 896
374 375 727
373 374 387
372 373 458
371 372 652
370 371 228
369 370 245
368 369 163
367 368 342
366 367 715
365 366 196
364 365 608
363 364 1
362 363 82
361 362 666
360 361 848
359 360 424
358 359 766
357 358 397
356 357 317
355 356 732
354 355 135
353 354 635
352 353 874
351 352 648
350 351 913
349 350 969
348 349 604
347 348 367
346 347 689
345 346 294
344 345 624
343 344 360
342 343 493
341 342 976
340 341 780
339 340 245
338 339 138
337 338 287
336 337 557
335 336 46
334 335 756
333 334 343
332 333 80
331 332 759
330 331 468
329 330 12
328 329 707
327 328 574
326 327 157
325 326 256
324 325 673
323 324 857
322 323 397
321 322 365
320 321 664
319 320 318
318 319 939
317 318 520
316 317 895
315 316 582
314 315 921
313 314 419
312 313 697
311 312 482
310 311 13
309 310 179
308 309 681
307 308 452
306 307 943
305 306 611
304 305 120
303 304 256
302 303 542
301 302 350
300 301 165
299 300 865
298 299 162
297 298 692
296 297 807
295 296 59
294 295 785
293 294 989
292 293 208
291 292 688
290 291 714
289 290 173
288 289 583
287 288 940
286 287 923
285 286 858
284 285 481
283 284 749
282 283 926
281 282 367
280 281 266
279 280 204
278 279 400
277 278 716
276 277 103
275 276 610
274 275 40
273 274 478
272 273 515
271 272 62
270 271 184
269 270 446
268 269 358
267 268 308
266 267 662
265 266 73
264 265 226
263 264 71
262 263 266
261 262 855
260 261 103
259 260 635
258 259 435
257 258 557
256 257 23
255 256 695
254 255 959
253 254 62
252 253 819
251 252 744
250 251 215
249 250 490
248 249 126
247 248 735
246 247 189
245 246 993
244 245 984
243 244 199
242 243 22
241 242 620
240 241 37
239 240 118
238 239 853
237 238 379
236 237 93
235 236 400
234 235 122
233 234 589
232 233 850
231 232 620
230 231 193
229 230 650
228 229 127
227 228 27
226 227 75
225 226 696
224 225 616
223 224 547
222 223 958
221 222 931
220 221 649
219 220 587
218 219 836
217 218 46
216 217 224
215 216 714
214 215 875
213 214 149
212 213 801
211 212 103
210 211 63
209 210 835
208 209 436
207 208 340
206 207 174
205 206 813
204 205 380
203 204 225
202 203 722
201 202 119
200 201 277
199 200 749
198 199 16
197 198 248
196 197 194
195 196 865
194 195 343
193 194 645
192 193 601
191 192 498
190 191 118
189 190 627
188 189 332
187 188 84
186 187 365
185 186 812
184 185 938
183 184 717
182 183 656
181 182 676
180 181 504
179 180 461
178 179 281
177 178 593
176 177 429
175 176 972
174 175 845
173 174 603
172 173 695
171 172 916
170 171 220
169 170 869
168 169 241
167 168 831
166 167 534
165 166 282
164 165 537
163 164 722
162 163 857
161 162 400
160 161 699
159 160 553
158 159 849
157 158 945
156 157 716
155 156 919
154 155 82
153 154 862
152 153 39
151 152 945
150 151 153
149 150 897
148 149 133
147 148 775
146 147 695
145 146 91
144 145 70
143 144 487
142 143 266
141 142 672
140 141 627
139 140 33
138 139 191
137 138 841
136 137 193
135 136 188
134 135 297
133 134 247
132 133 589
131 132 324
130 131 394
129 130 817
128 129 610
127 128 93
126 127 455
125 126 294
124 125 601
123 124 560
122 123 617
121 122 818
120 121 986
119 120 208
118 119 553
117 118 944
116 117 834
115 116 340
114 115 560
113 114 127
112 113 723
111 112 298
110 111 564
109 110 308
108 109 111
107 108 501
106 107 955
105 106 520
104 105 896
103 104 327
102 103 82
101 102 93
100 101 458
99 100 556
98 99 822
97 98 145
96 97 990
95 96 822
94 95 244
93 94 227
92 93 581
91 92 939
90 91 195
89 90 64
88 89 891
87 88 720
86 87 333
85 86 747
84 85 249
83 84 341
82 83 888
81 82 847
80 81 505
79 80 626
78 79 1
77 78 640
76 77 684
75 76 803
74 75 844
73 74 727
72 73 408
71 72 860
70 71 736
69 70 95
68 69 14
67 68 937
66 67 561
65 66 940
64 65 824
63 64 63
62 63 266
61 62 533
60 61 886
59 60 453
58 59 488
57 58 565
56 57 989
55 56 209
54 55 934
53 54 655
52 53 625
51 52 323
50 51 444
49 50 362
48 49 103
47 48 573
46 47 483
45 46 338
44 45 700
43 44 870
42 43 920
41 42 75
40 41 747
39 40 101
38 39 317
37 38 150
36 37 923
35 36 616
34 35 829
33 34 722
32 33 545
31 32 931
30 31 256
29 30 818
28 29 633
27 28 97
26 27 773
25 26 143
24 25 288
23 24 142
22 23 516
21 22 223
20 21 929
19 20 913
18 19 597
17 18 366
16 17 488
15 16 991
14 15 310
13 14 849
12 13 802
11 12 940
10 11 414
9 10 497
8 9 523
7 8 988
6 7 265
5 6 41
4 5 430
3 4 911
2 3 776
1 2 394
0 1 864