370 325 592
370 326 405
370 327 389
370 328 617
370 329 653
370 330 873
370 331 357
370 332 339
370 333 934
370 334 717
370 335 828
370 336 960
370 337 303
370 338 838
370 339 486
370 340 142
370 341 450
370 342 308
370 343 484
370 344 347
370 345 406
370 346 623
370 347 204
370 348 875
370 349 853
370 350 957
370 351 751
370 352 826
370 353 490
370 354 23
370 355 136
370 356 259
370 357 704
370 358 657
370 359 513
370 360 304
370 361 986
370 362 849
370 363 375
370 364 366
370 365 682
370 366 359
370 367 151
370 368 612
370 369 13
370 370 296
371 1 521
371 2 901
371 3 641
371 4 614
371 5 137
371 6 677
371 7 779
371 8 918
371 9 796
371 10 727
371 11 461
371 12 254
371 13 456
371 14 709
371 15 68
371 16 828
371 17 523
371 18 54
371 19 874
371 20 779
371 21 46
371 22 878
371 23 214
371 24 758
371 25 248
371 26 600
371 27 161
371 28 780
371 29 913
371 30 78
371 31 743
371 32 264
371 33 405
371 34 677
371 35 353
371 36 996
371 37 422
371 38 282
371 39 690
371 40 461
371 41 405
371 42 763
371 43 248
371 44 764
371 45 984
371 46 10
371 47 83
371 48 915
371 49 844
371 50 920
371 51 11
371 52 545
371 53 88
371 54 876
371 55 129
371 56 105
371 57 505
371 58 538
371 59 546
371 60 394
371 61 217
371 62 397
371 63 517
371 64 390
371 65 171
371 66 421
371 67 63
371 68 204
371 69 867
371 70 926
371 71 808
371 72 471
371 73 739
371 74 21
371 75 759
371 76 725
371 77 814
371 78 876
371 79 888
371 80 817
371 81 306
371 82 792
371 83 536
371 84 253
371 85 762
371 86 172
371 87 697
371 88 595
371 89 853
371 90 902
371 91 131
371 92 573
371 93 776
371 94 249
371 95 160
371 96 966
371 97 722
371 98 904
371 99 947
371 100 427
371 101 739
371 102 840
371 103 884
371 104 238
371 105 185
371 106 27
371 107 557
371 108 256
371 109 564
371 110 190
371 111 148
371 112 807
371 113 308
371 114 818
371 115 226
371 116 154
371 117 255
371 118 207
371 119 365
371 120 536
371 121 874
371 122 908
371 123 726
371 124 168
371 125 59
371 126 949
371 127 959
371 128 714
371 129 482
371 130 441
371 131 413
371 132 274
371 133 288
371 134 511
371 135 252
371 136 539
371 137 127
371 138 423
371 139 538
371 140 370
371 141 771
371 142 914
371 143 15
371 144 448
371 145 983
371 146 131
371 147 925
371 148 187
371 149 844
371 150 100
371 151 315
371 152 83
371 153 244
371 154 31
371 155 392
371 156 488
371 157 827
371 158 723
371 159 236
371 160 52
371 161 533
371 162 173
371 163 383
371 164 433
371 165 125
371 166 725
371 167 459
371 168 910
371 169 501
371 170 545
371 171 827
371 172 932
371 173 320
371 174 973
371 175 259
371 176 230
371 177 596
371 178 287
371 179 428
371 180 397
371 181 804
371 182 57
371 183 611
371 184 265
371 185 143
371 186 529
371 187 708
371 188 909
371 189 869
371 190 254
371 191 725
371 192 802
371 193 49
371 194 294
371 195 669
371 196 560
371 197 324
371 198 320
371 199 677
371 200 999
371 201 891
371 202 78
371 203 275
371 204 865
371 205 653
371 206 8
371 207 855
371 208 23
371 209 32
371 210 293
371 211 715
371 212 689
371 213 447
371 214 643
371 215 246
371 216 303
371 217 178
371 218 331
371 219 474
371 220 607
371 221 82
371 222 125
371 223 418
371 224 851
371 225 544
371 226 514
371 227 424
371 228 91
371 229 459
371 230 885
371 231 354
371 232 567
371 233 525
371 234 206
371 235 281
371 236 728
371 237 170
371 238 117
371 239 822
371 240 299
371 241 14
371 242 626
371 243 86
371 244 35
371 245 331
371 246 972
371 247 800
371 248 723
371 249 893
371 250 315
371 251 335
371 252 838
371 253 676
371 254 85
371 255 0
371 256 788
371 257 794
371 258 680
371 259 574
371 260 283
371 261 131
371 262 321
371 263 848
371 264 476
371 265 221
371 266 205
371 267 872
371 268 560
371 269 997
371 270 356
371 271 916
371 272 996
371 273 738
371 274 275
371 275 161
371 276 356
371 277 449
371 278 763
371 279 715
371 280 623
371 281 206
371 282 408
371 283 235
371 284 984
371 285 679
371 286 710
371 287 181
371 288 222
371 289 724
371 290 856
371 291 571
371 292 99
371 293 355
371 294 228
371 295 800
371 296 860
371 297 532
371 298 35
371 299 496
371 300 131
371 301 600
371 302 881
371 303 76
371 304 533
371 305 106
371 306 584
371 307 257
371 308 69
371 309 776
371 310 809
371 311 978
371 312 427
371 313 574
371 314 628
371 315 101
371 316 352
371 317 140
371 318 339
371 319 264
371 320 883
371 321 652
371 322 22
371 323 839
371 324 507
371 325 929
371 326 165
371 327 14
371 328 565
371 329 527
371 330 346
371 331 61
371 332 554
371 333 554
371 334 844
371 335 762
371 336 194
371 337 652
371 338 822
371 339 630
371 340 382
371 341 298
371 342 352
371 343 118
371 344 393
371 345 270
371 346 278
371 347 644
371 348 32
371 349 253
371 350 440
371 351 722
371 352 121
371 353 31
371 354 906
371 355 145
371 356 779
371 357 136
371 358 985
371 359 958
371 360 680
371 361 621
371 362 444
371 363 119
371 364 24
371 365 893
371 366 746
371 367 394
371 368 327
371 369 445
371 370 490
371 371 539
372 1 978
372 2 64
372 3 496
372 4 577
372 5 598
372 6 641
372 7 323
372 8 158
372 9 45
372 10 91
372 11 958
372 12 270
372 13 604
372 14 843
372 15 233
372 16 347
372 17 949
372 18 518
372 19 763
372 20 393
372 21 391
372 22 224
372 23 858
372 24 899
372 25 285
372 26 457
372 27 607
372 28 112
372 29 264
372 30 476
372 31 157
372 32 376
372 33 524
372 34 981
372 35 884
372 36 602
372 37 28
372 38 886
372 39 991
372 40 628
372 41 244
372 42 827
372 43 785
372 44 23
372 45 762
372 46 85
372 47 319
372 48 368
372 49 775
372 50 631
372 51 429
372 52 208
372 53 15
372 54 770
372 55 504
372 56 748
372 57 993
372 58 619
372 59 80
372 60 67
372 61 550
372 62 556
372 63 389
372 64 316
372 65 501
372 66 928
372 67 658
372 68 543
372 69 139
372 70 684
372 71 983
372 72 4
372 73 648
372 74 215
372 75 553
372 76 421
372 77 809
372 78 894
372 79 583
372 80 599
372 81 422
372 82 874
372 83 89
372 84 212
372 85 415
372 86 21
372 87 47
372 88 721
372 89 376
372 90 913
372 91 215
372 92 553
372 93 724
372 94 475
372 95 973
372 96 403
372 97 958
372 98 976
372 99 159
372 100 769
372 101 116
372 102 772
372 103 225
372 104 150
372 105 68
372 106 479
372 107 866
372 108 325
372 109 679
372 110 449
372 111 400
372 112 448
372 113 734
372 114 365
372 115 863
372 116 570
372 117 381
372 118 167
372 119 196
372 120 701
372 121 505
372 122 346
372 123 699
372 124 906
372 125 293
372 126 649
372 127 661
372 128 946
372 129 435
372 130 528
372 131 775
372 132 988
372 133 882
372 134 111
372 135 700
372 136 676
372 137 229
372 138 624
372 139 690
372 140 895
372 141 453
372 142 248
372 143 137
372 144 63
372 145 44
372 146 0
372 147 201
372 148 748
372 149 569
372 150 325
372 151 863
372 152 618
372 153 926
372 154 499
372 155 248
372 156 33
372 157 451
372 158 612
372 159 218
372 160 951
372 161 584
372 162 679
372 163 920
372 164 505
372 165 632
372 166 705
372 167 648
372 168 155
372 169 444
372 170 596
372 171 608
372 172 871
372 173 729
372 174 555
372 175 945
372 176 531
372 177 187
372 178 335
372 179 741
372 180 192
372 181 533
372 182 849
372 183 698
372 184 778
372 185 908
372 186 347
372 187 984
372 188 790
372 189 821
372 190 970
372 191 805
372 192 48
372 193 400
372 194 171
372 195 196
372 196 508
372 197 421
372 198 192
372 199 694
372 200 399
372 201 479
372 202 921
372 203 784
372 204 164
372 205 824
372 206 636
372 207 890
372 208 342
372 209 37
372 210 351
372 211 158
372 212 60
372 213 968
372 214 125
372 215 689
372 216 646
372 217 530
372 218 955
372 219 307
372 220 192
372 221 89
372 222 700
372 223 534
372 224 851
372 225 992
372 226 152
372 227 951
372 228 954
372 229 613
372 230 497
372 231 668
372 232 368
372 233 290
372 234 451
372 235 233
372 236 144
372 237 486
372 238 488
372 239 259
372 240 246
372 241 439
372 242 229
372 243 456
372 244 793
372 245 782
372 246 981
372 247 414
372 248 565
372 249 6
372 250 909
372 251 740
372 252 457
372 253 24
372 254 420
372 255 957
372 256 793
372 257 492
372 258 359
372 259 254
372 260 464
372 261 239
372 262 883
372 263 841
372 264 839
372 265 343
372 266 517
372 267 578
372 268 80
372 269 386
372 270 260
372 271 426
372 272 131
372 273 347
372 274 560
372 275 465
372 276 182
372 277 481
372 278 458
372 279 914
372 280 521
372 281 127
372 282 486
372 283 932
372 284 709
372 285 108
372 286 573
372 287 123
372 288 512
372 289 520
372 290 431
372 291 206
372 292 327
372 293 675
372 294 999
372 295 586
372 296 212
372 297 388
372 298 139
372 299 674
372 300 790
372 301 635
372 302 145
372 303 708
372 304 24
372 305 279
372 306 105
372 307 731
372 308 105
372 309 967
372 310 257
372 311 94
372 312 529
372 313 610
372 314 137
372 315 656
372 316 464
372 317 693
372 318 345
372 319 846
372 320 376
372 321 720
372 322 355
372 323 596
372 324 29
372 325 275
372 326 977
372 327 630
372 328 42
372 329 783
372 330 999
372 331 390
372 332 215
372 333 446
372 334 0
372 335 826
372 336 486
372 337 391
372 338 425
372 339 950
372 340 232
372 341 239
372 342 948
372 343 181
372 344 549
372 345 68
372 346 425
372 347 866
372 348 636
372 349 918
372 350 532
372 351 1
372 352 868
372 353 202
372 354 477
372 355 758
372 356 83
372 357 204
372 358 934
372 359 957
372 360 620
372 361 619
372 362 841
372 363 119
372 364 132
372 365 4
372 366 547
372 367 391
372 368 8
372 369 44
372 370 975
372 371 239
372 372 28
373 1 372
373 2 715
373 3 816
373 4 185
373 5 115
373 6 182
373 7 334
373 8 742
373 9 205
373 10 269
373 11 95
373 12 416
373 13 41
373 14 789
373 15 589
373 16 49
373 17 441
373 18 990
373 19 840
373 20 232
373 21 972
373 22 912
373 23 403
373 24 324
373 25 483
373 26 94
373 27 1
373 28 700
373 29 530
373 30 322
373 31 238
373 32 498
373 33 318
373 34 514
373 35 408
373 36 691
373 37 225
373 38 632
373 39 848
373 40 579
373 41 1000
373 42 958
373 43 472
373 44 525
373 45 475
373 46 398
373 47 998
373 48 393
373 49 697
373 50 112
373 51 234
373 52 511
373 53 346
373 54 978
373 55 951
373 56 191
373 57 761
373 58 249
373 59 955
373 60 352
373 61 157
373 62 456
373 63 123
373 64 298
373 65 925
373 66 491
373 67 107
373 68 887
373 69 289
373 70 731
373 71 784
373 72 785
373 73 410
373 74 996
373 75 367
373 76 284
373 77 442
373 78 367
373 79 937
373 80 647
373 81 382
373 82 726
373 83 671
373 84 234
373 85 482
373 86 889
373 87 512
373 88 363
373 89 410
373 90 122
373 91 797
373 92 851
373 93 132
373 94 627
373 95 393
373 96 289
373 97 367
373 98 800
373 99 901
373 100 675
373 101 492
373 102 794
373 103 760
373 104 204
373 105 958
373 106 294
373 107 237
373 108 148
373 109 776
373 110 881
373 111 390
373 112 986
373 113 376
373 114 756
373 115 231
373 116 432
373 117 587
373 118 312
373 119 79
373 120 93
373 121 349
373 122 948
373 123 521
373 124 977
373 125 969
373 126 363
373 127 507
373 128 9
373 129 230
373 130 281
373 131 318
373 132 858
373 133 509
373 134 232
373 135 247
373 136 5
373 137 702
373 138 99
373 139 893
373 140 351
373 141 798
373 142 895
373 143 355
373 144 572
373 145 484
373 146 953
373 147 109
373 148 706
373 149 731
373 150 502
373 151 616
373 152 773
373 153 716
373 154 571
373 155 414
373 156 882
373 157 33
373 158 7
373 159 203
373 160 572
373 161 600
373 162 140
373 163 681
373 164 842
373 165 58
373 166 884
373 167 674
373 168 141
373 169 96
373 170 831
373 171 368
373 172 144
373 173 303
373 174 113
373 175 834
373 176 235
373 177 493
373 178 271
373 179 94
373 180 569
373 181 419
373 182 975
373 183 579
373 184 402
373 185 489
373 186 70
373 187 985
373 188 70
373 189 467
373 190 147
373 191 938
373 192 851
373 193 623
373 194 872
373 195 309
373 196 163
373 197 373
373 198 553
373 199 235
373 200 185
373 201 271
373 202 484
373 203 403
373 204 660
373 205 564
373 206 502
373 207 519
373 208 853
373 209 275
373 210 104
373 211 634
373 212 491
373 213 40
373 214 466
373 215 894
373 216 518
373 217 238
373 218 342
373 219 414
373 220 602
373 221 659
373 222 88
373 223 821
373 224 951
373 225 384
373 226 938
373 227 54
373 228 578
373 229 451
373 230 906
373 231 175
373 232 397
373 233 941
373 234 137
373 235 601
373 236 21
373 237 270
373 238 414
373 239 700
373 240 725
373 241 448
373 242 213
373 243 676
373 244 622
373 245 418
373 246 529
373 247 899
373 248 170
373 249 869
373 250 658
373 251 847
373 252 26
373 253 172
373 254 907
373 255 942
373 256 520
373 257 876
373 258 799
373 259 79
373 260 916
373 261 847
373 262 564
373 263 575
373 264 162
373 265 944
373 266 234
373 267 794
373 268 831
373 269 498
373 270 682
373 271 259
373 272 713
373 273 598
373 274 377
373 275 463
373 276 692
373 277 110
373 278 325
373 279 492
373 280 739
373 281 836
373 282 370
373 283 913
373 284 118
373 285 10
373 286 36
373 287 812
373 288 87
373 289 384
373 290 172
373 291 629
373 292 749
373 293 705
373 294 273
373 295 113
373 296 525
373 297 617
373 298 659
373 299 610
373 300 209
373 301 714
373 302 662
373 303 797
373 304 713
373 305 109
373 306 529
373 307 902
373 308 957
373 309 721
373 310 649
373 311 609
373 312 597
373 313 5
373 314 151
373 315 157
373 316 996
373 317 699
373 318 100
373 319 832
373 320 416
373 321 419
373 322 987
373 323 313
373 324 523
373 325 482
373 326 971
373 327 399
373 328 354
373 329 387
373 330 936
373 331 901
373 332 240
373 333 312
373 334 568
373 335 761
373 336 757
373 337 385
373 338 934
373 339 148
373 340 711
373 341 545
373 342 339
373 343 991
373 344 513
373 345 643
373 346 350
373 347 162
373 348 920
373 349 268
373 350 883
373 351 791
373 352 418
373 353 858
373 354 875
373 355 936
373 356 985
373 357 821
373 358 121
373 359 700
373 360 343
373 361 812
373 362 733
373 363 294
373 364 753
373 365 638
373 366 903
373 367 921
373 368 365
373 369 504
373 370 838
373 371 138
373 372 537
373 373 30
374 1 233
374 2 168
374 3 212
374 4 156
374 5 173
374 6 141
374 7 567
374 8 743
374 9 557
374 10 435
374 11 796
374 12 79
374 13 697
374 14 724
374 15 727
374 16 657
374 17 77
374 18 474
374 19 407
374 20 590
374 21 440
374 22 31
374 23 169
374 24 365
374 25 627
374 26 112
374 27 135
374 28 137
374 29 355
374 30 213
374 31 745
374 32 384
374 33 275
374 34 420
374 35 698
374 36 35
374 37 441
374 38 564
374 39 298
374 40 42
374 41 649
374 42 389
374 43 303
374 44 332
374 45 597
374 46 740
374 47 181
374 48 263
374 49 980
374 50 898
374 51 200
374 52 55
374 53 771
374 54 531
374 55 645
374 56 484
374 57 784
374 58 366
374 59 643
374 60 146
374 61 353
374 62 377
374 63 955
374 64 115
374 65 515
374 66 780
374 67 290
374 68 885
374 69 940
374 70 604
374 71 162
374 72 420
374 73 485
374 74 348
374 75 173
374 76 165
374 77 473
374 78 618
374 79 471
374 80 730
374 81 107
374 82 946
374 83 443
374 84 402
374 85 999
374 86 891
374 87 748
374 88 431
374 89 786
374 90 27
374 91 401
374 92 730
374 93 147
374 94 49
374 95 873
374 96 898
374 97 547
374 98 109
374 99 641
374 100 987
374 101 400
374 102 817
374 103 888
374 104 329
374 105 625
374 106 41
374 107 282
374 108 242
374 109 897
374 110 485
374 111 798
374 112 626
374 113 618
374 114 22
374 115 555
374 116 380
374 117 539
374 118 906
374 119 282
374 120 258
374 121 855
374 122 70
374 123 595
374 124 942
374 125 406
374 126 492
374 127 660
374 128 245
374 129 404
374 130 938
374 131 230
374 132 390
374 133 482
374 134 251
374 135 446
374 136 917
374 137 441
374 138 98
374 139 989
374 140 359
374 141 674
374 142 579
374 143 417
374 144 132
374 145 74
374 146 409
374 147 546
374 148 221
374 149 522
374 150 372
374 151 141
374 152 944
374 153 253
374 154 728
374 155 340
374 156 702
374 157 935
374 158 581
374 159 446
374 160 428
374 161 27
374 162 806
374 163 388
374 164 805
374 165 689
374 166 156
374 167 797
374 168 151
374 169 626
374 170 586
374 171 114
374 172 947
374 173 795
374 174 48
374 175 39
374 176 3
374 177 522
374 178 331
374 179 843
374 180 25
374 181 19
374 182 152
374 183 176
374 184 820
374 185 735
374 186 399
374 187 703
374 188 5
374 189 597
374 190 952
374 191 166
374 192 13
374 193 789
374 194 578
374 195 395
374 196 141
374 197 578
374 198 897
374 199 372
374 200 474
374 201 430
374 202 899
374 203 167
374 204 231
374 205 360
374 206 243
374 207 989
374 208 174
374 209 336
374 210 288
374 211 650
374 212 246
374 213 231
374 214 45
374 215 407
374 216 694
374 217 640
374 218 909
374 219 981
374 220 494
374 221 24
374 222 968
374 223 336
374 224 639
374 225 956
374 226 899
374 227 965
374 228 248
374 229 696
374 230 655
374 231 162
374 232 942
374 233 798
374 234 178
374 235 164
374 236 150
374 237 712
374 238 561
374 239 967
374 240 160
374 241 345
374 242 385
374 243 0
374 244 37
374 245 982
374 246 293
374 247 824
374 248 640
374 249 528
374 250 930
374 251 157
374 252 33
374 253 991
374 254 482
374 255 100
374 256 978
374 257 367
374 258 341
374 259 82
374 260 846
374 261 856
374 262 98
374 263 528
374 264 663
374 265 28
374 266 268
374 267 947
374 268 879
374 269 802
374 270 809
374 271 411
374 272 882
374 273 548
374 274 52
374 275 878
374 276 82
374 277 487
374 278 507
374 279 711
374 280 892
374 281 763
374 282 567
374 283 809
374 284 467
374 285 330
374 286 13
374 287 918
374 288 669
374 289 707
374 290 630
374 291 413
374 292 181
374 293 21
374 294 359
374 295 26
374 296 126
374 297 98
374 298 366
374 299 65
374 300 396
374 301 972
374 302 195
374 303 270
374 304 821
374 305 464
374 306 31
374 307 185
374 308 422
374 309 464
374 310 823
374 311 869
374 312 576
374 313 317
374 314 688
374 315 261
374 316 774
374 317 635
374 318 923
374 319 618
374 320 363
374 321 451
374 322 55
374 323 418
374 324 79
374 325 949
374 326 855
374 327 940
374 328 366
374 329 172
374 330 728
374 331 813
374 332 785
374 333 614
374 334 53
374 335 933
374 336 398
374 337 815
374 338 318
374 339 715
374 340 63
374 341 660
374 342 423
374 343 45
374 344 197
374 345 622
374 346 907
374 347 345
374 348 19
374 349 128
374 350 751
374 351 186
374 352 23
374 353 947
374 354 324
374 355 139
374 356 121
374 357 651
374 358 882
374 359 861
374 360 370
374 361 524
374 362 387
374 363 853
374 364 343
374 365 462
374 366 583
374 367 360
374 368 622
374 369 437
374 370 106
374 371 81
374 372 793
374 373 832
374 374 2
375 1 351
375 2 530
375 3 840
375 4 84
375 5 556
375 6 58
375 7 569
375 8 790
375 9 487
375 10 138
375 11 670
375 12 934
375 13 341
375 14 726
375 15 163
375 16 534
375 17 469
375 18 831
375 19 244
375 20 625
375 21 467
375 22 810
375 23 663
375 24 197
375 25 73
375 26 969
375 27 837
375 28 323
375 29 775
375 30 917
375 31 34
375 32 524
375 33 656
375 34 181
375 35 599
375 36 647
375 37 39
375 38 156
375 39 565
375 40 459
375 41 921
375 42 774
375 43 158
375 44 931
375 45 467
375 46 957
375 47 529
375 48 265
375 49 801
375 50 259
375 51 725
375 52 717
375 53 335
375 54 267
375 55 819
375 56 206
375 57 271
375 58 832
375 59 178
375 60 573
375 61 82
375 62 84
375 63 832
375 64 599
375 65 819
375 66 352
375 67 184
375 68 972
375 69 396
375 70 646
375 71 714
375 72 762
375 73 707
375 74 568
375 75 843
375 76 44
375 77 532
375 78 843
375 79 747
375 80 47
375 81 740
375 82 782
375 83 733
375 84 657
375 85 722
375 86 492
375 87 932
375 88 137
375 89 914
375 90 128
375 91 166
375 92 61
375 93 523
375 94 313
375 95 887
375 96 413
375 97 151
375 98 609
375 99 145
375 100 686
375 101 416
375 102 281
375 103 650
375 104 783
375 105 128
375 106 926
375 107 402
375 108 322
375 109 25
375 110 967
375 111 977
375 112 865
375 113 861
375 114 950
375 115 322
375 116 44
375 117 482
375 118 553
375 119 687
375 120 113
375 121 734
375 122 195
375 123 71
375 124 4
375 125 369
375 126 355
375 127 885
375 128 579
375 129 83
375 130 42
375 131 138
375 132 534
375 133 943
375 134 485
375 135 407
375 136 24
375 137 841
375 138 335
375 139 285
375 140 727
375 141 577
375 142 129
375 143 582
375 144 849
375 145 363
375 146 476
375 147 596
375 148 39
375 149 842
375 150 901
375 151 713
375 152 398
375 153 689
375 154 640
375 155 650
375 156 794
375 157 446
375 158 395
375 159 407
375 160 780
375 161 207
375 162 256
375 163 780
375 164 11
375 165 504
375 166 30
375 167 314
375 168 92
375 169 335
375 170 624
375 171 364
375 172 792
375 173 775
375 174 902
375 175 447
375 176 258
375 177 278
375 178 962
375 179 404
375 180 649
375 181 436
375 182 950
375 183 66
375 184 945
375 185 451
375 186 168
375 187 192
375 188 980
375 189 102
375 190 721
375 191 829
375 192 826
375 193 916
375 194 521
375 195 884
375 196 460
375 197 730
375 198 761
375 199 242
375 200 458
375 201 586
375 202 79
375 203 430
375 204 948
375 205 776
375 206 967
375 207 189
375 208 281
375 209 247
375 210 913
375 211 585
375 212 255
375 213 752
375 214 748
375 215 19
375 216 508
375 217 716
375 218 642
375 219 362
375 220 646
375 221 199
375 222 696
375 223 162
375 224 963
375 225 541
375 226 370
375 227 16
375 228 921
375 229 233
375 230 778
375 231 823
375 232 817
375 233 628
375 234 651
375 235 421
375 236 934
375 237 575
375 238 37
375 239 972
375 240 475
375 241 369
375 242 393
375 243 576
375 244 800
375 245 945
375 246 718
375 247 676
375 248 803
375 249 159
375 250 523
375 251 768
375 252 6
375 253 865
375 254 145
375 255 810
375 256 442
375 257 801
375 258 722
375 259 194
375 260 350
375 261 325
375 262 567
375 263 539
375 264 550
375 265 264
375 266 968
375 267 287
375 268 735
375 269 839
375 270 797
375 271 438
375 272 13
375 273 291
375 274 318
375 275 272
375 276 445
375 277 772
375 278 393
375 279 619
375 280 556
375 281 815
375 282 647
375 283 516
375 284 964
375 285 112
375 286 593
375 287 161
375 288 654
375 289 674
375 290 64
375 291 173
375 292 542
375 293 178
375 294 850
375 295 972
375 296 285
375 297 434
375 298 958
375 299 562
375 300 71
375 301 192
375 302 626
375 303 765
375 304 263
375 305 797
375 306 678
375 307 838
375 308 680
375 309 969
375 310 931
375 311 491
375 312 738
375 313 971
375 314 9
375 315 951
375 316 349
375 317 128
375 318 452
375 319 44
375 320 582
375 321 144
375 322 807
375 323 1
375 324 174
375 325 441
375 326 615
375 327 413
375 328 801
375 329 506
375 330 330
375 331 300
375 332 640
375 333 298
375 334 371
375 335 352
375 336 975
375 337 159
375 338 578
375 339 52
375 340 835
375 341 598
375 342 9
375 343 839
375 344 765
375 345 866
375 346 338
375 347 156
375 348 921
375 349 888
375 350 938
375 351 166
375 352 361
375 353 896
375 354 697
375 355 545
375 356 737
375 357 690
375 358 600
375 359 248
375 360 946
375 361 965
375 362 991
375 363 824
375 364 337
375 365 579
375 366 118
375 367 213
375 368 256
375 369 995
375 370 854
375 371 395
375 372 348
375 373 528
375 374 541
375 375 780
376 1 212
376 2 780
376 3 702
376 4 296
376 5 951
376 6 794
376 7 719
376 8 595
376 9 696
376 10 697
376 11 260
376 12 35
376 13 757
376 14 279
376 15 21
376 16 52
376 17 507
376 18 354
376 19 413
376 20 122
376 21 738
376 22 404
376 23 466
376 24 39
376 25 703
376 26 956
376 27 268
376 28 565
376 29 584
376 30 544
376 31 791
376 32 35
376 33 1000
376 34 480
376 35 563
376 36 295
376 37 922
376 38 543
376 39 318
376 40 15
376 41 402
376 42 967
376 43 504
376 44 822
376 45 276
376 46 345
376 47 414
376 48 771
376 49 753
376 50 166
376 51 364
376 52 519
376 53 241
376 54 469
376 55 154
376 56 687
376 57 299
376 58 366
376 59 91
376 60 508
376 61 37
376 62 910
376 63 954
376 64 640
376 65 27
376 66 385
376 67 750
376 68 755
376 69 825
376 70 348
376 71 258
376 72 41
376 73 616
376 74 629
376 75 153
376 76 727
376 77 468
376 78 643
376 79 635
376 80 106
376 81 612
376 82 885
376 83 949
376 84 437
376 85 80
376 86 735
376 87 172
376 88 574
376 89 700
376 90 858
376 91 806
376 92 760
376 93 172
376 94 917
376 95 825
376 96 979
376 97 22
376 98 968
376 99 252
376 100 180
376 101 840
376 102 848
376 103 860
376 104 243
376 105 337
376 106 81
376 107 151
376 108 716
376 109 750
376 110 860
376 111 526
376 112 677
376 113 889
376 114 636
376 115 141
376 116 512
376 117 3
376 118 175
376 119 399
376 120 976
376 121 418
376 122 125
376 123 943
376 124 578
376 125 42
376 126 777
376 127 473
376 128 721
376 129 703
376 130 753
376 131 823
376 132 544
376 133 546
376 134 270
376 135 912
376 136 419
376 137 9
376 138 391
376 139 418
376 140 765
376 141 804
376 142 745
376 143 336
376 144 664
376 145 181
376 146 319
376 147 366
376 148 145
376 149 445
376 150 459
376 151 221
376 152 944
376 153 913
376 154 139
376 155 432
376 156 679
376 157 995
376 158 353
376 159 63
376 160 840
376 161 68
376 162 334
376 163 669
376 164 968
376 165 231
376 166 12
376 167 46
376 168 247
376 169 25
376 170 62
376 171 642
376 172 502
376 173 22
376 174 361
376 175 154
376 176 645
376 177 749
376 178 59
376 179 552
376 180 587
376 181 364
376 182 17
376 183 312
376 184 166
376 185 687
376 186 352
376 187 266
376 188 231
376 189 673
376 190 675
376 191 743
376 192 684
376 193 451
376 194 883
376 195 351
376 196 255
376 197 984
376 198 765
376 199 743
376 200 322
376 201 39
376 202 213
376 203 60
376 204 966
376 205 393
376 206 298
376 207 804
376 208 324
376 209 841
376 210 195
376 211 720
376 212 411
376 213 618
376 214 140
376 215 265
376 216 80
376 217 868
376 218 721
376 219 321
376 220 559
376 221 492
376 222 755
376 223 976
376 224 828
376 225 506
376 226 900
376 227 676
376 228 166
376 229 668
376 230 568
376 231 225
376 232 981
376 233 12
376 234 316
376 235 466
376 236 500
376 237 367
376 238 610
376 239 539
376 240 26
376 241 853
376 242 630
376 243 110
376 244 939
376 245 922
376 246 510
376 247 644
376 248 135
376 249 605
376 250 623
376 251 361
376 252 393
376 253 778
376 254 239
376 255 835
376 256 135
376 257 750
376 258 240
376 259 218
376 260 992
376 261 712
376 262 785
376 263 583
376 264 508
376 265 793
376 266 937
376 267 800
376 268 211
376 269 783
376 270 138
376 271 78
376 272 522
376 273 181
376 274 999
376 275 158
376 276 405
376 277 897
376 278 132
376 279 831
376 280 25
376 281 650
376 282 599
376 283 375
376 284 335
376 285 516
376 286 566
376 287 15
376 288 829
376 289 140
376 290 175
376 291 596
376 292 293
376 293 491
376 294 643
376 295 382
376 296 239
376 297 335
376 298 690
376 299 314
376 300 530
376 301 66
376 302 245
376 303 923
376 304 851
376 305 757
376 306 226
376 307 288
376 308 676
376 309 559
376 310 720
376 311 733
376 312 691
376 313 235
376 314 367
376 315 578
376 316 754
376 317 994
376 318 121
376 319 279
376 320 660
376 321 393
376 322 124
376 323 50
376 324 879
376 325 438
376 326 527
376 327 548
376 328 759
376 329 6
376 330 675
376 331 753
376 332 900
376 333 291
376 334 223
376 335 254
376 336 424
376 337 750
376 338 176
376 339 101
376 340 728
376 341 802
376 342 629
376 343 121
376 344 16
376 345 237
376 346 279
376 347 267
376 348 649
376 349 549
376 350 473
376 351 619
376 352 526
376 353 452
376 354 796
376 355 303
376 356 728
376 357 206
376 358 807
376 359 554
376 360 624
376 361 292
376 362 921
376 363 570
376 364 109
376 365 445
376 366 327
376 367 360
376 368 956
376 369 285
376 370 891
376 371 860
376 372 131
376 373 225
376 374 501
376 375 255
376 376 184
377 1 981
377 2 40
377 3 403
377 4 849
377 5 907
377 6 772
377 7 572
377 8 437
377 9 837
377 10 78
377 11 627
377 12 451
377 13 218
377 14 941
377 15 905
377 16 423
377 17 157
377 18 783
377 19 846
377 20 101
377 21 246
377 22 83
377 23 87
377 24 120
377 25 450
377 26 471
377 27 505
377 28 422
377 29 828
377 30 939
377 31 48
377 32 448
377 33 741
377 34 507
377 35 471
377 36 9
377 37 74
377 38 565
377 39 956
377 40 313
377 41 45
377 42 245
377 43 729
377 44 892
377 45 352
377 46 493
377 47 260
377 48 393
377 49 880
377 50 529
377 51 319
377 52 308
377 53 753
377 54 746
377 55 688
377 56 257
377 57 206
377 58 857
377 59 192
377 60 354
377 61 537
377 62 890
377 63 214
377 64 82
377 65 377
377 66 194
377 67 45
377 68 534
377 69 29
377 70 261
377 71 332
377 72 914
377 73 466
377 74 548
377 75 330
377 76 326
377 77 813
377 78 87
377 79 904
377 80 620
377 81 104
377 82 622
377 83 347
377 84 197
377 85 464
377 86 226
377 87 943
377 88 571
377 89 406
377 90 623
377 91 993
377 92 227
377 93 696
377 94 438
377 95 805
377 96 65
377 97 143
377 98 7
377 99 670
377 100 296
377 101 3
377 102 358
377 103 166
377 104 53
377 105 44
377 106 43
377 107 272
377 108 345
377 109 220
377 110 487
377 111 721
377 112 260
377 113 501
377 114 465
377 115 594
377 116 440
377 117 956
377 118 752
377 119 952
377 120 560
377 121 977
377 122 664
377 123 979
377 124 681
377 125 528
377 126 713
377 127 647
377 128 55
377 129 469
377 130 421
377 131 361
377 132 904
377 133 898
377 134 789
377 135 291
377 136 769
377 137 524
377 138 889
377 139 721
377 140 88
377 141 627
377 142 304
377 143 625
377 144 238
377 145 177
377 146 693
377 147 653
377 148 760
377 149 58
377 150 372
377 151 191
377 152 891
377 153 86
377 154 648
377 155 239
377 156 34
377 157 397
377 158 927
377 159 50
377 160 727
377 161 600
377 162 209
377 163 962
377 164 449
377 165 200
377 166 814
377 167 225
377 168 747
377 169 398
377 170 503
377 171 826
377 172 437
377 173 398
377 174 808
377 175 357
377 176 454
377 177 191
377 178 932
377 179 213
377 180 132
377 181 323
377 182 536
377 183 151
377 184 725
377 185 955
377 186 458
377 187 151
377 188 445
377 189 703
377 190 918
377 191 663
377 192 431
377 193 338
377 194 172
377 195 393
377 196 338
377 197 733
377 198 471
377 199 444
377 200 107
377 201 195
377 202 294
377 203 586
377 204 769
377 205 144
377 206 232
377 207 922
377 208 744
377 209 299
377 210 716
377 211 655
377 212 894
377 213 276
377 214 3
377 215 635
377 216 118
377 217 42
377 218 369
377 219 6
377 220 404
377 221 685
377 222 946
377 223 759
377 224 972
377 225 702
377 226 83
377 227 887
377 228 703
377 229 68
377 230 539
377 231 866
377 232 10
377 233 909
377 234 400
377 235 482
377 236 363
377 237 26
377 238 220
377 239 636
377 240 908
377 241 53
377 242 507
377 243 763
377 244 146
377 245 307
377 246 454
377 247 61
377 248 981
377 249 667
377 250 504
377 251 325
377 252 513
377 253 711
377 254 500
377 255 488
377 256 223
377 257 425
377 258 760
377 259 484
377 260 647
377 261 362
377 262 306
377 263 684
377 264 573
377 265 142
377 266 479
377 267 605
377 268 410
377 269 390
377 270 123
377 271 713
377 272 126
377 273 160
377 274 141
377 275 643
377 276 581
377 277 380
377 278 452
377 279 299
377 280 285
377 281 807
377 282 925
377 283 797
377 284 759
377 285 413
377 286 556
377 287 649
377 288 978
377 289 420
377 290 107
377 291 544
377 292 215
377 293 642
377 294 535
377 295 587
377 296 137
377 297 532
377 298 289
377 299 296
377 300 881
377 301 424
377 302 69
377 303 167
377 304 780
377 305 942
377 306 912
377 307 255
377 308 880
377 309 542
377 310 121
377 311 348
377 312 546
377 313 312
377 314 268
377 315 811
377 316 72
377 317 36
377 318 87
377 319 609
377 320 200
377 321 930
377 322 688
377 323 773
377 324 892
377 325 290
377 326 362
377 327 258
377 328 764
377 329 104
377 330 455
377 331 405
377 332 727
377 333 595
377 334 911
377 335 538
377 336 407
377 337 262
377 338 0
377 339 41
377 340 684
377 341 904
377 342 276
377 343 123
377 344 22
377 345 647
377 346 286
377 347 415
377 348 780
377 349 556
377 350 237
377 351 983
377 352 778
377 353 509
377 354 694
377 355 94
377 356 482
377 357 769
377 358 723
377 359 434
377 360 159
377 361 623
377 362 558
377 363 308
377 364 644
377 365 787
377 366 117
377 367 305
377 368 223
377 369 7
377 370 473
377 371 633
377 372 459
377 373 715
377 374 850
377 375 1
377 376 301
377 377 208
378 1 773
378 2 494
378 3 88
378 4 652
378 5 646
378 6 473
378 7 363
378 8 145
378 9 535
378 10 959
378 11 348
378 12 464
378 13 982
378 14 253
378 15 178
378 16 442
378 17 431
378 18 786
378 19 189
378 20 408
378 21 950
378 22 456
378 23 719
378 24 814
378 25 157
378 26 704
378 27 620
378 28 571
378 29 114
378 30 283
378 31 111
378 32 815
378 33 189
378 34 973
378 35 93
378 36 482
378 37 975
378 38 300
378 39 380
378 40 208
378 41 451
378 42 328
378 43 922
378 44 745
378 45 985
378 46 427
378 47 8
378 48 418
378 49 385
378 50 59
378 51 541
378 52 971
378 53 652
378 54 378
378 55 647
378 56 455
378 57 254
378 58 86
378 59 363
378 60 652
378 61 305
378 62 432
378 63 605
378 64 145
378 65 948
378 66 758
378 67 426
378 68 563
378 69 306
378 70 430
378 71 135
378 72 74
378 73 719
378 74 79
378 75 403
378 76 21
378 77 615
378 78 135
378 79 881
378 80 47
378 81 679
378 82 429
378 83 381
378 84 298
378 85 188
378 86 772
378 87 242
378 88 248
378 89 520
378 90 323
378 91 228
378 92 823
378 93 128
378 94 968
378 95 150
378 96 919
378 97 385
378 98 160
378 99 315
378 100 594
378 101 546
378 102 105
378 103 82
378 104 607
378 105 188
378 106 334
378 107 651
378 108 566
378 109 981
378 110 899
378 111 959
378 112 303
378 113 299
378 114 983
378 115 484
378 116 343
378 117 370
378 118 213
378 119 989
378 120 28
378 121 133
378 122 264
378 123 982
378 124 724
378 125 352
378 126 488
378 127 115
378 128 464
378 129 191
378 130 145
378 131 879
378 132 238
378 133 619
378 134 955
378 135 25
378 136 706
378 137 377
378 138 300
378 139 7
378 140 765
378 141 126
378 142 922
378 143 960
378 144 749
378 145 689
378 146 674
378 147 209
378 148 3
378 149 212
378 150 146
378 151 914
378 152 610
378 153 72
378 154 374
378 155 838
378 156 236
378 157 997
378 158 850
378 159 10
378 160 182
378 161 356
378 162 353
378 163 30
378 164 708
378 165 367
378 166 124
378 167 72
378 168 360
378 169 80
378 170 258
378 171 739
378 172 332
378 173 985
378 174 884
378 175 941
378 176 508
378 177 30
378 178 427
378 179 702
378 180 441
378 181 457
378 182 810
378 183 31
378 184 977
378 185 751
378 186 159
378 187 792
378 188 425
378 189 101
378 190 64
378 191 425
378 192 107
378 193 958
378 194 86
378 195 945
378 196 432
378 197 579
378 198 913
378 199 436
378 200 149
378 201 116
378 202 968
378 203 312
378 204 519
378 205 430
378 206 536
378 207 715
378 208 514
378 209 798
378 210 642
378 211 910
378 212 905
378 213 839
378 214 794
378 215 95
378 216 235
378 217 221
378 218 896
378 219 585
378 220 582
378 221 682
378 222 532
378 223 967
378 224 27
378 225 922
378 226 261
378 227 497
378 228 40
378 229 956
378 230 923
378 231 45
378 232 979
378 233 77
378 234 647
378 235 808
378 236 365
378 237 466
378 238 195
378 239 774
378 240 380
378 241 455
378 242 401
378 243 800
378 244 39
378 245 193
378 246 804
378 247 881
378 248 531
378 249 124
378 250 829
378 251 697
378 252 980
378 253 893
378 254 763
378 255 938
378 256 300
378 257 818
378 258 396
378 259 933
378 260 981
378 261 130
378 262 869
378 263 807
378 264 303
378 265 636
378 266 730
378 267 698
378 268 992
378 269 127
378 270 666
378 271 345
378 272 956
378 273 647
378 274 629
378 275 478
378 276 717
378 277 624
378 278 61
378 279 902
378 280 113
378 281 502
378 282 796
378 283 795
378 284 802
378 285 392
378 286 199
378 287 354
378 288 664
378 289 562
378 290 716
378 291 107
378 292 331
378 293 645
378 294 135
378 295 632
378 296 612
378 297 33
378 298 20
378 299 155
378 300 796
378 301 482
378 302 103
378 303 48
378 304 469
378 305 395
378 306 477
378 307 626
378 308 36
378 309 421
378 310 361
378 311 829
378 312 155
378 313 715
378 314 689
378 315 83
378 316 734
378 317 616
378 318 884
378 319 911
378 320 503
378 321 144
378 322 427
378 323 492
378 324 36
378 325 964
378 326 56
378 327 342
378 328 849
378 329 746
378 330 293
378 331 244
378 332 130
378 333 957
378 334 656
378 335 167
378 336 63
378 337 392
378 338 829
378 339 393
378 340 417
378 341 791
378 342 310
378 343 844
378 344 965
378 345 268
378 346 880
378 347 505
378 348 67
378 349 340
378 350 260
378 351 583
378 352 519
378 353 309
378 354 186
378 355 758
378 356 0
378 357 906
378 358 672
378 359 20
378 360 817
378 361 885
378 362 871
378 363 239
378 364 600
378 365 622
378 366 397
378 367 995
378 368 810
378 369 865
378 370 493
378 371 995
378 372 845
378 373 427
378 374 612
378 375 922
378 376 548
378 377 296
378 378 211
379 1 772
379 2 927
379 3 436
379 4 764
379 5 78
379 6 614
379 7 776
379 8 530
379 9 824
379 10 813
379 11 694
379 12 92
379 13 587
379 14 34
379 15 514
379 16 542
379 17 922
379 18 391
379 19 517
379 20 380
379 21 991
379 22 471
379 23 671
379 24 889
379 25 152
379 26 819
379 27 164
379 28 882
379 29 338
379 30 459
379 31 864
379 32 777
379 33 15
379 34 307
379 35 41
379 36 133
379 37 230
379 38 67
379 39 40
379 40 937
379 41 889
379 42 528
379 43 86
379 44 819
379 45 67
379 46 481
379 47 826
379 48 723
379 49 735
379 50 301
379 51 596
379 52 388
379 53 862
379 54 159
379 55 802
379 56 617
379 57 263
379 58 895
379 59 151
379 60 537
379 61 36
379 62 329
379 63 837
379 64 325
379 65 920
379 66 764
379 67 985
379 68 722
379 69 348
379 70 9
379 71 224
379 72 953
379 73 624
379 74 555
379 75 206
379 76 895
379 77 686
379 78 650
379 79 510
379 80 510
379 81 853
379 82 330
379 83 909
379 84 939
379 85 695
379 86 507
379 87 533
379 88 898
379 89 433
379 90 696
379 91 653
379 92 415
379 93 577
379 94 151
379 95 499
379 96 610
379 97 107
379 98 154
379 99 846
379 100 559
379 101 370
379 102 387
379 103 469
379 104 202
379 105 107
379 106 149
379 107 638
379 108 221
379 109 816
379 110 970
379 111 43
379 112 656
379 113 212
379 114 262
379 115 407
379 116 509
379 117 121
379 118 206
379 119 693
379 120 770
379 121 462
379 122 538
379 123 924
379 124 28
379 125 718
379 126 873
379 127 884
379 128 841
379 129 65
379 130 117
379 131 367
379 132 196
379 133 441
379 134 170
379 135 795
379 136 599
379 137 267
379 138 225
379 139 377
379 140 85
379 141 433
379 142 222
379 143 695
379 144 731
379 145 598
379 146 807
379 147 500
379 148 942
379 149 459
379 150 296
379 151 531
379 152 569
379 153 403
379 154 100
379 155 8
379 156 394
379 157 62
379 158 226
379 159 767
379 160 202
379 161 86
379 162 827
379 163 67
379 164 89
379 165 654
379 166 997
379 167 825
379 168 384
379 169 578
379 170 641
379 171 170
379 172 941
379 173 159
379 174 915
379 175 703
379 176 752
379 177 343
379 178 309
379 179 38
379 180 436
379 181 509
379 182 716
379 183 118
379 184 490
379 185 127
379 186 351
379 187 831
379 188 999
379 189 817
379 190 861
379 191 345
379 192 485
379 193 492
379 194 930
379 195 574
379 196 101
379 197 111
379 198 424
379 199 306
379 200 336
379 201 855
379 202 412
379 203 309
379 204 72
379 205 746
379 206 535
379 207 877
379 208 183
379 209 315
379 210 49
379 211 956
379 212 245
379 213 748
379 214 489
379 215 117
379 216 300
379 217 132
379 218 561
379 219 404
379 220 369
379 221 296
379 222 597
379 223 153
379 224 167
379 225 276
379 226 42
379 227 36
379 228 635
379 229 798
379 230 346
379 231 95
379 232 735
379 233 376
379 234 808
379 235 345
379 236 341
379 237 277
379 238 154
379 239 141
379 240 9
379 241 298
379 242 601
379 243 384
379 244 212
379 245 182
379 246 550
379 247 892
379 248 381
379 249 445
379 250 655
379 251 469
379 252 924
379 253 659
379 254 729
379 255 506
379 256 671
379 257 622
379 258 718
379 259 984
379 260 767
379 261 866
379 262 43
379 263 869
379 264 931
379 265 581
379 266 960
379 267 375
379 268 969
379 269 322
379 270 571
379 271 265
379 272 697
379 273 210
379 274 41
379 275 43
379 276 19
379 277 871
379 278 285
379 279 158
379 280 892
379 281 117
379 282 355
379 283 660
379 284 666
379 285 836
379 286 533
379 287 669
379 288 136
379 289 262
379 290 882
379 291 118
379 292 811
379 293 819
379 294 463
379 295 935
379 296 281
379 297 22
379 298 83
379 299 642
379 300 406
379 301 944
379 302 874
379 303 487
379 304 102
379 305 186
379 306 705
379 307 286
379 308 309
379 309 894
379 310 203
379 311 664
379 312 622
379 313 121
379 314 195
379 315 100
379 316 626
379 317 541
379 318 691
379 319 842
379 320 2
379 321 772
379 322 734
379 323 14
379 324 218
379 325 3
379 326 323
379 327 427
379 328 694
379 329 972
379 330 411
379 331 15
379 332 133
379 333 742
379 334 857
379 335 85
379 336 648
379 337 986
379 338 561
379 339 192
379 340 425
379 341 831
379 342 997
379 343 896
379 344 842
379 345 828
379 346 51
379 347 478
379 348 857
379 349 319
379 350 333
379 351 506
379 352 39
379 353 905
379 354 0
379 355 773
379 356 618
379 357 574
379 358 929
379 359 498
379 360 906
379 361 540
379 362 457
379 363 161
379 364 718
379 365 265
379 366 65
379 367 456
379 368 169
379 369 47
379 370 726
379 371 678
379 372 790
379 373 428
379 374 581
379 375 718
379 376 892
379 377 411
379 378 32
379 379 424
378 379 895
377 378 581
376 377 689
375 376 896
374 375 727
373 374 387
372 373 458
371 372 652
370 371 228
369 370 245
368 369 163
367 368 342
366 367 715
365 366 196
364 365 608
363 364 1
362 363 82
361 362 666
360 361 848
359 360 424
358 359 766
357 358 397
356 357 317
355 356 732
354 355 135
353 354 635
352 353 874
351 352 648
350 351 913
349 350 969
348 349 604
347 348 367
346 347 689
345 346 294
344 345 624
343 344 360
342 343 493
341 342 976
340 341 780
339 340 245
338 339 138
337 338 287
336 337 557
335 336 46
334 335 756
333 334 343
332 333 80
331 332 759
330 331 468
329 330 12
328 329 707
327 328 574
326 327 157
325 326 256
324 325 673
323 324 857
322 323 397
321 322 365
320 321 664
319 320 318
318 319 939
317 318 520
316 317 895
315 316 582
314 315 921
313 314 419
312 313 697
311 312 482
310 311 13
309 310 179
308 309 681
307 308 452
306 307 943
305 306 611
304 305 120
303 304 256
302 303 542
301 302 350
300 301 165
299 300 865
298 299 162
297 298 692
296 297 807
295 296 59
294 295 785
293 294 989
292 293 208
291 292 688
290 291 714
289 290 173
288 289 583
287 288 940
286 287 923
285 286 858
284 285 481
283 284 749
282 283 926
281 282 367
280 281 266
279 280 204
278 279 400
277 278 716
276 277 103
275 276 610
274 275 40
273 274 478
272 273 515
271 272 62
270 271 184
269 270 446
268 269 358
267 268 308
266 267 662
265 266 73
264 265 226
263 264 71
262 263 266
261 262 855
260 261 103
259 260 635
258 259 435
257 258 557
256 257 23
255 256 695
254 255 959
253 254 62
252 253 819
251 252 744
250 251 215
249 250 490
248 249 126
247 248 735
246 247 189
245 246 993
244 245 984
243 244 199
242 243 22
241 242 620
240 241 37
239 240 118
238 239 853
237 238 379
236 237 93
235 236 400
234 235 122
233 234 589
232 233 850
231 232 620
230 231 193
229 230 650
228 229 127
227 228 27
226 227 75
225 226 696
224 225 616
223 224 547
222 223 958
221 222 931
220 221 649
219 220 587
218 219 836
217 218 46
216 217 224
215 216 714
214 215 875
213 214 149
212 213 801
211 212 103
210 211 63
209 210 835
208 209 436
207 208 340
206 207 174
205 206 813
204 205 380
203 204 225
202 203 722
201 202 119
200 201 277
199 200 749
198 199 16
197 198 248
196 197 194
195 196 865
194 195 343
193 194 645
192 193 601
191 192 498
190 191 118
189 190 627
188 189 332
187 188 84
186 187 365
185 186 812
184 185 938
183 184 717
182 183 656
181 182 676
180 181 504
179 180 461
178 179 281
177 178 593
176 177 429
175 176 972
174 175 845
173 174 603
172 173 695
171 172 916
170 171 220
169 170 869
168 169 241
167 168 831
166 167 534
165 166 282
164 165 537
163 164 722
162 163 857
161 162 400
160 161 699
159 160 553
158 159 849
157 158 945
156 157 716
155 156 919
154 155 82
153 154 862
152 153 39
151 152 945
150 151 153
149 150 897
148 149 133
147 148 775
146 147 695
145 146 91
144 145 70
143 144 487
142 143 266
141 142 672
140 141 627
139 140 33
138 139 191
137 138 841
136 137 193
135 136 188
134 135 297
133 134 247
132 133 589
131 132 324
130 131 394
129 130 817
128 129 610
127 128 93
126 127 455
125 126 294
124 125 601
123 124 560
122 123 617
121 122 818
120 121 986
119 120 208
118 119 553
117 118 944
116 117 834
115 116 340
114 115 560
113 114 127
112 113 723
111 112 298
110 111 564
109 110 308
108 109 111
107 108 501
106 107 955
105 106 520
104 105 896
103 104 327
102 103 82
101 102 93
100 101 458
99 100 556
98 99 822
97 98 145
96 97 990
95 96 822
94 95 244
93 94 227
92 93 581
91 92 939
90 91 195
89 90 64
88 89 891
87 88 720
86 87 333
85 86 747
84 85 249
83 84 341
82 83 888
81 82 847
80 81 505
79 80 626
78 79 1
77 78 640
76 77 684
75 76 803
74 75 844
73 74 727
72 73 408
71 72 860
70 71 736
69 70 95
68 69 14
67 68 937
66 67 561
65 66 940
64 65 824
63 64 63
62 63 266
61 62 533
60 61 886
59 60 453
58 59 488
57 58 565
56 57 989
55 56 209
54 55 934
53 54 655
52 53 625
51 52 323
50 51 444
49 50 362
48 49 103
47 48 573
46 47 483
45 46 338
44 45 700
43 44 870
42 43 920
41 42 75
40 41 747
39 40 101
38 39 317
37 38 150
36 37 923
35 36 616
34 35 829
33 34 722
32 33 545
31 32 931
30 31 256
29 30 818
28 29 633
27 28 97
26 27 773
25 26 143
24 25 288
23 24 142
22 23 516
21 22 223
20 21 929
19 20 913
18 19 597
17 18 366
16 17 488
15 16 991
14 15 310
13 14 849
12 13 802
11 12 940
10 11 414
9 10 497
8 9 523
7 8 988
6 7 265
5 6 41
4 5 430
3 4 911
2 3 776
1 2 394
0 1 864