1 2 0
2 1 0
1 3 1
3 1 1
1 4 2
4 1 2
1 5 3
5 1 3
1 6 4
6 1 4
1 7 5
7 1 5
1 8 6
8 1 6
1 9 7
9 1 7
1 10 8
10 1 8
1 11 9
11 1 9
1 12 10
12 1 10
1 13 11
13 1 11
1 14 12
14 1 12
1 15 13
15 1 13
1 16 14
16 1 14
1 17 15
17 1 15
1 18 16
18 1 16
1 19 17
19 1 17
1 20 18
20 1 18
1 21 19
21 1 19
1 22 20
22 1 20
1 23 21
23 1 21
1 24 22
24 1 22
1 25 23
25 1 23
1 26 24
26 1 24
1 27 25
27 1 25
1 28 26
28 1 26
1 29 27
29 1 27
2 3 0
3 2 0
2 4 1
4 2 1
2 5 2
5 2 2
2 6 3
6 2 3
2 7 4
7 2 4
2 8 5
8 2 5
2 9 6
9 2 6
2 10 7
10 2 7
2 11 8
11 2 8
2 12 9
12 2 9
2 13 10
13 2 10
2 14 11
14 2 11
2 15 12
15 2 12
2 16 13
16 2 13
2 17 14
17 2 14
2 18 15
18 2 15
2 19 16
19 2 16
2 20 17
20 2 17
2 21 18
21 2 18
2 22 19
22 2 19
2 23 20
23 2 20
2 24 21
24 2 21
2 25 22
25 2 22
2 26 23
26 2 23
2 27 24
27 2 24
2 28 25
28 2 25
2 29 26
29 2 26
3 4 0
4 3 0
3 5 1
5 3 1
3 6 2
6 3 2
3 7 3
7 3 3
3 8 4
8 3 4
3 9 5
9 3 5
3 10 6
10 3 6
3 11 7
11 3 7
3 12 8
12 3 8
3 13 9
13 3 9
3 14 10
14 3 10
3 15 11
15 3 11
3 16 12
16 3 12
3 17 13
17 3 13
3 18 14
18 3 14
3 19 15
19 3 15
3 20 16
20 3 16
3 21 17
21 3 17
3 22 18
22 3 18
3 23 19
23 3 19
3 24 20
24 3 20
3 25 21
25 3 21
3 26 22
26 3 22
3 27 23
27 3 23
3 28 24
28 3 24
3 29 25
29 3 25
4 5 0
5 4 0
4 6 1
6 4 1
4 7 2
7 4 2
4 8 3
8 4 3
4 9 4
9 4 4
4 10 5
10 4 5
4 11 6
11 4 6
4 12 7
12 4 7
4 13 8
13 4 8
4 14 9
14 4 9
4 15 10
15 4 10
4 16 11
16 4 11
4 17 12
17 4 12
4 18 13
18 4 13
4 19 14
19 4 14
4 20 15
20 4 15
4 21 16
21 4 16
4 22 17
22 4 17
4 23 18
23 4 18
4 24 19
24 4 19
4 25 20
25 4 20
4 26 21
26 4 21
4 27 22
27 4 22
4 28 23
28 4 23
4 29 24
29 4 24
5 6 0
6 5 0
5 7 1
7 5 1
5 8 2
8 5 2
5 9 3
9 5 3
5 10 4
10 5 4
5 11 5
11 5 5
5 12 6
12 5 6
5 13 7
13 5 7
5 14 8
14 5 8
5 15 9
15 5 9
5 16 10
16 5 10
5 17 11
17 5 11
5 18 12
18 5 12
5 19 13
19 5 13
5 20 14
20 5 14
5 21 15
21 5 15
5 22 16
22 5 16
5 23 17
23 5 17
5 24 18
24 5 18
5 25 19
25 5 19
5 26 20
26 5 20
5 27 21
27 5 21
5 28 22
28 5 22
5 29 23
29 5 23
6 7 0
7 6 0
6 8 1
8 6 1
6 9 2
9 6 2
6 10 3
10 6 3
6 11 4
11 6 4
6 12 5
12 6 5
6 13 6
13 6 6
6 14 7
14 6 7
6 15 8
15 6 8
6 16 9
16 6 9
6 17 10
17 6 10
6 18 11
18 6 11
6 19 12
19 6 12
6 20 13
20 6 13
6 21 14
21 6 14
6 22 15
22 6 15
6 23 16
23 6 16
6 24 17
24 6 17
6 25 18
25 6 18
6 26 19
26 6 19
6 27 20
27 6 20
6 28 21
28 6 21
6 29 22
29 6 22
7 8 0
8 7 0
7 9 1
9 7 1
7 10 2
10 7 2
7 11 3
11 7 3
7 12 4
12 7 4
7 13 5
13 7 5
7 14 6
14 7 6
7 15 7
15 7 7
7 16 8
16 7 8
7 17 9
17 7 9
7 18 10
18 7 10
7 19 11
19 7 11
7 20 12
20 7 12
7 21 13
21 7 13
7 22 14
22 7 14
7 23 15
23 7 15
7 24 16
24 7 16
7 25 17
25 7 17
7 26 18
26 7 18
7 27 19
27 7 19
7 28 20
28 7 20
7 29 21
29 7 21
8 9 0
9 8 0
8 10 1
10 8 1
8 11 2
11 8 2
8 12 3
12 8 3
8 13 4
13 8 4
8 14 5
14 8 5
8 15 6
15 8 6
8 16 7
16 8 7
8 17 8
17 8 8
8 18 9
18 8 9
8 19 10
19 8 10
8 20 11
20 8 11
8 21 12
21 8 12
8 22 13
22 8 13
8 23 14
23 8 14
8 24 15
24 8 15
8 25 16
25 8 16
8 26 17
26 8 17
8 27 18
27 8 18
8 28 19
28 8 19
8 29 20
29 8 20
9 10 0
10 9 0
9 11 1
11 9 1
9 12 2
12 9 2
9 13 3
13 9 3
9 14 4
14 9 4
9 15 5
15 9 5
9 16 6
16 9 6
9 17 7
17 9 7
9 18 8
18 9 8
9 19 9
19 9 9
9 20 10
20 9 10
9 21 11
21 9 11
9 22 12
22 9 12
9 23 13
23 9 13
9 24 14
24 9 14
9 25 15
25 9 15
9 26 16
26 9 16
9 27 17
27 9 17
9 28 18
28 9 18
9 29 19
29 9 19
10 11 0
11 10 0
10 12 1
12 10 1
10 13 2
13 10 2
10 14 3
14 10 3
10 15 4
15 10 4
10 16 5
16 10 5
10 17 6
17 10 6
10 18 7
18 10 7
10 19 8
19 10 8
10 20 9
20 10 9
10 21 10
21 10 10
10 22 11
22 10 11
10 23 12
23 10 12
10 24 13
24 10 13
10 25 14
25 10 14
10 26 15
26 10 15
10 27 16
27 10 16
10 28 17
28 10 17
10 29 18
29 10 18
11 12 0
12 11 0
11 13 1
13 11 1
11 14 2
14 11 2
11 15 3
15 11 3
11 16 4
16 11 4
11 17 5
17 11 5
11 18 6
18 11 6
11 19 7
19 11 7
11 20 8
20 11 8
11 21 9
21 11 9
11 22 10
22 11 10
11 23 11
23 11 11
11 24 12
24 11 12
11 25 13
25 11 13
11 26 14
26 11 14
11 27 15
27 11 15
11 28 16
28 11 16
11 29 17
29 11 17
12 13 0
13 12 0
12 14 1
14 12 1
12 15 2
15 12 2
12 16 3
16 12 3
12 17 4
17 12 4
12 18 5
18 12 5
12 19 6
19 12 6
12 20 7
20 12 7
12 21 8
21 12 8
12 22 9
22 12 9
12 23 10
23 12 10
12 24 11
24 12 11
12 25 12
25 12 12
12 26 13
26 12 13
12 27 14
27 12 14
12 28 15
28 12 15
12 29 16
29 12 16
13 14 0
14 13 0
13 15 1
15 13 1
13 16 2
16 13 2
13 17 3
17 13 3
13 18 4
18 13 4
13 19 5
19 13 5
13 20 6
20 13 6
13 21 7
21 13 7
13 22 8
22 13 8
13 23 9
23 13 9
13 24 10
24 13 10
13 25 11
25 13 11
13 26 12
26 13 12
13 27 13
27 13 13
13 28 14
28 13 14
13 29 15
29 13 15
14 15 0
15 14 0
14 16 1
16 14 1
14 17 2
17 14 2
14 18 3
18 14 3
14 19 4
19 14 4
14 20 5
20 14 5
14 21 6
21 14 6
14 22 7
22 14 7
14 23 8
23 14 8
14 24 9
24 14 9
14 25 10
25 14 10
14 26 11
26 14 11
14 27 12
27 14 12
14 28 13
28 14 13
14 29 14
29 14 14
15 16 0
16 15 0
15 17 1
17 15 1
15 18 2
18 15 2
15 19 3
19 15 3
15 20 4
20 15 4
15 21 5
21 15 5
15 22 6
22 15 6
15 23 7
23 15 7
15 24 8
24 15 8
15 25 9
25 15 9
15 26 10
26 15 10
15 27 11
27 15 11
15 28 12
28 15 12
15 29 13
29 15 13
16 17 0
17 16 0
16 18 1
18 16 1
16 19 2
19 16 2
16 20 3
20 16 3
16 21 4
21 16 4
16 22 5
22 16 5
16 23 6
23 16 6
16 24 7
24 16 7
16 25 8
25 16 8
16 26 9
26 16 9
16 27 10
27 16 10
16 28 11
28 16 11
16 29 12
29 16 12
17 18 0
18 17 0
17 19 1
19 17 1
17 20 2
20 17 2
17 21 3
21 17 3
17 22 4
22 17 4
17 23 5
23 17 5
17 24 6
24 17 6
17 25 7
25 17 7
17 26 8
26 17 8
17 27 9
27 17 9
17 28 10
28 17 10
17 29 11
29 17 11
18 19 0
19 18 0
18 20 1
20 18 1
18 21 2
21 18 2
18 22 3
22 18 3
18 23 4
23 18 4
18 24 5
24 18 5
18 25 6
25 18 6
18 26 7
26 18 7
18 27 8
27 18 8
18 28 9
28 18 9
18 29 10
29 18 10
19 20 0
20 19 0
19 21 1
21 19 1
19 22 2
22 19 2
19 23 3
23 19 3
19 24 4
24 19 4
19 25 5
25 19 5
19 26 6
26 19 6
19 27 7
27 19 7
19 28 8
28 19 8
19 29 9
29 19 9
20 21 0
21 20 0
20 22 1
22 20 1
20 23 2
23 20 2
20 24 3
24 20 3
20 25 4
25 20 4
20 26 5
26 20 5
20 27 6
27 20 6
20 28 7
28 20 7
20 29 8
29 20 8
21 22 0
22 21 0
21 23 1
23 21 1
21 24 2
24 21 2
21 25 3
25 21 3
21 26 4
26 21 4
21 27 5
27 21 5
21 28 6
28 21 6
21 29 7
29 21 7
22 23 0
23 22 0
22 24 1
24 22 1
22 25 2
25 22 2
22 26 3
26 22 3
22 27 4
27 22 4
22 28 5
28 22 5
22 29 6
29 22 6
23 24 0
24 23 0
23 25 1
25 23 1
23 26 2
26 23 2
23 27 3
27 23 3
23 28 4
28 23 4
23 29 5
29 23 5
24 25 0
25 24 0
24 26 1
26 24 1
24 27 2
27 24 2
24 28 3
28 24 3
24 29 4
29 24 4
25 26 0
26 25 0
25 27 1
27 25 1
25 28 2
28 25 2
25 29 3
29 25 3
26 27 0
27 26 0
26 28 1
28 26 1
26 29 2
29 26 2
27 28 0
28 27 0
27 29 1
29 27 1
28 29 0
29 28 0
0 28 28
28 0 28
0 27 55
27 0 55
0 26 81
26 0 81
0 25 106
25 0 106
0 24 130
24 0 130
0 23 153
23 0 153
0 22 175
22 0 175
0 21 196
21 0 196
0 20 216
20 0 216
0 19 235
19 0 235
0 18 253
18 0 253
0 17 270
17 0 270
0 16 286
16 0 286
0 15 301
15 0 301
0 14 315
14 0 315
0 13 328
13 0 328
0 12 340
12 0 340
0 11 351
11 0 351
0 10 361
10 0 361
0 9 370
9 0 370
0 8 378
8 0 378
0 7 385
7 0 385
0 6 391
6 0 391
0 5 396
5 0 396
0 4 400
4 0 400
0 3 403
3 0 403
0 2 405
2 0 405
0 1 406
1 0 406
0 29 0
29 0 0