320 275 212
320 276 415
320 277 21
320 278 47
320 279 721
320 280 376
320 281 913
320 282 215
320 283 553
320 284 724
320 285 475
320 286 973
320 287 403
320 288 958
320 289 976
320 290 159
320 291 769
320 292 116
320 293 772
320 294 225
320 295 150
320 296 68
320 297 479
320 298 866
320 299 325
320 300 679
320 301 449
320 302 400
320 303 448
320 304 734
320 305 365
320 306 863
320 307 570
320 308 381
320 309 167
320 310 196
320 311 701
320 312 505
320 313 346
320 314 699
320 315 906
320 316 293
320 317 649
320 318 661
320 319 946
320 320 435
321 1 528
321 2 775
321 3 988
321 4 882
321 5 111
321 6 700
321 7 676
321 8 229
321 9 624
321 10 690
321 11 895
321 12 453
321 13 248
321 14 137
321 15 63
321 16 44
321 17 0
321 18 201
321 19 748
321 20 569
321 21 325
321 22 863
321 23 618
321 24 926
321 25 499
321 26 248
321 27 33
321 28 451
321 29 612
321 30 218
321 31 951
321 32 584
321 33 679
321 34 920
321 35 505
321 36 632
321 37 705
321 38 648
321 39 155
321 40 444
321 41 596
321 42 608
321 43 871
321 44 729
321 45 555
321 46 945
321 47 531
321 48 187
321 49 335
321 50 741
321 51 192
321 52 533
321 53 849
321 54 698
321 55 778
321 56 908
321 57 347
321 58 984
321 59 790
321 60 821
321 61 970
321 62 805
321 63 48
321 64 400
321 65 171
321 66 196
321 67 508
321 68 421
321 69 192
321 70 694
321 71 399
321 72 479
321 73 921
321 74 784
321 75 164
321 76 824
321 77 636
321 78 890
321 79 342
321 80 37
321 81 351
321 82 158
321 83 60
321 84 968
321 85 125
321 86 689
321 87 646
321 88 530
321 89 955
321 90 307
321 91 192
321 92 89
321 93 700
321 94 534
321 95 851
321 96 992
321 97 152
321 98 951
321 99 954
321 100 613
321 101 497
321 102 668
321 103 368
321 104 290
321 105 451
321 106 233
321 107 144
321 108 486
321 109 488
321 110 259
321 111 246
321 112 439
321 113 229
321 114 456
321 115 793
321 116 782
321 117 981
321 118 414
321 119 565
321 120 6
321 121 909
321 122 740
321 123 457
321 124 24
321 125 420
321 126 957
321 127 793
321 128 492
321 129 359
321 130 254
321 131 464
321 132 239
321 133 883
321 134 841
321 135 839
321 136 343
321 137 517
321 138 578
321 139 80
321 140 386
321 141 260
321 142 426
321 143 131
321 144 347
321 145 560
321 146 465
321 147 182
321 148 481
321 149 458
321 150 914
321 151 521
321 152 127
321 153 486
321 154 932
321 155 709
321 156 108
321 157 573
321 158 123
321 159 512
321 160 520
321 161 431
321 162 206
321 163 327
321 164 675
321 165 999
321 166 586
321 167 212
321 168 388
321 169 139
321 170 674
321 171 790
321 172 635
321 173 145
321 174 708
321 175 24
321 176 279
321 177 105
321 178 731
321 179 105
321 180 967
321 181 257
321 182 94
321 183 529
321 184 610
321 185 137
321 186 656
321 187 464
321 188 693
321 189 345
321 190 846
321 191 376
321 192 720
321 193 355
321 194 596
321 195 29
321 196 275
321 197 977
321 198 630
321 199 42
321 200 783
321 201 999
321 202 390
321 203 215
321 204 446
321 205 0
321 206 826
321 207 486
321 208 391
321 209 425
321 210 950
321 211 232
321 212 239
321 213 948
321 214 181
321 215 549
321 216 68
321 217 425
321 218 866
321 219 636
321 220 918
321 221 532
321 222 1
321 223 868
321 224 202
321 225 477
321 226 758
321 227 83
321 228 204
321 229 934
321 230 957
321 231 620
321 232 619
321 233 841
321 234 119
321 235 132
321 236 4
321 237 547
321 238 391
321 239 8
321 240 44
321 241 975
321 242 239
321 243 28
321 244 372
321 245 715
321 246 816
321 247 185
321 248 115
321 249 182
321 250 334
321 251 742
321 252 205
321 253 269
321 254 95
321 255 416
321 256 41
321 257 789
321 258 589
321 259 49
321 260 441
321 261 990
321 262 840
321 263 232
321 264 972
321 265 912
321 266 403
321 267 324
321 268 483
321 269 94
321 270 1
321 271 700
321 272 530
321 273 322
321 274 238
321 275 498
321 276 318
321 277 514
321 278 408
321 279 691
321 280 225
321 281 632
321 282 848
321 283 579
321 284 1000
321 285 958
321 286 472
321 287 525
321 288 475
321 289 398
321 290 998
321 291 393
321 292 697
321 293 112
321 294 234
321 295 511
321 296 346
321 297 978
321 298 951
321 299 191
321 300 761
321 301 249
321 302 955
321 303 352
321 304 157
321 305 456
321 306 123
321 307 298
321 308 925
321 309 491
321 310 107
321 311 887
321 312 289
321 313 731
321 314 784
321 315 785
321 316 410
321 317 996
321 318 367
321 319 284
321 320 442
321 321 367
322 1 937
322 2 647
322 3 382
322 4 726
322 5 671
322 6 234
322 7 482
322 8 889
322 9 512
322 10 363
322 11 410
322 12 122
322 13 797
322 14 851
322 15 132
322 16 627
322 17 393
322 18 289
322 19 367
322 20 800
322 21 901
322 22 675
322 23 492
322 24 794
322 25 760
322 26 204
322 27 958
322 28 294
322 29 237
322 30 148
322 31 776
322 32 881
322 33 390
322 34 986
322 35 376
322 36 756
322 37 231
322 38 432
322 39 587
322 40 312
322 41 79
322 42 93
322 43 349
322 44 948
322 45 521
322 46 977
322 47 969
322 48 363
322 49 507
322 50 9
322 51 230
322 52 281
322 53 318
322 54 858
322 55 509
322 56 232
322 57 247
322 58 5
322 59 702
322 60 99
322 61 893
322 62 351
322 63 798
322 64 895
322 65 355
322 66 572
322 67 484
322 68 953
322 69 109
322 70 706
322 71 731
322 72 502
322 73 616
322 74 773
322 75 716
322 76 571
322 77 414
322 78 882
322 79 33
322 80 7
322 81 203
322 82 572
322 83 600
322 84 140
322 85 681
322 86 842
322 87 58
322 88 884
322 89 674
322 90 141
322 91 96
322 92 831
322 93 368
322 94 144
322 95 303
322 96 113
322 97 834
322 98 235
322 99 493
322 100 271
322 101 94
322 102 569
322 103 419
322 104 975
322 105 579
322 106 402
322 107 489
322 108 70
322 109 985
322 110 70
322 111 467
322 112 147
322 113 938
322 114 851
322 115 623
322 116 872
322 117 309
322 118 163
322 119 373
322 120 553
322 121 235
322 122 185
322 123 271
322 124 484
322 125 403
322 126 660
322 127 564
322 128 502
322 129 519
322 130 853
322 131 275
322 132 104
322 133 634
322 134 491
322 135 40
322 136 466
322 137 894
322 138 518
322 139 238
322 140 342
322 141 414
322 142 602
322 143 659
322 144 88
322 145 821
322 146 951
322 147 384
322 148 938
322 149 54
322 150 578
322 151 451
322 152 906
322 153 175
322 154 397
322 155 941
322 156 137
322 157 601
322 158 21
322 159 270
322 160 414
322 161 700
322 162 725
322 163 448
322 164 213
322 165 676
322 166 622
322 167 418
322 168 529
322 169 899
322 170 170
322 171 869
322 172 658
322 173 847
322 174 26
322 175 172
322 176 907
322 177 942
322 178 520
322 179 876
322 180 799
322 181 79
322 182 916
322 183 847
322 184 564
322 185 575
322 186 162
322 187 944
322 188 234
322 189 794
322 190 831
322 191 498
322 192 682
322 193 259
322 194 713
322 195 598
322 196 377
322 197 463
322 198 692
322 199 110
322 200 325
322 201 492
322 202 739
322 203 836
322 204 370
322 205 913
322 206 118
322 207 10
322 208 36
322 209 812
322 210 87
322 211 384
322 212 172
322 213 629
322 214 749
322 215 705
322 216 273
322 217 113
322 218 525
322 219 617
322 220 659
322 221 610
322 222 209
322 223 714
322 224 662
322 225 797
322 226 713
322 227 109
322 228 529
322 229 902
322 230 957
322 231 721
322 232 649
322 233 609
322 234 597
322 235 5
322 236 151
322 237 157
322 238 996
322 239 699
322 240 100
322 241 832
322 242 416
322 243 419
322 244 987
322 245 313
322 246 523
322 247 482
322 248 971
322 249 399
322 250 354
322 251 387
322 252 936
322 253 901
322 254 240
322 255 312
322 256 568
322 257 761
322 258 757
322 259 385
322 260 934
322 261 148
322 262 711
322 263 545
322 264 339
322 265 991
322 266 513
322 267 643
322 268 350
322 269 162
322 270 920
322 271 268
322 272 883
322 273 791
322 274 418
322 275 858
322 276 875
322 277 936
322 278 985
322 279 821
322 280 121
322 281 700
322 282 343
322 283 812
322 284 733
322 285 294
322 286 753
322 287 638
322 288 903
322 289 921
322 290 365
322 291 504
322 292 838
322 293 138
322 294 537
322 295 30
322 296 233
322 297 168
322 298 212
322 299 156
322 300 173
322 301 141
322 302 567
322 303 743
322 304 557
322 305 435
322 306 796
322 307 79
322 308 697
322 309 724
322 310 727
322 311 657
322 312 77
322 313 474
322 314 407
322 315 590
322 316 440
322 317 31
322 318 169
322 319 365
322 320 627
322 321 112
322 322 135
323 1 137
323 2 355
323 3 213
323 4 745
323 5 384
323 6 275
323 7 420
323 8 698
323 9 35
323 10 441
323 11 564
323 12 298
323 13 42
323 14 649
323 15 389
323 16 303
323 17 332
323 18 597
323 19 740
323 20 181
323 21 263
323 22 980
323 23 898
323 24 200
323 25 55
323 26 771
323 27 531
323 28 645
323 29 484
323 30 784
323 31 366
323 32 643
323 33 146
323 34 353
323 35 377
323 36 955
323 37 115
323 38 515
323 39 780
323 40 290
323 41 885
323 42 940
323 43 604
323 44 162
323 45 420
323 46 485
323 47 348
323 48 173
323 49 165
323 50 473
323 51 618
323 52 471
323 53 730
323 54 107
323 55 946
323 56 443
323 57 402
323 58 999
323 59 891
323 60 748
323 61 431
323 62 786
323 63 27
323 64 401
323 65 730
323 66 147
323 67 49
323 68 873
323 69 898
323 70 547
323 71 109
323 72 641
323 73 987
323 74 400
323 75 817
323 76 888
323 77 329
323 78 625
323 79 41
323 80 282
323 81 242
323 82 897
323 83 485
323 84 798
323 85 626
323 86 618
323 87 22
323 88 555
323 89 380
323 90 539
323 91 906
323 92 282
323 93 258
323 94 855
323 95 70
323 96 595
323 97 942
323 98 406
323 99 492
323 100 660
323 101 245
323 102 404
323 103 938
323 104 230
323 105 390
323 106 482
323 107 251
323 108 446
323 109 917
323 110 441
323 111 98
323 112 989
323 113 359
323 114 674
323 115 579
323 116 417
323 117 132
323 118 74
323 119 409
323 120 546
323 121 221
323 122 522
323 123 372
323 124 141
323 125 944
323 126 253
323 127 728
323 128 340
323 129 702
323 130 935
323 131 581
323 132 446
323 133 428
323 134 27
323 135 806
323 136 388
323 137 805
323 138 689
323 139 156
323 140 797
323 141 151
323 142 626
323 143 586
323 144 114
323 145 947
323 146 795
323 147 48
323 148 39
323 149 3
323 150 522
323 151 331
323 152 843
323 153 25
323 154 19
323 155 152
323 156 176
323 157 820
323 158 735
323 159 399
323 160 703
323 161 5
323 162 597
323 163 952
323 164 166
323 165 13
323 166 789
323 167 578
323 168 395
323 169 141
323 170 578
323 171 897
323 172 372
323 173 474
323 174 430
323 175 899
323 176 167
323 177 231
323 178 360
323 179 243
323 180 989
323 181 174
323 182 336
323 183 288
323 184 650
323 185 246
323 186 231
323 187 45
323 188 407
323 189 694
323 190 640
323 191 909
323 192 981
323 193 494
323 194 24
323 195 968
323 196 336
323 197 639
323 198 956
323 199 899
323 200 965
323 201 248
323 202 696
323 203 655
323 204 162
323 205 942
323 206 798
323 207 178
323 208 164
323 209 150
323 210 712
323 211 561
323 212 967
323 213 160
323 214 345
323 215 385
323 216 0
323 217 37
323 218 982
323 219 293
323 220 824
323 221 640
323 222 528
323 223 930
323 224 157
323 225 33
323 226 991
323 227 482
323 228 100
323 229 978
323 230 367
323 231 341
323 232 82
323 233 846
323 234 856
323 235 98
323 236 528
323 237 663
323 238 28
323 239 268
323 240 947
323 241 879
323 242 802
323 243 809
323 244 411
323 245 882
323 246 548
323 247 52
323 248 878
323 249 82
323 250 487
323 251 507
323 252 711
323 253 892
323 254 763
323 255 567
323 256 809
323 257 467
323 258 330
323 259 13
323 260 918
323 261 669
323 262 707
323 263 630
323 264 413
323 265 181
323 266 21
323 267 359
323 268 26
323 269 126
323 270 98
323 271 366
323 272 65
323 273 396
323 274 972
323 275 195
323 276 270
323 277 821
323 278 464
323 279 31
323 280 185
323 281 422
323 282 464
323 283 823
323 284 869
323 285 576
323 286 317
323 287 688
323 288 261
323 289 774
323 290 635
323 291 923
323 292 618
323 293 363
323 294 451
323 295 55
323 296 418
323 297 79
323 298 949
323 299 855
323 300 940
323 301 366
323 302 172
323 303 728
323 304 813
323 305 785
323 306 614
323 307 53
323 308 933
323 309 398
323 310 815
323 311 318
323 312 715
323 313 63
323 314 660
323 315 423
323 316 45
323 317 197
323 318 622
323 319 907
323 320 345
323 321 19
323 322 128
323 323 751
324 1 186
324 2 23
324 3 947
324 4 324
324 5 139
324 6 121
324 7 651
324 8 882
324 9 861
324 10 370
324 11 524
324 12 387
324 13 853
324 14 343
324 15 462
324 16 583
324 17 360
324 18 622
324 19 437
324 20 106
324 21 81
324 22 793
324 23 832
324 24 2
324 25 351
324 26 530
324 27 840
324 28 84
324 29 556
324 30 58
324 31 569
324 32 790
324 33 487
324 34 138
324 35 670
324 36 934
324 37 341
324 38 726
324 39 163
324 40 534
324 41 469
324 42 831
324 43 244
324 44 625
324 45 467
324 46 810
324 47 663
324 48 197
324 49 73
324 50 969
324 51 837
324 52 323
324 53 775
324 54 917
324 55 34
324 56 524
324 57 656
324 58 181
324 59 599
324 60 647
324 61 39
324 62 156
324 63 565
324 64 459
324 65 921
324 66 774
324 67 158
324 68 931
324 69 467
324 70 957
324 71 529
324 72 265
324 73 801
324 74 259
324 75 725
324 76 717
324 77 335
324 78 267
324 79 819
324 80 206
324 81 271
324 82 832
324 83 178
324 84 573
324 85 82
324 86 84
324 87 832
324 88 599
324 89 819
324 90 352
324 91 184
324 92 972
324 93 396
324 94 646
324 95 714
324 96 762
324 97 707
324 98 568
324 99 843
324 100 44
324 101 532
324 102 843
324 103 747
324 104 47
324 105 740
324 106 782
324 107 733
324 108 657
324 109 722
324 110 492
324 111 932
324 112 137
324 113 914
324 114 128
324 115 166
324 116 61
324 117 523
324 118 313
324 119 887
324 120 413
324 121 151
324 122 609
324 123 145
324 124 686
324 125 416
324 126 281
324 127 650
324 128 783
324 129 128
324 130 926
324 131 402
324 132 322
324 133 25
324 134 967
324 135 977
324 136 865
324 137 861
324 138 950
324 139 322
324 140 44
324 141 482
324 142 553
324 143 687
324 144 113
324 145 734
324 146 195
324 147 71
324 148 4
324 149 369
324 150 355
324 151 885
324 152 579
324 153 83
324 154 42
324 155 138
324 156 534
324 157 943
324 158 485
324 159 407
324 160 24
324 161 841
324 162 335
324 163 285
324 164 727
324 165 577
324 166 129
324 167 582
324 168 849
324 169 363
324 170 476
324 171 596
324 172 39
324 173 842
324 174 901
324 175 713
324 176 398
324 177 689
324 178 640
324 179 650
324 180 794
324 181 446
324 182 395
324 183 407
324 184 780
324 185 207
324 186 256
324 187 780
324 188 11
324 189 504
324 190 30
324 191 314
324 192 92
324 193 335
324 194 624
324 195 364
324 196 792
324 197 775
324 198 902
324 199 447
324 200 258
324 201 278
324 202 962
324 203 404
324 204 649
324 205 436
324 206 950
324 207 66
324 208 945
324 209 451
324 210 168
324 211 192
324 212 980
324 213 102
324 214 721
324 215 829
324 216 826
324 217 916
324 218 521
324 219 884
324 220 460
324 221 730
324 222 761
324 223 242
324 224 458
324 225 586
324 226 79
324 227 430
324 228 948
324 229 776
324 230 967
324 231 189
324 232 281
324 233 247
324 234 913
324 235 585
324 236 255
324 237 752
324 238 748
324 239 19
324 240 508
324 241 716
324 242 642
324 243 362
324 244 646
324 245 199
324 246 696
324 247 162
324 248 963
324 249 541
324 250 370
324 251 16
324 252 921
324 253 233
324 254 778
324 255 823
324 256 817
324 257 628
324 258 651
324 259 421
324 260 934
324 261 575
324 262 37
324 263 972
324 264 475
324 265 369
324 266 393
324 267 576
324 268 800
324 269 945
324 270 718
324 271 676
324 272 803
324 273 159
324 274 523
324 275 768
324 276 6
324 277 865
324 278 145
324 279 810
324 280 442
324 281 801
324 282 722
324 283 194
324 284 350
324 285 325
324 286 567
324 287 539
324 288 550
324 289 264
324 290 968
324 291 287
324 292 735
324 293 839
324 294 797
324 295 438
324 296 13
324 297 291
324 298 318
324 299 272
324 300 445
324 301 772
324 302 393
324 303 619
324 304 556
324 305 815
324 306 647
324 307 516
324 308 964
324 309 112
324 310 593
324 311 161
324 312 654
324 313 674
324 314 64
324 315 173
324 316 542
324 317 178
324 318 850
324 319 972
324 320 285
324 321 434
324 322 958
324 323 562
324 324 71
325 1 192
325 2 626
325 3 765
325 4 263
325 5 797
325 6 678
325 7 838
325 8 680
325 9 969
325 10 931
325 11 491
325 12 738
325 13 971
325 14 9
325 15 951
325 16 349
325 17 128
325 18 452
325 19 44
325 20 582
325 21 144
325 22 807
325 23 1
325 24 174
325 25 441
325 26 615
325 27 413
325 28 801
325 29 506
325 30 330
325 31 300
325 32 640
325 33 298
325 34 371
325 35 352
325 36 975
325 37 159
325 38 578
325 39 52
325 40 835
325 41 598
325 42 9
325 43 839
325 44 765
325 45 866
325 46 338
325 47 156
325 48 921
325 49 888
325 50 938
325 51 166
325 52 361
325 53 896
325 54 697
325 55 545
325 56 737
325 57 690
325 58 600
325 59 248
325 60 946
325 61 965
325 62 991
325 63 824
325 64 337
325 65 579
325 66 118
325 67 213
325 68 256
325 69 995
325 70 854
325 71 395
325 72 348
325 73 528
325 74 541
325 75 780
325 76 212
325 77 780
325 78 702
325 79 296
325 80 951
325 81 794
325 82 719
325 83 595
325 84 696
325 85 697
325 86 260
325 87 35
325 88 757
325 89 279
325 90 21
325 91 52
325 92 507
325 93 354
325 94 413
325 95 122
325 96 738
325 97 404
325 98 466
325 99 39
325 100 703
325 101 956
325 102 268
325 103 565
325 104 584
325 105 544
325 106 791
325 107 35
325 108 1000
325 109 480
325 110 563
325 111 295
325 112 922
325 113 543
325 114 318
325 115 15
325 116 402
325 117 967
325 118 504
325 119 822
325 120 276
325 121 345
325 122 414
325 123 771
325 124 753
325 125 166
325 126 364
325 127 519
325 128 241
325 129 469
325 130 154
325 131 687
325 132 299
325 133 366
325 134 91
325 135 508
325 136 37
325 137 910
325 138 954
325 139 640
325 140 27
325 141 385
325 142 750
325 143 755
325 144 825
325 145 348
325 146 258
325 147 41
325 148 616
325 149 629
325 150 153
325 151 727
325 152 468
325 153 643
325 154 635
325 155 106
325 156 612
325 157 885
325 158 949
325 159 437
325 160 80
325 161 735
325 162 172
325 163 574
325 164 700
325 165 858
325 166 806
325 167 760
325 168 172
325 169 917
325 170 825
325 171 979
325 172 22
325 173 968
325 174 252
325 175 180
325 176 840
325 177 848
325 178 860
325 179 243
325 180 337
325 181 81
325 182 151
325 183 716
325 184 750
325 185 860
325 186 526
325 187 677
325 188 889
325 189 636
325 190 141
325 191 512
325 192 3
325 193 175
325 194 399
325 195 976
325 196 418
325 197 125
325 198 943
325 199 578
325 200 42
325 201 777
325 202 473
325 203 721
325 204 703
325 205 753
325 206 823
325 207 544
325 208 546
325 209 270
325 210 912
325 211 419
325 212 9
325 213 391
325 214 418
325 215 765
325 216 804
325 217 745
325 218 336
325 219 664
325 220 181
325 221 319
325 222 366
325 223 145
325 224 445
325 225 459
325 226 221
325 227 944
325 228 913
325 229 139
325 230 432
325 231 679
325 232 995
325 233 353
325 234 63
325 235 840
325 236 68
325 237 334
325 238 669
325 239 968
325 240 231
325 241 12
325 242 46
325 243 247
325 244 25
325 245 62
325 246 642
325 247 502
325 248 22
325 249 361
325 250 154
325 251 645
325 252 749
325 253 59
325 254 552
325 255 587
325 256 364
325 257 17
325 258 312
325 259 166
325 260 687
325 261 352
325 262 266
325 263 231
325 264 673
325 265 675
325 266 743
325 267 684
325 268 451
325 269 883
325 270 351
325 271 255
325 272 984
325 273 765
325 274 743
325 275 322
325 276 39
325 277 213
325 278 60
325 279 966
325 280 393
325 281 298
325 282 804
325 283 324
325 284 841
325 285 195
325 286 720
325 287 411
325 288 618
325 289 140
325 290 265
325 291 80
325 292 868
325 293 721
325 294 321
325 295 559
325 296 492
325 297 755
325 298 976
325 299 828
325 300 506
325 301 900
325 302 676
325 303 166
325 304 668
325 305 568
325 306 225
325 307 981
325 308 12
325 309 316
325 310 466
325 311 500
325 312 367
325 313 610
325 314 539
325 315 26
325 316 853
325 317 630
325 318 110
325 319 939
325 320 922
325 321 510
325 322 644
325 323 135
325 324 605
325 325 623
326 1 361
326 2 393
326 3 778
326 4 239
326 5 835
326 6 135
326 7 750
326 8 240
326 9 218
326 10 992
326 11 712
326 12 785
326 13 583
326 14 508
326 15 793
326 16 937
326 17 800
326 18 211
326 19 783
326 20 138
326 21 78
326 22 522
326 23 181
326 24 999
326 25 158
326 26 405
326 27 897
326 28 132
326 29 831
326 30 25
326 31 650
326 32 599
326 33 375
326 34 335
326 35 516
326 36 566
326 37 15
326 38 829
326 39 140
326 40 175
326 41 596
326 42 293
326 43 491
326 44 643
326 45 382
326 46 239
326 47 335
326 48 690
326 49 314
326 50 530
326 51 66
326 52 245
326 53 923
326 54 851
326 55 757
326 56 226
326 57 288
326 58 676
326 59 559
326 60 720
326 61 733
326 62 691
326 63 235
326 64 367
326 65 578
326 66 754
326 67 994
326 68 121
326 69 279
326 70 660
326 71 393
326 72 124
326 73 50
326 74 879
326 75 438
326 76 527
326 77 548
326 78 759
326 79 6
326 80 675
326 81 753
326 82 900
326 83 291
326 84 223
326 85 254
326 86 424
326 87 750
326 88 176
326 89 101
326 90 728
326 91 802
326 92 629
326 93 121
326 94 16
326 95 237
326 96 279
326 97 267
326 98 649
326 99 549
326 100 473
326 101 619
326 102 526
326 103 452
326 104 796
326 105 303
326 106 728
326 107 206
326 108 807
326 109 554
326 110 624
326 111 292
326 112 921
326 113 570
326 114 109
326 115 445
326 116 327
326 117 360
326 118 956
326 119 285
326 120 891
326 121 860
326 122 131
326 123 225
326 124 501
326 125 255
326 126 184
326 127 981
326 128 40
326 129 403
326 130 849
326 131 907
326 132 772
326 133 572
326 134 437
326 135 837
326 136 78
326 137 627
326 138 451
326 139 218
326 140 941
326 141 905
326 142 423
326 143 157
326 144 783
326 145 846
326 146 101
326 147 246
326 148 83
326 149 87
326 150 120
326 151 450
326 152 471
326 153 505
326 154 422
326 155 828
326 156 939
326 157 48
326 158 448
326 159 741
326 160 507
326 161 471
326 162 9
326 163 74
326 164 565
326 165 956
326 166 313
326 167 45
326 168 245
326 169 729
326 170 892
326 171 352
326 172 493
326 173 260
326 174 393
326 175 880
326 176 529
326 177 319
326 178 308
326 179 753
326 180 746
326 181 688
326 182 257
326 183 206
326 184 857
326 185 192
326 186 354
326 187 537
326 188 890
326 189 214
326 190 82
326 191 377
326 192 194
326 193 45
326 194 534
326 195 29
326 196 261
326 197 332
326 198 914
326 199 466
326 200 548
326 201 330
326 202 326
326 203 813
326 204 87
326 205 904
326 206 620
326 207 104
326 208 622
326 209 347
326 210 197
326 211 464
326 212 226
326 213 943
326 214 571
326 215 406
326 216 623
326 217 993
326 218 227
326 219 696
326 220 438
326 221 805
326 222 65
326 223 143
326 224 7
326 225 670
326 226 296
326 227 3
326 228 358
326 229 166
326 230 53
326 231 44
326 232 43
326 233 272
326 234 345
326 235 220
326 236 487
326 237 721
326 238 260
326 239 501
326 240 465
326 241 594
326 242 440
326 243 956
326 244 752
326 245 952
326 246 560
326 247 977
326 248 664
326 249 979
326 250 681
326 251 528
326 252 713
326 253 647
326 254 55
326 255 469
326 256 421
326 257 361
326 258 904
326 259 898
326 260 789
326 261 291
326 262 769
326 263 524
326 264 889
326 265 721
326 266 88
326 267 627
326 268 304
326 269 625
326 270 238
326 271 177
326 272 693
326 273 653
326 274 760
326 275 58
326 276 372
326 277 191
326 278 891
326 279 86
326 280 648
326 281 239
326 282 34
326 283 397
326 284 927
326 285 50
326 286 727
326 287 600
326 288 209
326 289 962
326 290 449
326 291 200
326 292 814
326 293 225
326 294 747
326 295 398
326 296 503
326 297 826
326 298 437
326 299 398
326 300 808
326 301 357
326 302 454
326 303 191
326 304 932
326 305 213
326 306 132
326 307 323
326 308 536
326 309 151
326 310 725
326 311 955
326 312 458
326 313 151
326 314 445
326 315 703
326 316 918
326 317 663
326 318 431
326 319 338
326 320 172
326 321 393
326 322 338
326 323 733
326 324 471
326 325 444
326 326 107
327 1 195
327 2 294
327 3 586
327 4 769
327 5 144
327 6 232
327 7 922
327 8 744
327 9 299
327 10 716
327 11 655
327 12 894
327 13 276
327 14 3
327 15 635
327 16 118
327 17 42
327 18 369
327 19 6
327 20 404
327 21 685
327 22 946
327 23 759
327 24 972
327 25 702
327 26 83
327 27 887
327 28 703
327 29 68
327 30 539
327 31 866
327 32 10
327 33 909
327 34 400
327 35 482
327 36 363
327 37 26
327 38 220
327 39 636
327 40 908
327 41 53
327 42 507
327 43 763
327 44 146
327 45 307
327 46 454
327 47 61
327 48 981
327 49 667
327 50 504
327 51 325
327 52 513
327 53 711
327 54 500
327 55 488
327 56 223
327 57 425
327 58 760
327 59 484
327 60 647
327 61 362
327 62 306
327 63 684
327 64 573
327 65 142
327 66 479
327 67 605
327 68 410
327 69 390
327 70 123
327 71 713
327 72 126
327 73 160
327 74 141
327 75 643
327 76 581
327 77 380
327 78 452
327 79 299
327 80 285
327 81 807
327 82 925
327 83 797
327 84 759
327 85 413
327 86 556
327 87 649
327 88 978
327 89 420
327 90 107
327 91 544
327 92 215
327 93 642
327 94 535
327 95 587
327 96 137
327 97 532
327 98 289
327 99 296
327 100 881
327 101 424
327 102 69
327 103 167
327 104 780
327 105 942
327 106 912
327 107 255
327 108 880
327 109 542
327 110 121
327 111 348
327 112 546
327 113 312
327 114 268
327 115 811
327 116 72
327 117 36
327 118 87
327 119 609
327 120 200
327 121 930
327 122 688
327 123 773
327 124 892
327 125 290
327 126 362
327 127 258
327 128 764
327 129 104
327 130 455
327 131 405
327 132 727
327 133 595
327 134 911
327 135 538
327 136 407
327 137 262
327 138 0
327 139 41
327 140 684
327 141 904
327 142 276
327 143 123
327 144 22
327 145 647
327 146 286
327 147 415
327 148 780
327 149 556
327 150 237
327 151 983
327 152 778
327 153 509
327 154 694
327 155 94
327 156 482
327 157 769
327 158 723
327 159 434
327 160 159
327 161 623
327 162 558
327 163 308
327 164 644
327 165 787
327 166 117
327 167 305
327 168 223
327 169 7
327 170 473
327 171 633
327 172 459
327 173 715
327 174 850
327 175 1
327 176 301
327 177 208
327 178 773
327 179 494
327 180 88
327 181 652
327 182 646
327 183 473
327 184 363
327 185 145
327 186 535
327 187 959
327 188 348
327 189 464
327 190 982
327 191 253
327 192 178
327 193 442
327 194 431
327 195 786
327 196 189
327 197 408
327 198 950
327 199 456
327 200 719
327 201 814
327 202 157
327 203 704
327 204 620
327 205 571
327 206 114
327 207 283
327 208 111
327 209 815
327 210 189
327 211 973
327 212 93
327 213 482
327 214 975
327 215 300
327 216 380
327 217 208
327 218 451
327 219 328
327 220 922
327 221 745
327 222 985
327 223 427
327 224 8
327 225 418
327 226 385
327 227 59
327 228 541
327 229 971
327 230 652
327 231 378
327 232 647
327 233 455
327 234 254
327 235 86
327 236 363
327 237 652
327 238 305
327 239 432
327 240 605
327 241 145
327 242 948
327 243 758
327 244 426
327 245 563
327 246 306
327 247 430
327 248 135
327 249 74
327 250 719
327 251 79
327 252 403
327 253 21
327 254 615
327 255 135
327 256 881
327 257 47
327 258 679
327 259 429
327 260 381
327 261 298
327 262 188
327 263 772
327 264 242
327 265 248
327 266 520
327 267 323
327 268 228
327 269 823
327 270 128
327 271 968
327 272 150
327 273 919
327 274 385
327 275 160
327 276 315
327 277 594
327 278 546
327 279 105
327 280 82
327 281 607
327 282 188
327 283 334
327 284 651
327 285 566
327 286 981
327 287 899
327 288 959
327 289 303
327 290 299
327 291 983
327 292 484
327 293 343
327 294 370
327 295 213
327 296 989
327 297 28
327 298 133
327 299 264
327 300 982
327 301 724
327 302 352
327 303 488
327 304 115
327 305 464
327 306 191
327 307 145
327 308 879
327 309 238
327 310 619
327 311 955
327 312 25
327 313 706
327 314 377
327 315 300
327 316 7
327 317 765
327 318 126
327 319 922
327 320 960
327 321 749
327 322 689
327 323 674
327 324 209
327 325 3
327 326 212
327 327 146
328 1 914
328 2 610
328 3 72
328 4 374
328 5 838
328 6 236
328 7 997
328 8 850
328 9 10
328 10 182
328 11 356
328 12 353
328 13 30
328 14 708
328 15 367
328 16 124
328 17 72
328 18 360
328 19 80
328 20 258
328 21 739
328 22 332
328 23 985
328 24 884
328 25 941
328 26 508
328 27 30
328 28 427
328 29 702
328 30 441
328 31 457
328 32 810
328 33 31
328 34 977
328 35 751
328 36 159
328 37 792
328 38 425
328 39 101
328 40 64
328 41 425
328 42 107
328 43 958
328 44 86
328 45 945
328 46 432
328 47 579
328 48 913
328 49 436
328 50 149
328 51 116
328 52 968
328 53 312
328 54 519
328 55 430
328 56 536
328 57 715
328 58 514
328 59 798
328 60 642
328 61 910
328 62 905
328 63 839
328 64 794
328 65 95
328 66 235
328 67 221
328 68 896
328 69 585
328 70 582
328 71 682
328 72 532
328 73 967
328 74 27
328 75 922
328 76 261
328 77 497
328 78 40
328 79 956
328 80 923
328 81 45
328 82 979
328 83 77
328 84 647
328 85 808
328 86 365
328 87 466
328 88 195
328 89 774
328 90 380
328 91 455
328 92 401
328 93 800
328 94 39
328 95 193
328 96 804
328 97 881
328 98 531
328 99 124
328 100 829
328 101 697
328 102 980
328 103 893
328 104 763
328 105 938
328 106 300
328 107 818
328 108 396
328 109 933
328 110 981
328 111 130
328 112 869
328 113 807
328 114 303
328 115 636
328 116 730
328 117 698
328 118 992
328 119 127
328 120 666
328 121 345
328 122 956
328 123 647
328 124 629
328 125 478
328 126 717
328 127 624
328 128 61
328 129 902
328 130 113
328 131 502
328 132 796
328 133 795
328 134 802
328 135 392
328 136 199
328 137 354
328 138 664
328 139 562
328 140 716
328 141 107
328 142 331
328 143 645
328 144 135
328 145 632
328 146 612
328 147 33
328 148 20
328 149 155
328 150 796
328 151 482
328 152 103
328 153 48
328 154 469
328 155 395
328 156 477
328 157 626
328 158 36
328 159 421
328 160 361
328 161 829
328 162 155
328 163 715
328 164 689
328 165 83
328 166 734
328 167 616
328 168 884
328 169 911
328 170 503
328 171 144
328 172 427
328 173 492
328 174 36
328 175 964
328 176 56
328 177 342
328 178 849
328 179 746
328 180 293
328 181 244
328 182 130
328 183 957
328 184 656
328 185 167
328 186 63
328 187 392
328 188 829
328 189 393
328 190 417
328 191 791
328 192 310
328 193 844
328 194 965
328 195 268
328 196 880
328 197 505
328 198 67
328 199 340
328 200 260
328 201 583
328 202 519
328 203 309
328 204 186
328 205 758
328 206 0
328 207 906
328 208 672
328 209 20
328 210 817
328 211 885
328 212 871
328 213 239
328 214 600
328 215 622
328 216 397
328 217 995
328 218 810
328 219 865
328 220 493
328 221 995
328 222 845
328 223 427
328 224 612
328 225 922
328 226 548
328 227 296
328 228 211
328 229 772
328 230 927
328 231 436
328 232 764
328 233 78
328 234 614
328 235 776
328 236 530
328 237 824
328 238 813
328 239 694
328 240 92
328 241 587
328 242 34
328 243 514
328 244 542
328 245 922
328 246 391
328 247 517
328 248 380
328 249 991
328 250 471
328 251 671
328 252 889
328 253 152
328 254 819
328 255 164
328 256 882
328 257 338
328 258 459
328 259 864
328 260 777
328 261 15
328 262 307
328 263 41
328 264 133
328 265 230
328 266 67
328 267 40
328 268 937
328 269 889
328 270 528
328 271 86
328 272 819
328 273 67
328 274 481
328 275 826
328 276 723
328 277 735
328 278 301
328 279 596
328 280 388
328 281 862
328 282 159
328 283 802
328 284 617
328 285 263
328 286 895
328 287 151
328 288 537
328 289 36
328 290 329
328 291 837
328 292 325
328 293 920
328 294 764
328 295 985
328 296 722
328 297 348
328 298 9
328 299 224
328 300 953
328 301 624
328 302 555
328 303 206
328 304 895
328 305 686
328 306 650
328 307 510
328 308 510
328 309 853
328 310 330
328 311 909
328 312 939
328 313 695
328 314 507
328 315 533
328 316 898
328 317 433
328 318 696
328 319 653
328 320 415
328 321 577
328 322 151
328 323 499
328 324 610
328 325 107
328 326 154
328 327 846
328 328 559
329 1 370
329 2 387
329 3 469
329 4 202
329 5 107
329 6 149
329 7 638
329 8 221
329 9 816
329 10 970
329 11 43
329 12 656
329 13 212
329 14 262
329 15 407
329 16 509
329 17 121
329 18 206
329 19 693
329 20 770
329 21 462
329 22 538
329 23 924
329 24 28
329 25 718
329 26 873
329 27 884
329 28 841
329 29 65
329 30 117
329 31 367
329 32 196
329 33 441
329 34 170
329 35 795
329 36 599
329 37 267
329 38 225
329 39 377
329 40 85
329 41 433
329 42 222
329 43 695
329 44 731
329 45 598
329 46 807
329 47 500
329 48 942
329 49 459
329 50 296
329 51 531
329 52 569
329 53 403
329 54 100
329 55 8
329 56 394
329 57 62
329 58 226
329 59 767
329 60 202
329 61 86
329 62 827
329 63 67
329 64 89
329 65 654
329 66 997
329 67 825
329 68 384
329 69 578
329 70 641
329 71 170
329 72 941
329 73 159
329 74 915
329 75 703
329 76 752
329 77 343
329 78 309
329 79 38
329 80 436
329 81 509
329 82 716
329 83 118
329 84 490
329 85 127
329 86 351
329 87 831
329 88 999
329 89 817
329 90 861
329 91 345
329 92 485
329 93 492
329 94 930
329 95 574
329 96 101
329 97 111
329 98 424
329 99 306
329 100 336
329 101 855
329 102 412
329 103 309
329 104 72
329 105 746
329 106 535
329 107 877
329 108 183
329 109 315
329 110 49
329 111 956
329 112 245
329 113 748
329 114 489
329 115 117
329 116 300
329 117 132
329 118 561
329 119 404
329 120 369
329 121 296
329 122 597
329 123 153
329 124 167
329 125 276
329 126 42
329 127 36
329 128 635
329 129 798
329 130 346
329 131 95
329 132 735
329 133 376
329 134 808
329 135 345
329 136 341
329 137 277
329 138 154
329 139 141
329 140 9
329 141 298
329 142 601
329 143 384
329 144 212
329 145 182
329 146 550
329 147 892
329 148 381
329 149 445
329 150 655
329 151 469
329 152 924
329 153 659
329 154 729
329 155 506
329 156 671
329 157 622
329 158 718
329 159 984
329 160 767
329 161 866
329 162 43
329 163 869
329 164 931
329 165 581
329 166 960
329 167 375
329 168 969
329 169 322
329 170 571
329 171 265
329 172 697
329 173 210
329 174 41
329 175 43
329 176 19
329 177 871
329 178 285
329 179 158
329 180 892
329 181 117
329 182 355
329 183 660
329 184 666
329 185 836
329 186 533
329 187 669
329 188 136
329 189 262
329 190 882
329 191 118
329 192 811
329 193 819
329 194 463
329 195 935
329 196 281
329 197 22
329 198 83
329 199 642
329 200 406
329 201 944
329 202 874
329 203 487
329 204 102
329 205 186
329 206 705
329 207 286
329 208 309
329 209 894
329 210 203
329 211 664
329 212 622
329 213 121
329 214 195
329 215 100
329 216 626
329 217 541
329 218 691
329 219 842
329 220 2
329 221 772
329 222 734
329 223 14
329 224 218
329 225 3
329 226 323
329 227 427
329 228 694
329 229 972
329 230 411
329 231 15
329 232 133
329 233 742
329 234 857
329 235 85
329 236 648
329 237 986
329 238 561
329 239 192
329 240 425
329 241 831
329 242 997
329 243 896
329 244 842
329 245 828
329 246 51
329 247 478
329 248 857
329 249 319
329 250 333
329 251 506
329 252 39
329 253 905
329 254 0
329 255 773
329 256 618
329 257 574
329 258 929
329 259 498
329 260 906
329 261 540
329 262 457
329 263 161
329 264 718
329 265 265
329 266 65
329 267 456
329 268 169
329 269 47
329 270 726
329 271 678
329 272 790
329 273 428
329 274 581
329 275 718
329 276 892
329 277 411
329 278 32
329 279 424
329 280 895
329 281 581
329 282 689
329 283 896
329 284 727
329 285 387
329 286 458
329 287 652
329 288 228
329 289 245
329 290 163
329 291 342
329 292 715
329 293 196
329 294 608
329 295 1
329 296 82
329 297 666
329 298 848
329 299 424
329 300 766
329 301 397
329 302 317
329 303 732
329 304 135
329 305 635
329 306 874
329 307 648
329 308 913
329 309 969
329 310 604
329 311 367
329 312 689
329 313 294
329 314 624
329 315 360
329 316 493
329 317 976
329 318 780
329 319 245
329 320 138
329 321 287
329 322 557
329 323 46
329 324 756
329 325 343
329 326 80
329 327 759
329 328 468
329 329 12
328 329 707
327 328 574
326 327 157
325 326 256
324 325 673
323 324 857
322 323 397
321 322 365
320 321 664
319 320 318
318 319 939
317 318 520
316 317 895
315 316 582
314 315 921
313 314 419
312 313 697
311 312 482
310 311 13
309 310 179
308 309 681
307 308 452
306 307 943
305 306 611
304 305 120
303 304 256
302 303 542
301 302 350
300 301 165
299 300 865
298 299 162
297 298 692
296 297 807
295 296 59
294 295 785
293 294 989
292 293 208
291 292 688
290 291 714
289 290 173
288 289 583
287 288 940
286 287 923
285 286 858
284 285 481
283 284 749
282 283 926
281 282 367
280 281 266
279 280 204
278 279 400
277 278 716
276 277 103
275 276 610
274 275 40
273 274 478
272 273 515
271 272 62
270 271 184
269 270 446
268 269 358
267 268 308
266 267 662
265 266 73
264 265 226
263 264 71
262 263 266
261 262 855
260 261 103
259 260 635
258 259 435
257 258 557
256 257 23
255 256 695
254 255 959
253 254 62
252 253 819
251 252 744
250 251 215
249 250 490
248 249 126
247 248 735
246 247 189
245 246 993
244 245 984
243 244 199
242 243 22
241 242 620
240 241 37
239 240 118
238 239 853
237 238 379
236 237 93
235 236 400
234 235 122
233 234 589
232 233 850
231 232 620
230 231 193
229 230 650
228 229 127
227 228 27
226 227 75
225 226 696
224 225 616
223 224 547
222 223 958
221 222 931
220 221 649
219 220 587
218 219 836
217 218 46
216 217 224
215 216 714
214 215 875
213 214 149
212 213 801
211 212 103
210 211 63
209 210 835
208 209 436
207 208 340
206 207 174
205 206 813
204 205 380
203 204 225
202 203 722
201 202 119
200 201 277
199 200 749
198 199 16
197 198 248
196 197 194
195 196 865
194 195 343
193 194 645
192 193 601
191 192 498
190 191 118
189 190 627
188 189 332
187 188 84
186 187 365
185 186 812
184 185 938
183 184 717
182 183 656
181 182 676
180 181 504
179 180 461
178 179 281
177 178 593
176 177 429
175 176 972
174 175 845
173 174 603
172 173 695
171 172 916
170 171 220
169 170 869
168 169 241
167 168 831
166 167 534
165 166 282
164 165 537
163 164 722
162 163 857
161 162 400
160 161 699
159 160 553
158 159 849
157 158 945
156 157 716
155 156 919
154 155 82
153 154 862
152 153 39
151 152 945
150 151 153
149 150 897
148 149 133
147 148 775
146 147 695
145 146 91
144 145 70
143 144 487
142 143 266
141 142 672
140 141 627
139 140 33
138 139 191
137 138 841
136 137 193
135 136 188
134 135 297
133 134 247
132 133 589
131 132 324
130 131 394
129 130 817
128 129 610
127 128 93
126 127 455
125 126 294
124 125 601
123 124 560
122 123 617
121 122 818
120 121 986
119 120 208
118 119 553
117 118 944
116 117 834
115 116 340
114 115 560
113 114 127
112 113 723
111 112 298
110 111 564
109 110 308
108 109 111
107 108 501
106 107 955
105 106 520
104 105 896
103 104 327
102 103 82
101 102 93
100 101 458
99 100 556
98 99 822
97 98 145
96 97 990
95 96 822
94 95 244
93 94 227
92 93 581
91 92 939
90 91 195
89 90 64
88 89 891
87 88 720
86 87 333
85 86 747
84 85 249
83 84 341
82 83 888
81 82 847
80 81 505
79 80 626
78 79 1
77 78 640
76 77 684
75 76 803
74 75 844
73 74 727
72 73 408
71 72 860
70 71 736
69 70 95
68 69 14
67 68 937
66 67 561
65 66 940
64 65 824
63 64 63
62 63 266
61 62 533
60 61 886
59 60 453
58 59 488
57 58 565
56 57 989
55 56 209
54 55 934
53 54 655
52 53 625
51 52 323
50 51 444
49 50 362
48 49 103
47 48 573
46 47 483
45 46 338
44 45 700
43 44 870
42 43 920
41 42 75
40 41 747
39 40 101
38 39 317
37 38 150
36 37 923
35 36 616
34 35 829
33 34 722
32 33 545
31 32 931
30 31 256
29 30 818
28 29 633
27 28 97
26 27 773
25 26 143
24 25 288
23 24 142
22 23 516
21 22 223
20 21 929
19 20 913
18 19 597
17 18 366
16 17 488
15 16 991
14 15 310
13 14 849
12 13 802
11 12 940
10 11 414
9 10 497
8 9 523
7 8 988
6 7 265
5 6 41
4 5 430
3 4 911
2 3 776
1 2 394
0 1 864