120 75 3
120 76 635
120 77 118
120 78 42
120 79 369
120 80 6
120 81 404
120 82 685
120 83 946
120 84 759
120 85 972
120 86 702
120 87 83
120 88 887
120 89 703
120 90 68
120 91 539
120 92 866
120 93 10
120 94 909
120 95 400
120 96 482
120 97 363
120 98 26
120 99 220
120 100 636
120 101 908
120 102 53
120 103 507
120 104 763
120 105 146
120 106 307
120 107 454
120 108 61
120 109 981
120 110 667
120 111 504
120 112 325
120 113 513
120 114 711
120 115 500
120 116 488
120 117 223
120 118 425
120 119 760
120 120 484
121 1 647
121 2 362
121 3 306
121 4 684
121 5 573
121 6 142
121 7 479
121 8 605
121 9 410
121 10 390
121 11 123
121 12 713
121 13 126
121 14 160
121 15 141
121 16 643
121 17 581
121 18 380
121 19 452
121 20 299
121 21 285
121 22 807
121 23 925
121 24 797
121 25 759
121 26 413
121 27 556
121 28 649
121 29 978
121 30 420
121 31 107
121 32 544
121 33 215
121 34 642
121 35 535
121 36 587
121 37 137
121 38 532
121 39 289
121 40 296
121 41 881
121 42 424
121 43 69
121 44 167
121 45 780
121 46 942
121 47 912
121 48 255
121 49 880
121 50 542
121 51 121
121 52 348
121 53 546
121 54 312
121 55 268
121 56 811
121 57 72
121 58 36
121 59 87
121 60 609
121 61 200
121 62 930
121 63 688
121 64 773
121 65 892
121 66 290
121 67 362
121 68 258
121 69 764
121 70 104
121 71 455
121 72 405
121 73 727
121 74 595
121 75 911
121 76 538
121 77 407
121 78 262
121 79 0
121 80 41
121 81 684
121 82 904
121 83 276
121 84 123
121 85 22
121 86 647
121 87 286
121 88 415
121 89 780
121 90 556
121 91 237
121 92 983
121 93 778
121 94 509
121 95 694
121 96 94
121 97 482
121 98 769
121 99 723
121 100 434
121 101 159
121 102 623
121 103 558
121 104 308
121 105 644
121 106 787
121 107 117
121 108 305
121 109 223
121 110 7
121 111 473
121 112 633
121 113 459
121 114 715
121 115 850
121 116 1
121 117 301
121 118 208
121 119 773
121 120 494
121 121 88
122 1 652
122 2 646
122 3 473
122 4 363
122 5 145
122 6 535
122 7 959
122 8 348
122 9 464
122 10 982
122 11 253
122 12 178
122 13 442
122 14 431
122 15 786
122 16 189
122 17 408
122 18 950
122 19 456
122 20 719
122 21 814
122 22 157
122 23 704
122 24 620
122 25 571
122 26 114
122 27 283
122 28 111
122 29 815
122 30 189
122 31 973
122 32 93
122 33 482
122 34 975
122 35 300
122 36 380
122 37 208
122 38 451
122 39 328
122 40 922
122 41 745
122 42 985
122 43 427
122 44 8
122 45 418
122 46 385
122 47 59
122 48 541
122 49 971
122 50 652
122 51 378
122 52 647
122 53 455
122 54 254
122 55 86
122 56 363
122 57 652
122 58 305
122 59 432
122 60 605
122 61 145
122 62 948
122 63 758
122 64 426
122 65 563
122 66 306
122 67 430
122 68 135
122 69 74
122 70 719
122 71 79
122 72 403
122 73 21
122 74 615
122 75 135
122 76 881
122 77 47
122 78 679
122 79 429
122 80 381
122 81 298
122 82 188
122 83 772
122 84 242
122 85 248
122 86 520
122 87 323
122 88 228
122 89 823
122 90 128
122 91 968
122 92 150
122 93 919
122 94 385
122 95 160
122 96 315
122 97 594
122 98 546
122 99 105
122 100 82
122 101 607
122 102 188
122 103 334
122 104 651
122 105 566
122 106 981
122 107 899
122 108 959
122 109 303
122 110 299
122 111 983
122 112 484
122 113 343
122 114 370
122 115 213
122 116 989
122 117 28
122 118 133
122 119 264
122 120 982
122 121 724
122 122 352
123 1 488
123 2 115
123 3 464
123 4 191
123 5 145
123 6 879
123 7 238
123 8 619
123 9 955
123 10 25
123 11 706
123 12 377
123 13 300
123 14 7
123 15 765
123 16 126
123 17 922
123 18 960
123 19 749
123 20 689
123 21 674
123 22 209
123 23 3
123 24 212
123 25 146
123 26 914
123 27 610
123 28 72
123 29 374
123 30 838
123 31 236
123 32 997
123 33 850
123 34 10
123 35 182
123 36 356
123 37 353
123 38 30
123 39 708
123 40 367
123 41 124
123 42 72
123 43 360
123 44 80
123 45 258
123 46 739
123 47 332
123 48 985
123 49 884
123 50 941
123 51 508
123 52 30
123 53 427
123 54 702
123 55 441
123 56 457
123 57 810
123 58 31
123 59 977
123 60 751
123 61 159
123 62 792
123 63 425
123 64 101
123 65 64
123 66 425
123 67 107
123 68 958
123 69 86
123 70 945
123 71 432
123 72 579
123 73 913
123 74 436
123 75 149
123 76 116
123 77 968
123 78 312
123 79 519
123 80 430
123 81 536
123 82 715
123 83 514
123 84 798
123 85 642
123 86 910
123 87 905
123 88 839
123 89 794
123 90 95
123 91 235
123 92 221
123 93 896
123 94 585
123 95 582
123 96 682
123 97 532
123 98 967
123 99 27
123 100 922
123 101 261
123 102 497
123 103 40
123 104 956
123 105 923
123 106 45
123 107 979
123 108 77
123 109 647
123 110 808
123 111 365
123 112 466
123 113 195
123 114 774
123 115 380
123 116 455
123 117 401
123 118 800
123 119 39
123 120 193
123 121 804
123 122 881
123 123 531
124 1 124
124 2 829
124 3 697
124 4 980
124 5 893
124 6 763
124 7 938
124 8 300
124 9 818
124 10 396
124 11 933
124 12 981
124 13 130
124 14 869
124 15 807
124 16 303
124 17 636
124 18 730
124 19 698
124 20 992
124 21 127
124 22 666
124 23 345
124 24 956
124 25 647
124 26 629
124 27 478
124 28 717
124 29 624
124 30 61
124 31 902
124 32 113
124 33 502
124 34 796
124 35 795
124 36 802
124 37 392
124 38 199
124 39 354
124 40 664
124 41 562
124 42 716
124 43 107
124 44 331
124 45 645
124 46 135
124 47 632
124 48 612
124 49 33
124 50 20
124 51 155
124 52 796
124 53 482
124 54 103
124 55 48
124 56 469
124 57 395
124 58 477
124 59 626
124 60 36
124 61 421
124 62 361
124 63 829
124 64 155
124 65 715
124 66 689
124 67 83
124 68 734
124 69 616
124 70 884
124 71 911
124 72 503
124 73 144
124 74 427
124 75 492
124 76 36
124 77 964
124 78 56
124 79 342
124 80 849
124 81 746
124 82 293
124 83 244
124 84 130
124 85 957
124 86 656
124 87 167
124 88 63
124 89 392
124 90 829
124 91 393
124 92 417
124 93 791
124 94 310
124 95 844
124 96 965
124 97 268
124 98 880
124 99 505
124 100 67
124 101 340
124 102 260
124 103 583
124 104 519
124 105 309
124 106 186
124 107 758
124 108 0
124 109 906
124 110 672
124 111 20
124 112 817
124 113 885
124 114 871
124 115 239
124 116 600
124 117 622
124 118 397
124 119 995
124 120 810
124 121 865
124 122 493
124 123 995
124 124 845
125 1 427
125 2 612
125 3 922
125 4 548
125 5 296
125 6 211
125 7 772
125 8 927
125 9 436
125 10 764
125 11 78
125 12 614
125 13 776
125 14 530
125 15 824
125 16 813
125 17 694
125 18 92
125 19 587
125 20 34
125 21 514
125 22 542
125 23 922
125 24 391
125 25 517
125 26 380
125 27 991
125 28 471
125 29 671
125 30 889
125 31 152
125 32 819
125 33 164
125 34 882
125 35 338
125 36 459
125 37 864
125 38 777
125 39 15
125 40 307
125 41 41
125 42 133
125 43 230
125 44 67
125 45 40
125 46 937
125 47 889
125 48 528
125 49 86
125 50 819
125 51 67
125 52 481
125 53 826
125 54 723
125 55 735
125 56 301
125 57 596
125 58 388
125 59 862
125 60 159
125 61 802
125 62 617
125 63 263
125 64 895
125 65 151
125 66 537
125 67 36
125 68 329
125 69 837
125 70 325
125 71 920
125 72 764
125 73 985
125 74 722
125 75 348
125 76 9
125 77 224
125 78 953
125 79 624
125 80 555
125 81 206
125 82 895
125 83 686
125 84 650
125 85 510
125 86 510
125 87 853
125 88 330
125 89 909
125 90 939
125 91 695
125 92 507
125 93 533
125 94 898
125 95 433
125 96 696
125 97 653
125 98 415
125 99 577
125 100 151
125 101 499
125 102 610
125 103 107
125 104 154
125 105 846
125 106 559
125 107 370
125 108 387
125 109 469
125 110 202
125 111 107
125 112 149
125 113 638
125 114 221
125 115 816
125 116 970
125 117 43
125 118 656
125 119 212
125 120 262
125 121 407
125 122 509
125 123 121
125 124 206
125 125 693
126 1 770
126 2 462
126 3 538
126 4 924
126 5 28
126 6 718
126 7 873
126 8 884
126 9 841
126 10 65
126 11 117
126 12 367
126 13 196
126 14 441
126 15 170
126 16 795
126 17 599
126 18 267
126 19 225
126 20 377
126 21 85
126 22 433
126 23 222
126 24 695
126 25 731
126 26 598
126 27 807
126 28 500
126 29 942
126 30 459
126 31 296
126 32 531
126 33 569
126 34 403
126 35 100
126 36 8
126 37 394
126 38 62
126 39 226
126 40 767
126 41 202
126 42 86
126 43 827
126 44 67
126 45 89
126 46 654
126 47 997
126 48 825
126 49 384
126 50 578
126 51 641
126 52 170
126 53 941
126 54 159
126 55 915
126 56 703
126 57 752
126 58 343
126 59 309
126 60 38
126 61 436
126 62 509
126 63 716
126 64 118
126 65 490
126 66 127
126 67 351
126 68 831
126 69 999
126 70 817
126 71 861
126 72 345
126 73 485
126 74 492
126 75 930
126 76 574
126 77 101
126 78 111
126 79 424
126 80 306
126 81 336
126 82 855
126 83 412
126 84 309
126 85 72
126 86 746
126 87 535
126 88 877
126 89 183
126 90 315
126 91 49
126 92 956
126 93 245
126 94 748
126 95 489
126 96 117
126 97 300
126 98 132
126 99 561
126 100 404
126 101 369
126 102 296
126 103 597
126 104 153
126 105 167
126 106 276
126 107 42
126 108 36
126 109 635
126 110 798
126 111 346
126 112 95
126 113 735
126 114 376
126 115 808
126 116 345
126 117 341
126 118 277
126 119 154
126 120 141
126 121 9
126 122 298
126 123 601
126 124 384
126 125 212
126 126 182
127 1 550
127 2 892
127 3 381
127 4 445
127 5 655
127 6 469
127 7 924
127 8 659
127 9 729
127 10 506
127 11 671
127 12 622
127 13 718
127 14 984
127 15 767
127 16 866
127 17 43
127 18 869
127 19 931
127 20 581
127 21 960
127 22 375
127 23 969
127 24 322
127 25 571
127 26 265
127 27 697
127 28 210
127 29 41
127 30 43
127 31 19
127 32 871
127 33 285
127 34 158
127 35 892
127 36 117
127 37 355
127 38 660
127 39 666
127 40 836
127 41 533
127 42 669
127 43 136
127 44 262
127 45 882
127 46 118
127 47 811
127 48 819
127 49 463
127 50 935
127 51 281
127 52 22
127 53 83
127 54 642
127 55 406
127 56 944
127 57 874
127 58 487
127 59 102
127 60 186
127 61 705
127 62 286
127 63 309
127 64 894
127 65 203
127 66 664
127 67 622
127 68 121
127 69 195
127 70 100
127 71 626
127 72 541
127 73 691
127 74 842
127 75 2
127 76 772
127 77 734
127 78 14
127 79 218
127 80 3
127 81 323
127 82 427
127 83 694
127 84 972
127 85 411
127 86 15
127 87 133
127 88 742
127 89 857
127 90 85
127 91 648
127 92 986
127 93 561
127 94 192
127 95 425
127 96 831
127 97 997
127 98 896
127 99 842
127 100 828
127 101 51
127 102 478
127 103 857
127 104 319
127 105 333
127 106 506
127 107 39
127 108 905
127 109 0
127 110 773
127 111 618
127 112 574
127 113 929
127 114 498
127 115 906
127 116 540
127 117 457
127 118 161
127 119 718
127 120 265
127 121 65
127 122 456
127 123 169
127 124 47
127 125 726
127 126 678
127 127 790
128 1 428
128 2 581
128 3 718
128 4 892
128 5 411
128 6 32
128 7 424
128 8 895
128 9 581
128 10 689
128 11 896
128 12 727
128 13 387
128 14 458
128 15 652
128 16 228
128 17 245
128 18 163
128 19 342
128 20 715
128 21 196
128 22 608
128 23 1
128 24 82
128 25 666
128 26 848
128 27 424
128 28 766
128 29 397
128 30 317
128 31 732
128 32 135
128 33 635
128 34 874
128 35 648
128 36 913
128 37 969
128 38 604
128 39 367
128 40 689
128 41 294
128 42 624
128 43 360
128 44 493
128 45 976
128 46 780
128 47 245
128 48 138
128 49 287
128 50 557
128 51 46
128 52 756
128 53 343
128 54 80
128 55 759
128 56 468
128 57 12
128 58 707
128 59 574
128 60 157
128 61 256
128 62 673
128 63 857
128 64 397
128 65 365
128 66 664
128 67 318
128 68 939
128 69 520
128 70 895
128 71 582
128 72 921
128 73 419
128 74 697
128 75 482
128 76 13
128 77 179
128 78 681
128 79 452
128 80 943
128 81 611
128 82 120
128 83 256
128 84 542
128 85 350
128 86 165
128 87 865
128 88 162
128 89 692
128 90 807
128 91 59
128 92 785
128 93 989
128 94 208
128 95 688
128 96 714
128 97 173
128 98 583
128 99 940
128 100 923
128 101 858
128 102 481
128 103 749
128 104 926
128 105 367
128 106 266
128 107 204
128 108 400
128 109 716
128 110 103
128 111 610
128 112 40
128 113 478
128 114 515
128 115 62
128 116 184
128 117 446
128 118 358
128 119 308
128 120 662
128 121 73
128 122 226
128 123 71
128 124 266
128 125 855
128 126 103
128 127 635
128 128 435
129 1 557
129 2 23
129 3 695
129 4 959
129 5 62
129 6 819
129 7 744
129 8 215
129 9 490
129 10 126
129 11 735
129 12 189
129 13 993
129 14 984
129 15 199
129 16 22
129 17 620
129 18 37
129 19 118
129 20 853
129 21 379
129 22 93
129 23 400
129 24 122
129 25 589
129 26 850
129 27 620
129 28 193
129 29 650
129 30 127
129 31 27
129 32 75
129 33 696
129 34 616
129 35 547
129 36 958
129 37 931
129 38 649
129 39 587
129 40 836
129 41 46
129 42 224
129 43 714
129 44 875
129 45 149
129 46 801
129 47 103
129 48 63
129 49 835
129 50 436
129 51 340
129 52 174
129 53 813
129 54 380
129 55 225
129 56 722
129 57 119
129 58 277
129 59 749
129 60 16
129 61 248
129 62 194
129 63 865
129 64 343
129 65 645
129 66 601
129 67 498
129 68 118
129 69 627
129 70 332
129 71 84
129 72 365
129 73 812
129 74 938
129 75 717
129 76 656
129 77 676
129 78 504
129 79 461
129 80 281
129 81 593
129 82 429
129 83 972
129 84 845
129 85 603
129 86 695
129 87 916
129 88 220
129 89 869
129 90 241
129 91 831
129 92 534
129 93 282
129 94 537
129 95 722
129 96 857
129 97 400
129 98 699
129 99 553
129 100 849
129 101 945
129 102 716
129 103 919
129 104 82
129 105 862
129 106 39
129 107 945
129 108 153
129 109 897
129 110 133
129 111 775
129 112 695
129 113 91
129 114 70
129 115 487
129 116 266
129 117 672
129 118 627
129 119 33
129 120 191
129 121 841
129 122 193
129 123 188
129 124 297
129 125 247
129 126 589
129 127 324
129 128 394
129 129 817
128 129 610
127 128 93
126 127 455
125 126 294
124 125 601
123 124 560
122 123 617
121 122 818
120 121 986
119 120 208
118 119 553
117 118 944
116 117 834
115 116 340
114 115 560
113 114 127
112 113 723
111 112 298
110 111 564
109 110 308
108 109 111
107 108 501
106 107 955
105 106 520
104 105 896
103 104 327
102 103 82
101 102 93
100 101 458
99 100 556
98 99 822
97 98 145
96 97 990
95 96 822
94 95 244
93 94 227
92 93 581
91 92 939
90 91 195
89 90 64
88 89 891
87 88 720
86 87 333
85 86 747
84 85 249
83 84 341
82 83 888
81 82 847
80 81 505
79 80 626
78 79 1
77 78 640
76 77 684
75 76 803
74 75 844
73 74 727
72 73 408
71 72 860
70 71 736
69 70 95
68 69 14
67 68 937
66 67 561
65 66 940
64 65 824
63 64 63
62 63 266
61 62 533
60 61 886
59 60 453
58 59 488
57 58 565
56 57 989
55 56 209
54 55 934
53 54 655
52 53 625
51 52 323
50 51 444
49 50 362
48 49 103
47 48 573
46 47 483
45 46 338
44 45 700
43 44 870
42 43 920
41 42 75
40 41 747
39 40 101
38 39 317
37 38 150
36 37 923
35 36 616
34 35 829
33 34 722
32 33 545
31 32 931
30 31 256
29 30 818
28 29 633
27 28 97
26 27 773
25 26 143
24 25 288
23 24 142
22 23 516
21 22 223
20 21 929
19 20 913
18 19 597
17 18 366
16 17 488
15 16 991
14 15 310
13 14 849
12 13 802
11 12 940
10 11 414
9 10 497
8 9 523
7 8 988
6 7 265
5 6 41
4 5 430
3 4 911
2 3 776
1 2 394
0 1 864