570 525 502
570 526 434
570 527 745
570 528 551
570 529 328
570 530 431
570 531 660
570 532 924
570 533 534
570 534 262
570 535 407
570 536 180
570 537 256
570 538 157
570 539 101
570 540 189
570 541 766
570 542 932
570 543 308
570 544 2
570 545 582
570 546 930
570 547 162
570 548 955
570 549 717
570 550 64
570 551 258
570 552 219
570 553 766
570 554 658
570 555 737
570 556 754
570 557 983
570 558 847
570 559 455
570 560 390
570 561 439
570 562 695
570 563 157
570 564 165
570 565 401
570 566 775
570 567 423
570 568 506
570 569 766
570 570 629
571 1 192
571 2 953
571 3 889
571 4 682
571 5 15
571 6 614
571 7 782
571 8 394
571 9 942
571 10 923
571 11 646
571 12 910
571 13 742
571 14 766
571 15 922
571 16 824
571 17 651
571 18 882
571 19 751
571 20 697
571 21 739
571 22 233
571 23 922
571 24 890
571 25 491
571 26 190
571 27 372
571 28 428
571 29 17
571 30 810
571 31 789
571 32 119
571 33 373
571 34 354
571 35 841
571 36 986
571 37 342
571 38 984
571 39 633
571 40 607
571 41 460
571 42 674
571 43 559
571 44 896
571 45 464
571 46 194
571 47 912
571 48 878
571 49 771
571 50 556
571 51 658
571 52 32
571 53 989
571 54 936
571 55 202
571 56 838
571 57 561
571 58 597
571 59 239
571 60 414
571 61 911
571 62 176
571 63 337
571 64 162
571 65 621
571 66 818
571 67 30
571 68 5
571 69 264
571 70 43
571 71 694
571 72 710
571 73 833
571 74 292
571 75 417
571 76 75
571 77 607
571 78 624
571 79 580
571 80 892
571 81 204
571 82 509
571 83 175
571 84 116
571 85 649
571 86 536
571 87 842
571 88 973
571 89 948
571 90 378
571 91 259
571 92 183
571 93 725
571 94 797
571 95 881
571 96 838
571 97 954
571 98 999
571 99 671
571 100 232
571 101 273
571 102 694
571 103 792
571 104 7
571 105 426
571 106 664
571 107 342
571 108 81
571 109 740
571 110 274
571 111 762
571 112 47
571 113 268
571 114 941
571 115 163
571 116 818
571 117 797
571 118 276
571 119 549
571 120 431
571 121 775
571 122 989
571 123 34
571 124 403
571 125 237
571 126 339
571 127 653
571 128 32
571 129 365
571 130 570
571 131 397
571 132 950
571 133 793
571 134 281
571 135 980
571 136 105
571 137 787
571 138 408
571 139 818
571 140 361
571 141 248
571 142 706
571 143 686
571 144 632
571 145 118
571 146 650
571 147 194
571 148 328
571 149 257
571 150 647
571 151 148
571 152 506
571 153 812
571 154 513
571 155 97
571 156 647
571 157 204
571 158 331
571 159 764
571 160 832
571 161 359
571 162 672
571 163 939
571 164 176
571 165 41
571 166 893
571 167 142
571 168 836
571 169 267
571 170 989
571 171 282
571 172 128
571 173 682
571 174 495
571 175 752
571 176 501
571 177 848
571 178 118
571 179 190
571 180 140
571 181 924
571 182 668
571 183 214
571 184 709
571 185 697
571 186 758
571 187 263
571 188 146
571 189 1
571 190 8
571 191 21
571 192 382
571 193 517
571 194 361
571 195 964
571 196 290
571 197 752
571 198 373
571 199 989
571 200 796
571 201 870
571 202 414
571 203 619
571 204 156
571 205 93
571 206 710
571 207 579
571 208 247
571 209 314
571 210 930
571 211 401
571 212 559
571 213 585
571 214 715
571 215 575
571 216 331
571 217 936
571 218 541
571 219 380
571 220 917
571 221 387
571 222 810
571 223 746
571 224 96
571 225 254
571 226 566
571 227 900
571 228 747
571 229 35
571 230 981
571 231 518
571 232 641
571 233 82
571 234 133
571 235 523
571 236 432
571 237 870
571 238 747
571 239 381
571 240 875
571 241 141
571 242 104
571 243 552
571 244 172
571 245 909
571 246 744
571 247 513
571 248 456
571 249 880
571 250 734
571 251 484
571 252 117
571 253 82
571 254 443
571 255 498
571 256 956
571 257 102
571 258 840
571 259 206
571 260 118
571 261 676
571 262 795
571 263 622
571 264 66
571 265 726
571 266 78
571 267 104
571 268 814
571 269 138
571 270 574
571 271 760
571 272 970
571 273 20
571 274 142
571 275 599
571 276 83
571 277 664
571 278 481
571 279 173
571 280 888
571 281 608
571 282 895
571 283 159
571 284 44
571 285 639
571 286 33
571 287 1
571 288 59
571 289 316
571 290 301
571 291 7
571 292 377
571 293 93
571 294 947
571 295 813
571 296 43
571 297 41
571 298 434
571 299 69
571 300 897
571 301 386
571 302 210
571 303 949
571 304 561
571 305 316
571 306 648
571 307 465
571 308 955
571 309 952
571 310 225
571 311 300
571 312 848
571 313 728
571 314 666
571 315 783
571 316 61
571 317 69
571 318 472
571 319 778
571 320 339
571 321 273
571 322 839
571 323 600
571 324 33
571 325 400
571 326 309
571 327 312
571 328 817
571 329 751
571 330 289
571 331 750
571 332 834
571 333 484
571 334 119
571 335 676
571 336 109
571 337 917
571 338 917
571 339 161
571 340 490
571 341 163
571 342 38
571 343 544
571 344 980
571 345 318
571 346 450
571 347 406
571 348 296
571 349 183
571 350 441
571 351 691
571 352 447
571 353 695
571 354 940
571 355 933
571 356 532
571 357 669
571 358 10
571 359 183
571 360 664
571 361 234
571 362 32
571 363 618
571 364 965
571 365 181
571 366 101
571 367 794
571 368 70
571 369 898
571 370 509
571 371 912
571 372 841
571 373 187
571 374 159
571 375 346
571 376 639
571 377 24
571 378 385
571 379 236
571 380 339
571 381 232
571 382 698
571 383 67
571 384 317
571 385 451
571 386 981
571 387 449
571 388 434
571 389 38
571 390 354
571 391 174
571 392 790
571 393 661
571 394 599
571 395 935
571 396 837
571 397 428
571 398 311
571 399 378
571 400 560
571 401 480
571 402 309
571 403 615
571 404 739
571 405 600
571 406 993
571 407 854
571 408 785
571 409 915
571 410 997
571 411 941
571 412 731
571 413 404
571 414 991
571 415 939
571 416 441
571 417 844
571 418 690
571 419 408
571 420 157
571 421 496
571 422 689
571 423 295
571 424 650
571 425 445
571 426 642
571 427 0
571 428 567
571 429 410
571 430 995
571 431 496
571 432 289
571 433 237
571 434 789
571 435 655
571 436 779
571 437 712
571 438 660
571 439 800
571 440 390
571 441 422
571 442 658
571 443 388
571 444 354
571 445 88
571 446 39
571 447 65
571 448 290
571 449 718
571 450 526
571 451 720
571 452 459
571 453 428
571 454 821
571 455 788
571 456 908
571 457 887
571 458 782
571 459 851
571 460 302
571 461 631
571 462 202
571 463 2
571 464 936
571 465 756
571 466 350
571 467 761
571 468 734
571 469 488
571 470 557
571 471 23
571 472 438
571 473 80
571 474 212
571 475 285
571 476 628
571 477 414
571 478 567
571 479 963
571 480 687
571 481 710
571 482 531
571 483 736
571 484 89
571 485 675
571 486 134
571 487 502
571 488 69
571 489 208
571 490 580
571 491 202
571 492 12
571 493 376
571 494 451
571 495 898
571 496 976
571 497 811
571 498 478
571 499 913
571 500 423
571 501 503
571 502 33
571 503 136
571 504 564
571 505 339
571 506 616
571 507 716
571 508 974
571 509 398
571 510 835
571 511 202
571 512 186
571 513 922
571 514 838
571 515 529
571 516 746
571 517 470
571 518 104
571 519 21
571 520 253
571 521 691
571 522 293
571 523 719
571 524 964
571 525 807
571 526 636
571 527 485
571 528 381
571 529 23
571 530 658
571 531 331
571 532 473
571 533 921
571 534 227
571 535 900
571 536 190
571 537 167
571 538 794
571 539 279
571 540 352
571 541 259
571 542 925
571 543 735
571 544 762
571 545 901
571 546 478
571 547 755
571 548 781
571 549 873
571 550 643
571 551 484
571 552 321
571 553 525
571 554 355
571 555 290
571 556 239
571 557 616
571 558 969
571 559 993
571 560 431
571 561 603
571 562 8
571 563 825
571 564 655
571 565 435
571 566 191
571 567 376
571 568 857
571 569 573
571 570 516
571 571 608
572 1 660
572 2 474
572 3 235
572 4 393
572 5 740
572 6 262
572 7 213
572 8 390
572 9 786
572 10 645
572 11 84
572 12 317
572 13 102
572 14 125
572 15 983
572 16 16
572 17 387
572 18 574
572 19 27
572 20 584
572 21 851
572 22 721
572 23 450
572 24 171
572 25 710
572 26 849
572 27 925
572 28 264
572 29 476
572 30 169
572 31 169
572 32 455
572 33 168
572 34 700
572 35 113
572 36 856
572 37 943
572 38 251
572 39 62
572 40 758
572 41 295
572 42 631
572 43 557
572 44 104
572 45 94
572 46 910
572 47 308
572 48 796
572 49 513
572 50 117
572 51 557
572 52 319
572 53 212
572 54 742
572 55 337
572 56 109
572 57 4
572 58 105
572 59 15
572 60 409
572 61 460
572 62 960
572 63 175
572 64 558
572 65 267
572 66 472
572 67 585
572 68 685
572 69 902
572 70 383
572 71 248
572 72 203
572 73 867
572 74 463
572 75 345
572 76 771
572 77 347
572 78 95
572 79 1
572 80 147
572 81 992
572 82 0
572 83 345
572 84 694
572 85 684
572 86 571
572 87 127
572 88 539
572 89 285
572 90 308
572 91 174
572 92 615
572 93 303
572 94 861
572 95 691
572 96 58
572 97 431
572 98 98
572 99 738
572 100 652
572 101 402
572 102 243
572 103 491
572 104 670
572 105 395
572 106 717
572 107 879
572 108 537
572 109 822
572 110 972
572 111 15
572 112 98
572 113 134
572 114 463
572 115 820
572 116 571
572 117 89
572 118 108
572 119 598
572 120 373
572 121 419
572 122 446
572 123 869
572 124 437
572 125 362
572 126 857
572 127 703
572 128 177
572 129 452
572 130 483
572 131 934
572 132 738
572 133 779
572 134 366
572 135 255
572 136 126
572 137 656
572 138 985
572 139 130
572 140 953
572 141 798
572 142 420
572 143 338
572 144 197
572 145 942
572 146 737
572 147 636
572 148 330
572 149 317
572 150 446
572 151 31
572 152 673
572 153 111
572 154 833
572 155 881
572 156 723
572 157 725
572 158 267
572 159 347
572 160 212
572 161 15
572 162 710
572 163 176
572 164 894
572 165 973
572 166 274
572 167 509
572 168 623
572 169 135
572 170 413
572 171 527
572 172 271
572 173 482
572 174 901
572 175 496
572 176 202
572 177 263
572 178 724
572 179 394
572 180 859
572 181 109
572 182 273
572 183 7
572 184 857
572 185 164
572 186 199
572 187 529
572 188 761
572 189 582
572 190 863
572 191 625
572 192 479
572 193 434
572 194 790
572 195 636
572 196 522
572 197 292
572 198 789
572 199 795
572 200 646
572 201 53
572 202 458
572 203 658
572 204 989
572 205 395
572 206 26
572 207 460
572 208 148
572 209 376
572 210 86
572 211 313
572 212 793
572 213 924
572 214 268
572 215 662
572 216 820
572 217 242
572 218 276
572 219 650
572 220 664
572 221 455
572 222 97
572 223 305
572 224 205
572 225 946
572 226 397
572 227 546
572 228 671
572 229 583
572 230 732
572 231 339
572 232 727
572 233 132
572 234 560
572 235 531
572 236 592
572 237 430
572 238 256
572 239 783
572 240 10
572 241 895
572 242 997
572 243 327
572 244 463
572 245 218
572 246 535
572 247 893
572 248 253
572 249 147
572 250 738
572 251 606
572 252 91
572 253 794
572 254 217
572 255 247
572 256 668
572 257 303
572 258 22
572 259 927
572 260 399
572 261 417
572 262 652
572 263 260
572 264 340
572 265 355
572 266 60
572 267 462
572 268 847
572 269 144
572 270 76
572 271 725
572 272 42
572 273 429
572 274 592
572 275 264
572 276 798
572 277 591
572 278 479
572 279 637
572 280 276
572 281 97
572 282 286
572 283 108
572 284 69
572 285 181
572 286 635
572 287 606
572 288 840
572 289 830
572 290 781
572 291 868
572 292 158
572 293 994
572 294 652
572 295 884
572 296 147
572 297 892
572 298 785
572 299 691
572 300 615
572 301 723
572 302 146
572 303 231
572 304 13
572 305 249
572 306 643
572 307 955
572 308 665
572 309 508
572 310 977
572 311 163
572 312 530
572 313 798
572 314 745
572 315 970
572 316 595
572 317 842
572 318 695
572 319 124
572 320 640
572 321 243
572 322 166
572 323 385
572 324 812
572 325 575
572 326 719
572 327 263
572 328 599
572 329 754
572 330 266
572 331 841
572 332 476
572 333 88
572 334 603
572 335 823
572 336 699
572 337 727
572 338 881
572 339 30
572 340 43
572 341 532
572 342 251
572 343 506
572 344 103
572 345 100
572 346 948
572 347 662
572 348 375
572 349 698
572 350 87
572 351 586
572 352 481
572 353 768
572 354 306
572 355 39
572 356 859
572 357 183
572 358 959
572 359 433
572 360 549
572 361 869
572 362 938
572 363 452
572 364 142
572 365 161
572 366 964
572 367 119
572 368 216
572 369 758
572 370 271
572 371 439
572 372 586
572 373 897
572 374 152
572 375 599
572 376 159
572 377 358
572 378 501
572 379 616
572 380 850
572 381 192
572 382 539
572 383 158
572 384 677
572 385 644
572 386 294
572 387 78
572 388 451
572 389 146
572 390 36
572 391 404
572 392 387
572 393 755
572 394 743
572 395 666
572 396 434
572 397 714
572 398 533
572 399 302
572 400 205
572 401 196
572 402 861
572 403 830
572 404 925
572 405 368
572 406 77
572 407 742
572 408 699
572 409 327
572 410 329
572 411 520
572 412 118
572 413 149
572 414 693
572 415 756
572 416 379
572 417 648
572 418 864
572 419 529
572 420 147
572 421 289
572 422 496
572 423 18
572 424 877
572 425 245
572 426 900
572 427 943
572 428 419
572 429 139
572 430 881
572 431 235
572 432 90
572 433 669
572 434 636
572 435 627
572 436 379
572 437 508
572 438 846
572 439 127
572 440 629
572 441 90
572 442 686
572 443 898
572 444 304
572 445 731
572 446 918
572 447 680
572 448 959
572 449 737
572 450 755
572 451 336
572 452 401
572 453 296
572 454 664
572 455 855
572 456 282
572 457 618
572 458 93
572 459 483
572 460 464
572 461 242
572 462 146
572 463 7
572 464 845
572 465 217
572 466 698
572 467 530
572 468 220
572 469 451
572 470 202
572 471 998
572 472 35
572 473 659
572 474 718
572 475 210
572 476 807
572 477 787
572 478 353
572 479 359
572 480 29
572 481 807
572 482 617
572 483 645
572 484 655
572 485 482
572 486 819
572 487 688
572 488 268
572 489 934
572 490 656
572 491 885
572 492 404
572 493 615
572 494 441
572 495 635
572 496 654
572 497 532
572 498 590
572 499 563
572 500 199
572 501 618
572 502 133
572 503 525
572 504 102
572 505 879
572 506 946
572 507 196
572 508 93
572 509 503
572 510 223
572 511 203
572 512 538
572 513 217
572 514 561
572 515 848
572 516 908
572 517 71
572 518 416
572 519 387
572 520 612
572 521 97
572 522 246
572 523 238
572 524 206
572 525 33
572 526 171
572 527 669
572 528 767
572 529 477
572 530 689
572 531 518
572 532 124
572 533 411
572 534 548
572 535 99
572 536 89
572 537 400
572 538 208
572 539 479
572 540 215
572 541 425
572 542 589
572 543 779
572 544 528
572 545 454
572 546 631
572 547 312
572 548 35
572 549 671
572 550 155
572 551 582
572 552 554
572 553 729
572 554 726
572 555 790
572 556 128
572 557 562
572 558 393
572 559 739
572 560 753
572 561 399
572 562 883
572 563 853
572 564 352
572 565 52
572 566 524
572 567 385
572 568 334
572 569 997
572 570 451
572 571 271
572 572 70
573 1 756
573 2 181
573 3 810
573 4 779
573 5 199
573 6 549
573 7 751
573 8 917
573 9 267
573 10 432
573 11 147
573 12 471
573 13 937
573 14 939
573 15 891
573 16 732
573 17 141
573 18 872
573 19 529
573 20 97
573 21 667
573 22 930
573 23 604
573 24 977
573 25 116
573 26 384
573 27 179
573 28 67
573 29 401
573 30 565
573 31 292
573 32 223
573 33 289
573 34 992
573 35 602
573 36 551
573 37 361
573 38 278
573 39 501
573 40 358
573 41 102
573 42 193
573 43 724
573 44 691
573 45 281
573 46 751
573 47 652
573 48 664
573 49 963
573 50 236
573 51 453
573 52 902
573 53 680
573 54 324
573 55 467
573 56 178
573 57 685
573 58 225
573 59 972
573 60 326
573 61 515
573 62 42
573 63 551
573 64 496
573 65 148
573 66 130
573 67 428
573 68 3
573 69 691
573 70 591
573 71 758
573 72 212
573 73 843
573 74 146
573 75 915
573 76 4
573 77 225
573 78 754
573 79 613
573 80 810
573 81 285
573 82 887
573 83 707
573 84 872
573 85 632
573 86 716
573 87 737
573 88 919
573 89 83
573 90 277
573 91 759
573 92 834
573 93 773
573 94 129
573 95 694
573 96 491
573 97 674
573 98 550
573 99 359
573 100 17
573 101 602
573 102 891
573 103 203
573 104 186
573 105 975
573 106 997
573 107 416
573 108 679
573 109 863
573 110 919
573 111 139
573 112 80
573 113 209
573 114 277
573 115 630
573 116 752
573 117 148
573 118 310
573 119 807
573 120 507
573 121 264
573 122 233
573 123 896
573 124 133
573 125 140
573 126 231
573 127 974
573 128 604
573 129 188
573 130 930
573 131 162
573 132 302
573 133 284
573 134 202
573 135 902
573 136 885
573 137 981
573 138 543
573 139 625
573 140 944
573 141 949
573 142 964
573 143 589
573 144 913
573 145 790
573 146 131
573 147 726
573 148 400
573 149 891
573 150 602
573 151 835
573 152 93
573 153 319
573 154 747
573 155 955
573 156 843
573 157 97
573 158 807
573 159 42
573 160 20
573 161 240
573 162 577
573 163 922
573 164 98
573 165 610
573 166 836
573 167 750
573 168 978
573 169 338
573 170 525
573 171 596
573 172 675
573 173 875
573 174 17
573 175 518
573 176 93
573 177 643
573 178 809
573 179 997
573 180 82
573 181 743
573 182 91
573 183 692
573 184 968
573 185 225
573 186 383
573 187 493
573 188 938
573 189 873
573 190 424
573 191 920
573 192 561
573 193 316
573 194 448
573 195 572
573 196 737
573 197 629
573 198 272
573 199 781
573 200 163
573 201 342
573 202 60
573 203 913
573 204 117
573 205 936
573 206 884
573 207 55
573 208 394
573 209 713
573 210 894
573 211 716
573 212 957
573 213 760
573 214 689
573 215 868
573 216 321
573 217 833
573 218 429
573 219 498
573 220 705
573 221 294
573 222 513
573 223 256
573 224 82
573 225 469
573 226 570
573 227 867
573 228 167
573 229 851
573 230 618
573 231 201
573 232 979
573 233 196
573 234 44
573 235 21
573 236 748
573 237 322
573 238 416
573 239 864
573 240 362
573 241 206
573 242 524
573 243 279
573 244 399
573 245 300
573 246 215
573 247 926
573 248 508
573 249 553
573 250 90
573 251 821
573 252 726
573 253 255
573 254 619
573 255 366
573 256 614
573 257 185
573 258 708
573 259 209
573 260 491
573 261 457
573 262 944
573 263 915
573 264 117
573 265 610
573 266 727
573 267 721
573 268 549
573 269 177
573 270 563
573 271 262
573 272 778
573 273 864
573 274 147
573 275 249
573 276 329
573 277 149
573 278 648
573 279 638
573 280 345
573 281 613
573 282 243
573 283 466
573 284 964
573 285 380
573 286 906
573 287 950
573 288 886
573 289 601
573 290 549
573 291 247
573 292 985
573 293 261
573 294 216
573 295 246
573 296 302
573 297 390
573 298 377
573 299 242
573 300 400
573 301 439
573 302 524
573 303 147
573 304 643
573 305 885
573 306 886
573 307 787
573 308 581
573 309 440
573 310 335
573 311 592
573 312 322
573 313 452
573 314 626
573 315 177
573 316 686
573 317 999
573 318 845
573 319 614
573 320 638
573 321 465
573 322 724
573 323 27
573 324 935
573 325 218
573 326 495
573 327 594
573 328 899
573 329 701
573 330 294
573 331 712
573 332 394
573 333 853
573 334 168
573 335 950
573 336 674
573 337 538
573 338 491
573 339 756
573 340 779
573 341 44
573 342 944
573 343 164
573 344 743
573 345 803
573 346 845
573 347 867
573 348 822
573 349 699
573 350 352
573 351 908
573 352 742
573 353 760
573 354 488
573 355 670
573 356 670
573 357 241
573 358 788
573 359 663
573 360 830
573 361 1
573 362 429
573 363 969
573 364 903
573 365 936
573 366 774
573 367 494
573 368 497
573 369 275
573 370 349
573 371 184
573 372 374
573 373 965
573 374 40
573 375 367
573 376 583
573 377 41
573 378 997
573 379 114
573 380 519
573 381 531
573 382 24
573 383 558
573 384 249
573 385 633
573 386 784
573 387 445
573 388 376
573 389 113
573 390 486
573 391 78
573 392 588
573 393 255
573 394 7
573 395 524
573 396 811
573 397 350
573 398 374
573 399 1000
573 400 800
573 401 393
573 402 742
573 403 38
573 404 514
573 405 795
573 406 237
573 407 353
573 408 524
573 409 477
573 410 637
573 411 926
573 412 685
573 413 761
573 414 326
573 415 834
573 416 605
573 417 411
573 418 488
573 419 744
573 420 890
573 421 681
573 422 960
573 423 360
573 424 309
573 425 578
573 426 274
573 427 536
573 428 69
573 429 680
573 430 118
573 431 578
573 432 660
573 433 393
573 434 35
573 435 159
573 436 146
573 437 72
573 438 900
573 439 151
573 440 320
573 441 523
573 442 895
573 443 848
573 444 409
573 445 659
573 446 147
573 447 224
573 448 928
573 449 75
573 450 531
573 451 436
573 452 564
573 453 491
573 454 555
573 455 412
573 456 795
573 457 392
573 458 449
573 459 323
573 460 82
573 461 86
573 462 539
573 463 548
573 464 481
573 465 496
573 466 698
573 467 339
573 468 461
573 469 259
573 470 212
573 471 381
573 472 88
573 473 64
573 474 769
573 475 592
573 476 338
573 477 148
573 478 857
573 479 331
573 480 840
573 481 758
573 482 6
573 483 340
573 484 976
573 485 117
573 486 960
573 487 137
573 488 519
573 489 779
573 490 852
573 491 144
573 492 791
573 493 158
573 494 291
573 495 654
573 496 10
573 497 897
573 498 71
573 499 796
573 500 792
573 501 536
573 502 52
573 503 882
573 504 651
573 505 885
573 506 9
573 507 701
573 508 412
573 509 216
573 510 258
573 511 274
573 512 294
573 513 480
573 514 590
573 515 91
573 516 850
573 517 172
573 518 978
573 519 602
573 520 212
573 521 659
573 522 130
573 523 923
573 524 964
573 525 574
573 526 148
573 527 555
573 528 899
573 529 456
573 530 856
573 531 760
573 532 56
573 533 559
573 534 853
573 535 978
573 536 913
573 537 414
573 538 416
573 539 304
573 540 720
573 541 748
573 542 573
573 543 135
573 544 408
573 545 800
573 546 613
573 547 48
573 548 28
573 549 924
573 550 941
573 551 936
573 552 422
573 553 214
573 554 49
573 555 230
573 556 767
573 557 593
573 558 659
573 559 401
573 560 719
573 561 87
573 562 143
573 563 839
573 564 647
573 565 320
573 566 27
573 567 907
573 568 492
573 569 802
573 570 394
573 571 417
573 572 125
573 573 909
574 1 141
574 2 976
574 3 794
574 4 997
574 5 15
574 6 622
574 7 41
574 8 8
574 9 76
574 10 821
574 11 548
574 12 845
574 13 521
574 14 364
574 15 650
574 16 113
574 17 803
574 18 282
574 19 268
574 20 435
574 21 782
574 22 701
574 23 102
574 24 746
574 25 702
574 26 301
574 27 493
574 28 986
574 29 764
574 30 190
574 31 858
574 32 114
574 33 791
574 34 598
574 35 115
574 36 806
574 37 792
574 38 960
574 39 832
574 40 672
574 41 702
574 42 129
574 43 784
574 44 429
574 45 945
574 46 622
574 47 162
574 48 687
574 49 431
574 50 458
574 51 622
574 52 414
574 53 731
574 54 572
574 55 265
574 56 524
574 57 110
574 58 919
574 59 163
574 60 772
574 61 823
574 62 469
574 63 79
574 64 661
574 65 917
574 66 276
574 67 338
574 68 934
574 69 623
574 70 492
574 71 1000
574 72 497
574 73 280
574 74 764
574 75 672
574 76 323
574 77 141
574 78 994
574 79 347
574 80 62
574 81 731
574 82 193
574 83 633
574 84 846
574 85 948
574 86 641
574 87 938
574 88 648
574 89 339
574 90 317
574 91 429
574 92 87
574 93 514
574 94 138
574 95 953
574 96 663
574 97 663
574 98 661
574 99 32
574 100 618
574 101 918
574 102 446
574 103 55
574 104 2
574 105 927
574 106 232
574 107 881
574 108 932
574 109 963
574 110 642
574 111 600
574 112 417
574 113 517
574 114 605
574 115 626
574 116 154
574 117 673
574 118 508
574 119 183
574 120 814
574 121 188
574 122 326
574 123 201
574 124 393
574 125 942
574 126 891
574 127 213
574 128 756
574 129 361
574 130 279
574 131 544
574 132 608
574 133 14
574 134 176
574 135 786
574 136 25
574 137 716
574 138 118
574 139 800
574 140 442
574 141 596
574 142 89
574 143 363
574 144 878
574 145 371
574 146 756
574 147 511
574 148 842
574 149 402
574 150 241
574 151 841
574 152 985
574 153 317
574 154 891
574 155 851
574 156 171
574 157 950
574 158 938
574 159 622
574 160 21
574 161 16
574 162 672
574 163 690
574 164 9
574 165 274
574 166 831
574 167 624
574 168 369
574 169 677
574 170 988
574 171 928
574 172 177
574 173 632
574 174 189
574 175 917
574 176 962
574 177 221
574 178 894
574 179 845
574 180 1
574 181 965
574 182 812
574 183 262
574 184 876
574 185 105
574 186 611
574 187 206
574 188 18
574 189 70
574 190 707
574 191 469
574 192 263
574 193 991
574 194 198
574 195 747
574 196 808
574 197 53
574 198 539
574 199 666
574 200 928
574 201 467
574 202 308
574 203 443
574 204 265
574 205 349
574 206 939
574 207 487
574 208 663
574 209 846
574 210 856
574 211 518
574 212 933
574 213 796
574 214 544
574 215 921
574 216 774
574 217 529
574 218 611
574 219 827
574 220 143
574 221 521
574 222 171
574 223 526
574 224 271
574 225 221
574 226 441
574 227 193
574 228 240
574 229 863
574 230 578
574 231 775
574 232 834
574 233 690
574 234 305
574 235 513
574 236 916
574 237 712
574 238 410
574 239 592
574 240 405
574 241 389
574 242 617
574 243 653
574 244 873
574 245 357
574 246 339
574 247 934
574 248 717
574 249 828
574 250 960
574 251 303
574 252 838
574 253 486
574 254 142
574 255 450
574 256 308
574 257 484
574 258 347
574 259 406
574 260 623
574 261 204
574 262 875
574 263 853
574 264 957
574 265 751
574 266 826
574 267 490
574 268 23
574 269 136
574 270 259
574 271 704
574 272 657
574 273 513
574 274 304
574 275 986
574 276 849
574 277 375
574 278 366
574 279 682
574 280 359
574 281 151
574 282 612
574 283 13
574 284 296
574 285 521
574 286 901
574 287 641
574 288 614
574 289 137
574 290 677
574 291 779
574 292 918
574 293 796
574 294 727
574 295 461
574 296 254
574 297 456
574 298 709
574 299 68
574 300 828
574 301 523
574 302 54
574 303 874
574 304 779
574 305 46
574 306 878
574 307 214
574 308 758
574 309 248
574 310 600
574 311 161
574 312 780
574 313 913
574 314 78
574 315 743
574 316 264
574 317 405
574 318 677
574 319 353
574 320 996
574 321 422
574 322 282
574 323 690
574 324 461
574 325 405
574 326 763
574 327 248
574 328 764
574 329 984
574 330 10
574 331 83
574 332 915
574 333 844
574 334 920
574 335 11
574 336 545
574 337 88
574 338 876
574 339 129
574 340 105
574 341 505
574 342 538
574 343 546
574 344 394
574 345 217
574 346 397
574 347 517
574 348 390
574 349 171
574 350 421
574 351 63
574 352 204
574 353 867
574 354 926
574 355 808
574 356 471
574 357 739
574 358 21
574 359 759
574 360 725
574 361 814
574 362 876
574 363 888
574 364 817
574 365 306
574 366 792
574 367 536
574 368 253
574 369 762
574 370 172
574 371 697
574 372 595
574 373 853
574 374 902
574 375 131
574 376 573
574 377 776
574 378 249
574 379 160
574 380 966
574 381 722
574 382 904
574 383 947
574 384 427
574 385 739
574 386 840
574 387 884
574 388 238
574 389 185
574 390 27
574 391 557
574 392 256
574 393 564
574 394 190
574 395 148
574 396 807
574 397 308
574 398 818
574 399 226
574 400 154
574 401 255
574 402 207
574 403 365
574 404 536
574 405 874
574 406 908
574 407 726
574 408 168
574 409 59
574 410 949
574 411 959
574 412 714
574 413 482
574 414 441
574 415 413
574 416 274
574 417 288
574 418 511
574 419 252
574 420 539
574 421 127
574 422 423
574 423 538
574 424 370
574 425 771
574 426 914
574 427 15
574 428 448
574 429 983
574 430 131
574 431 925
574 432 187
574 433 844
574 434 100
574 435 315
574 436 83
574 437 244
574 438 31
574 439 392
574 440 488
574 441 827
574 442 723
574 443 236
574 444 52
574 445 533
574 446 173
574 447 383
574 448 433
574 449 125
574 450 725
574 451 459
574 452 910
574 453 501
574 454 545
574 455 827
574 456 932
574 457 320
574 458 973
574 459 259
574 460 230
574 461 596
574 462 287
574 463 428
574 464 397
574 465 804
574 466 57
574 467 611
574 468 265
574 469 143
574 470 529
574 471 708
574 472 909
574 473 869
574 474 254
574 475 725
574 476 802
574 477 49
574 478 294
574 479 669
574 480 560
574 481 324
574 482 320
574 483 677
574 484 999
574 485 891
574 486 78
574 487 275
574 488 865
574 489 653
574 490 8
574 491 855
574 492 23
574 493 32
574 494 293
574 495 715
574 496 689
574 497 447
574 498 643
574 499 246
574 500 303
574 501 178
574 502 331
574 503 474
574 504 607
574 505 82
574 506 125
574 507 418
574 508 851
574 509 544
574 510 514
574 511 424
574 512 91
574 513 459
574 514 885
574 515 354
574 516 567
574 517 525
574 518 206
574 519 281
574 520 728
574 521 170
574 522 117
574 523 822
574 524 299
574 525 14
574 526 626
574 527 86
574 528 35
574 529 331
574 530 972
574 531 800
574 532 723
574 533 893
574 534 315
574 535 335
574 536 838
574 537 676
574 538 85
574 539 0
574 540 788
574 541 794
574 542 680
574 543 574
574 544 283
574 545 131
574 546 321
574 547 848
574 548 476
574 549 221
574 550 205
574 551 872
574 552 560
574 553 997
574 554 356
574 555 916
574 556 996
574 557 738
574 558 275
574 559 161
574 560 356
574 561 449
574 562 763
574 563 715
574 564 623
574 565 206
574 566 408
574 567 235
574 568 984
574 569 679
574 570 710
574 571 181
574 572 222
574 573 724
574 574 856
575 1 571
575 2 99
575 3 355
575 4 228
575 5 800
575 6 860
575 7 532
575 8 35
575 9 496
575 10 131
575 11 600
575 12 881
575 13 76
575 14 533
575 15 106
575 16 584
575 17 257
575 18 69
575 19 776
575 20 809
575 21 978
575 22 427
575 23 574
575 24 628
575 25 101
575 26 352
575 27 140
575 28 339
575 29 264
575 30 883
575 31 652
575 32 22
575 33 839
575 34 507
575 35 929
575 36 165
575 37 14
575 38 565
575 39 527
575 40 346
575 41 61
575 42 554
575 43 554
575 44 844
575 45 762
575 46 194
575 47 652
575 48 822
575 49 630
575 50 382
575 51 298
575 52 352
575 53 118
575 54 393
575 55 270
575 56 278
575 57 644
575 58 32
575 59 253
575 60 440
575 61 722
575 62 121
575 63 31
575 64 906
575 65 145
575 66 779
575 67 136
575 68 985
575 69 958
575 70 680
575 71 621
575 72 444
575 73 119
575 74 24
575 75 893
575 76 746
575 77 394
575 78 327
575 79 445
575 80 490
575 81 539
575 82 978
575 83 64
575 84 496
575 85 577
575 86 598
575 87 641
575 88 323
575 89 158
575 90 45
575 91 91
575 92 958
575 93 270
575 94 604
575 95 843
575 96 233
575 97 347
575 98 949
575 99 518
575 100 763
575 101 393
575 102 391
575 103 224
575 104 858
575 105 899
575 106 285
575 107 457
575 108 607
575 109 112
575 110 264
575 111 476
575 112 157
575 113 376
575 114 524
575 115 981
575 116 884
575 117 602
575 118 28
575 119 886
575 120 991
575 121 628
575 122 244
575 123 827
575 124 785
575 125 23
575 126 762
575 127 85
575 128 319
575 129 368
575 130 775
575 131 631
575 132 429
575 133 208
575 134 15
575 135 770
575 136 504
575 137 748
575 138 993
575 139 619
575 140 80
575 141 67
575 142 550
575 143 556
575 144 389
575 145 316
575 146 501
575 147 928
575 148 658
575 149 543
575 150 139
575 151 684
575 152 983
575 153 4
575 154 648
575 155 215
575 156 553
575 157 421
575 158 809
575 159 894
575 160 583
575 161 599
575 162 422
575 163 874
575 164 89
575 165 212
575 166 415
575 167 21
575 168 47
575 169 721
575 170 376
575 171 913
575 172 215
575 173 553
575 174 724
575 175 475
575 176 973
575 177 403
575 178 958
575 179 976
575 180 159
575 181 769
575 182 116
575 183 772
575 184 225
575 185 150
575 186 68
575 187 479
575 188 866
575 189 325
575 190 679
575 191 449
575 192 400
575 193 448
575 194 734
575 195 365
575 196 863
575 197 570
575 198 381
575 199 167
575 200 196
575 201 701
575 202 505
575 203 346
575 204 699
575 205 906
575 206 293
575 207 649
575 208 661
575 209 946
575 210 435
575 211 528
575 212 775
575 213 988
575 214 882
575 215 111
575 216 700
575 217 676
575 218 229
575 219 624
575 220 690
575 221 895
575 222 453
575 223 248
575 224 137
575 225 63
575 226 44
575 227 0
575 228 201
575 229 748
575 230 569
575 231 325
575 232 863
575 233 618
575 234 926
575 235 499
575 236 248
575 237 33
575 238 451
575 239 612
575 240 218
575 241 951
575 242 584
575 243 679
575 244 920
575 245 505
575 246 632
575 247 705
575 248 648
575 249 155
575 250 444
575 251 596
575 252 608
575 253 871
575 254 729
575 255 555
575 256 945
575 257 531
575 258 187
575 259 335
575 260 741
575 261 192
575 262 533
575 263 849
575 264 698
575 265 778
575 266 908
575 267 347
575 268 984
575 269 790
575 270 821
575 271 970
575 272 805
575 273 48
575 274 400
575 275 171
575 276 196
575 277 508
575 278 421
575 279 192
575 280 694
575 281 399
575 282 479
575 283 921
575 284 784
575 285 164
575 286 824
575 287 636
575 288 890
575 289 342
575 290 37
575 291 351
575 292 158
575 293 60
575 294 968
575 295 125
575 296 689
575 297 646
575 298 530
575 299 955
575 300 307
575 301 192
575 302 89
575 303 700
575 304 534
575 305 851
575 306 992
575 307 152
575 308 951
575 309 954
575 310 613
575 311 497
575 312 668
575 313 368
575 314 290
575 315 451
575 316 233
575 317 144
575 318 486
575 319 488
575 320 259
575 321 246
575 322 439
575 323 229
575 324 456
575 325 793
575 326 782
575 327 981
575 328 414
575 329 565
575 330 6
575 331 909
575 332 740
575 333 457
575 334 24
575 335 420
575 336 957
575 337 793
575 338 492
575 339 359
575 340 254
575 341 464
575 342 239
575 343 883
575 344 841
575 345 839
575 346 343
575 347 517
575 348 578
575 349 80
575 350 386
575 351 260
575 352 426
575 353 131
575 354 347
575 355 560
575 356 465
575 357 182
575 358 481
575 359 458
575 360 914
575 361 521
575 362 127
575 363 486
575 364 932
575 365 709
575 366 108
575 367 573
575 368 123
575 369 512
575 370 520
575 371 431
575 372 206
575 373 327
575 374 675
575 375 999
575 376 586
575 377 212
575 378 388
575 379 139
575 380 674
575 381 790
575 382 635
575 383 145
575 384 708
575 385 24
575 386 279
575 387 105
575 388 731
575 389 105
575 390 967
575 391 257
575 392 94
575 393 529
575 394 610
575 395 137
575 396 656
575 397 464
575 398 693
575 399 345
575 400 846
575 401 376
575 402 720
575 403 355
575 404 596
575 405 29
575 406 275
575 407 977
575 408 630
575 409 42
575 410 783
575 411 999
575 412 390
575 413 215
575 414 446
575 415 0
575 416 826
575 417 486
575 418 391
575 419 425
575 420 950
575 421 232
575 422 239
575 423 948
575 424 181
575 425 549
575 426 68
575 427 425
575 428 866
575 429 636
575 430 918
575 431 532
575 432 1
575 433 868
575 434 202
575 435 477
575 436 758
575 437 83
575 438 204
575 439 934
575 440 957
575 441 620
575 442 619
575 443 841
575 444 119
575 445 132
575 446 4
575 447 547
575 448 391
575 449 8
575 450 44
575 451 975
575 452 239
575 453 28
575 454 372
575 455 715
575 456 816
575 457 185
575 458 115
575 459 182
575 460 334
575 461 742
575 462 205
575 463 269
575 464 95
575 465 416
575 466 41
575 467 789
575 468 589
575 469 49
575 470 441
575 471 990
575 472 840
575 473 232
575 474 972
575 475 912
575 476 403
575 477 324
575 478 483
575 479 94
575 480 1
575 481 700
575 482 530
575 483 322
575 484 238
575 485 498
575 486 318
575 487 514
575 488 408
575 489 691
575 490 225
575 491 632
575 492 848
575 493 579
575 494 1000
575 495 958
575 496 472
575 497 525
575 498 475
575 499 398
575 500 998
575 501 393
575 502 697
575 503 112
575 504 234
575 505 511
575 506 346
575 507 978
575 508 951
575 509 191
575 510 761
575 511 249
575 512 955
575 513 352
575 514 157
575 515 456
575 516 123
575 517 298
575 518 925
575 519 491
575 520 107
575 521 887
575 522 289
575 523 731
575 524 784
575 525 785
575 526 410
575 527 996
575 528 367
575 529 284
575 530 442
575 531 367
575 532 937
575 533 647
575 534 382
575 535 726
575 536 671
575 537 234
575 538 482
575 539 889
575 540 512
575 541 363
575 542 410
575 543 122
575 544 797
575 545 851
575 546 132
575 547 627
575 548 393
575 549 289
575 550 367
575 551 800
575 552 901
575 553 675
575 554 492
575 555 794
575 556 760
575 557 204
575 558 958
575 559 294
575 560 237
575 561 148
575 562 776
575 563 881
575 564 390
575 565 986
575 566 376
575 567 756
575 568 231
575 569 432
575 570 587
575 571 312
575 572 79
575 573 93
575 574 349
575 575 948
576 1 521
576 2 977
576 3 969
576 4 363
576 5 507
576 6 9
576 7 230
576 8 281
576 9 318
576 10 858
576 11 509
576 12 232
576 13 247
576 14 5
576 15 702
576 16 99
576 17 893
576 18 351
576 19 798
576 20 895
576 21 355
576 22 572
576 23 484
576 24 953
576 25 109
576 26 706
576 27 731
576 28 502
576 29 616
576 30 773
576 31 716
576 32 571
576 33 414
576 34 882
576 35 33
576 36 7
576 37 203
576 38 572
576 39 600
576 40 140
576 41 681
576 42 842
576 43 58
576 44 884
576 45 674
576 46 141
576 47 96
576 48 831
576 49 368
576 50 144
576 51 303
576 52 113
576 53 834
576 54 235
576 55 493
576 56 271
576 57 94
576 58 569
576 59 419
576 60 975
576 61 579
576 62 402
576 63 489
576 64 70
576 65 985
576 66 70
576 67 467
576 68 147
576 69 938
576 70 851
576 71 623
576 72 872
576 73 309
576 74 163
576 75 373
576 76 553
576 77 235
576 78 185
576 79 271
576 80 484
576 81 403
576 82 660
576 83 564
576 84 502
576 85 519
576 86 853
576 87 275
576 88 104
576 89 634
576 90 491
576 91 40
576 92 466
576 93 894
576 94 518
576 95 238
576 96 342
576 97 414
576 98 602
576 99 659
576 100 88
576 101 821
576 102 951
576 103 384
576 104 938
576 105 54
576 106 578
576 107 451
576 108 906
576 109 175
576 110 397
576 111 941
576 112 137
576 113 601
576 114 21
576 115 270
576 116 414
576 117 700
576 118 725
576 119 448
576 120 213
576 121 676
576 122 622
576 123 418
576 124 529
576 125 899
576 126 170
576 127 869
576 128 658
576 129 847
576 130 26
576 131 172
576 132 907
576 133 942
576 134 520
576 135 876
576 136 799
576 137 79
576 138 916
576 139 847
576 140 564
576 141 575
576 142 162
576 143 944
576 144 234
576 145 794
576 146 831
576 147 498
576 148 682
576 149 259
576 150 713
576 151 598
576 152 377
576 153 463
576 154 692
576 155 110
576 156 325
576 157 492
576 158 739
576 159 836
576 160 370
576 161 913
576 162 118
576 163 10
576 164 36
576 165 812
576 166 87
576 167 384
576 168 172
576 169 629
576 170 749
576 171 705
576 172 273
576 173 113
576 174 525
576 175 617
576 176 659
576 177 610
576 178 209
576 179 714
576 180 662
576 181 797
576 182 713
576 183 109
576 184 529
576 185 902
576 186 957
576 187 721
576 188 649
576 189 609
576 190 597
576 191 5
576 192 151
576 193 157
576 194 996
576 195 699
576 196 100
576 197 832
576 198 416
576 199 419
576 200 987
576 201 313
576 202 523
576 203 482
576 204 971
576 205 399
576 206 354
576 207 387
576 208 936
576 209 901
576 210 240
576 211 312
576 212 568
576 213 761
576 214 757
576 215 385
576 216 934
576 217 148
576 218 711
576 219 545
576 220 339
576 221 991
576 222 513
576 223 643
576 224 350
576 225 162
576 226 920
576 227 268
576 228 883
576 229 791
576 230 418
576 231 858
576 232 875
576 233 936
576 234 985
576 235 821
576 236 121
576 237 700
576 238 343
576 239 812
576 240 733
576 241 294
576 242 753
576 243 638
576 244 903
576 245 921
576 246 365
576 247 504
576 248 838
576 249 138
576 250 537
576 251 30
576 252 233
576 253 168
576 254 212
576 255 156
576 256 173
576 257 141
576 258 567
576 259 743
576 260 557
576 261 435
576 262 796
576 263 79
576 264 697
576 265 724
576 266 727
576 267 657
576 268 77
576 269 474
576 270 407
576 271 590
576 272 440
576 273 31
576 274 169
576 275 365
576 276 627
576 277 112
576 278 135
576 279 137
576 280 355
576 281 213
576 282 745
576 283 384
576 284 275
576 285 420
576 286 698
576 287 35
576 288 441
576 289 564
576 290 298
576 291 42
576 292 649
576 293 389
576 294 303
576 295 332
576 296 597
576 297 740
576 298 181
576 299 263
576 300 980
576 301 898
576 302 200
576 303 55
576 304 771
576 305 531
576 306 645
576 307 484
576 308 784
576 309 366
576 310 643
576 311 146
576 312 353
576 313 377
576 314 955
576 315 115
576 316 515
576 317 780
576 318 290
576 319 885
576 320 940
576 321 604
576 322 162
576 323 420
576 324 485
576 325 348
576 326 173
576 327 165
576 328 473
576 329 618
576 330 471
576 331 730
576 332 107
576 333 946
576 334 443
576 335 402
576 336 999
576 337 891
576 338 748
576 339 431
576 340 786
576 341 27
576 342 401
576 343 730
576 344 147
576 345 49
576 346 873
576 347 898
576 348 547
576 349 109
576 350 641
576 351 987
576 352 400
576 353 817
576 354 888
576 355 329
576 356 625
576 357 41
576 358 282
576 359 242
576 360 897
576 361 485
576 362 798
576 363 626
576 364 618
576 365 22
576 366 555
576 367 380
576 368 539
576 369 906
576 370 282
576 371 258
576 372 855
576 373 70
576 374 595
576 375 942
576 376 406
576 377 492
576 378 660
576 379 245
576 380 404
576 381 938
576 382 230
576 383 390
576 384 482
576 385 251
576 386 446
576 387 917
576 388 441
576 389 98
576 390 989
576 391 359
576 392 674
576 393 579
576 394 417
576 395 132
576 396 74
576 397 409
576 398 546
576 399 221
576 400 522
576 401 372
576 402 141
576 403 944
576 404 253
576 405 728
576 406 340
576 407 702
576 408 935
576 409 581
576 410 446
576 411 428
576 412 27
576 413 806
576 414 388
576 415 805
576 416 689
576 417 156
576 418 797
576 419 151
576 420 626
576 421 586
576 422 114
576 423 947
576 424 795
576 425 48
576 426 39
576 427 3
576 428 522
576 429 331
576 430 843
576 431 25
576 432 19
576 433 152
576 434 176
576 435 820
576 436 735
576 437 399
576 438 703
576 439 5
576 440 597
576 441 952
576 442 166
576 443 13
576 444 789
576 445 578
576 446 395
576 447 141
576 448 578
576 449 897
576 450 372
576 451 474
576 452 430
576 453 899
576 454 167
576 455 231
576 456 360
576 457 243
576 458 989
576 459 174
576 460 336
576 461 288
576 462 650
576 463 246
576 464 231
576 465 45
576 466 407
576 467 694
576 468 640
576 469 909
576 470 981
576 471 494
576 472 24
576 473 968
576 474 336
576 475 639
576 476 956
576 477 899
576 478 965
576 479 248
576 480 696
576 481 655
576 482 162
576 483 942
576 484 798
576 485 178
576 486 164
576 487 150
576 488 712
576 489 561
576 490 967
576 491 160
576 492 345
576 493 385
576 494 0
576 495 37
576 496 982
576 497 293
576 498 824
576 499 640
576 500 528
576 501 930
576 502 157
576 503 33
576 504 991
576 505 482
576 506 100
576 507 978
576 508 367
576 509 341
576 510 82
576 511 846
576 512 856
576 513 98
576 514 528
576 515 663
576 516 28
576 517 268
576 518 947
576 519 879
576 520 802
576 521 809
576 522 411
576 523 882
576 524 548
576 525 52
576 526 878
576 527 82
576 528 487
576 529 507
576 530 711
576 531 892
576 532 763
576 533 567
576 534 809
576 535 467
576 536 330
576 537 13
576 538 918
576 539 669
576 540 707
576 541 630
576 542 413
576 543 181
576 544 21
576 545 359
576 546 26
576 547 126
576 548 98
576 549 366
576 550 65
576 551 396
576 552 972
576 553 195
576 554 270
576 555 821
576 556 464
576 557 31
576 558 185
576 559 422
576 560 464
576 561 823
576 562 869
576 563 576
576 564 317
576 565 688
576 566 261
576 567 774
576 568 635
576 569 923
576 570 618
576 571 363
576 572 451
576 573 55
576 574 418
576 575 79
576 576 949
577 1 855
577 2 940
577 3 366
577 4 172
577 5 728
577 6 813
577 7 785
577 8 614
577 9 53
577 10 933
577 11 398
577 12 815
577 13 318
577 14 715
577 15 63
577 16 660
577 17 423
577 18 45
577 19 197
577 20 622
577 21 907
577 22 345
577 23 19
577 24 128
577 25 751
577 26 186
577 27 23
577 28 947
577 29 324
577 30 139
577 31 121
577 32 651
577 33 882
577 34 861
577 35 370
577 36 524
577 37 387
577 38 853
577 39 343
577 40 462
577 41 583
577 42 360
577 43 622
577 44 437
577 45 106
577 46 81
577 47 793
577 48 832
577 49 2
577 50 351
577 51 530
577 52 840
577 53 84
577 54 556
577 55 58
577 56 569
577 57 790
577 58 487
577 59 138
577 60 670
577 61 934
577 62 341
577 63 726
577 64 163
577 65 534
577 66 469
577 67 831
577 68 244
577 69 625
577 70 467
577 71 810
577 72 663
577 73 197
577 74 73
577 75 969
577 76 837
577 77 323
577 78 775
577 79 917
577 80 34
577 81 524
577 82 656
577 83 181
577 84 599
577 85 647
577 86 39
577 87 156
577 88 565
577 89 459
577 90 921
577 91 774
577 92 158
577 93 931
577 94 467
577 95 957
577 96 529
577 97 265
577 98 801
577 99 259
577 100 725
577 101 717
577 102 335
577 103 267
577 104 819
577 105 206
577 106 271
577 107 832
577 108 178
577 109 573
577 110 82
577 111 84
577 112 832
577 113 599
577 114 819
577 115 352
577 116 184
577 117 972
577 118 396
577 119 646
577 120 714
577 121 762
577 122 707
577 123 568
577 124 843
577 125 44
577 126 532
577 127 843
577 128 747
577 129 47
577 130 740
577 131 782
577 132 733
577 133 657
577 134 722
577 135 492
577 136 932
577 137 137
577 138 914
577 139 128
577 140 166
577 141 61
577 142 523
577 143 313
577 144 887
577 145 413
577 146 151
577 147 609
577 148 145
577 149 686
577 150 416
577 151 281
577 152 650
577 153 783
577 154 128
577 155 926
577 156 402
577 157 322
577 158 25
577 159 967
577 160 977
577 161 865
577 162 861
577 163 950
577 164 322
577 165 44
577 166 482
577 167 553
577 168 687
577 169 113
577 170 734
577 171 195
577 172 71
577 173 4
577 174 369
577 175 355
577 176 885
577 177 579
577 178 83
577 179 42
577 180 138
577 181 534
577 182 943
577 183 485
577 184 407
577 185 24
577 186 841
577 187 335
577 188 285
577 189 727
577 190 577
577 191 129
577 192 582
577 193 849
577 194 363
577 195 476
577 196 596
577 197 39
577 198 842
577 199 901
577 200 713
577 201 398
577 202 689
577 203 640
577 204 650
577 205 794
577 206 446
577 207 395
577 208 407
577 209 780
577 210 207
577 211 256
577 212 780
577 213 11
577 214 504
577 215 30
577 216 314
577 217 92
577 218 335
577 219 624
577 220 364
577 221 792
577 222 775
577 223 902
577 224 447
577 225 258
577 226 278
577 227 962
577 228 404
577 229 649
577 230 436
577 231 950
577 232 66
577 233 945
577 234 451
577 235 168
577 236 192
577 237 980
577 238 102
577 239 721
577 240 829
577 241 826
577 242 916
577 243 521
577 244 884
577 245 460
577 246 730
577 247 761
577 248 242
577 249 458
577 250 586
577 251 79
577 252 430
577 253 948
577 254 776
577 255 967
577 256 189
577 257 281
577 258 247
577 259 913
577 260 585
577 261 255
577 262 752
577 263 748
577 264 19
577 265 508
577 266 716
577 267 642
577 268 362
577 269 646
577 270 199
577 271 696
577 272 162
577 273 963
577 274 541
577 275 370
577 276 16
577 277 921
577 278 233
577 279 778
577 280 823
577 281 817
577 282 628
577 283 651
577 284 421
577 285 934
577 286 575
577 287 37
577 288 972
577 289 475
577 290 369
577 291 393
577 292 576
577 293 800
577 294 945
577 295 718
577 296 676
577 297 803
577 298 159
577 299 523
577 300 768
577 301 6
577 302 865
577 303 145
577 304 810
577 305 442
577 306 801
577 307 722
577 308 194
577 309 350
577 310 325
577 311 567
577 312 539
577 313 550
577 314 264
577 315 968
577 316 287
577 317 735
577 318 839
577 319 797
577 320 438
577 321 13
577 322 291
577 323 318
577 324 272
577 325 445
577 326 772
577 327 393
577 328 619
577 329 556
577 330 815
577 331 647
577 332 516
577 333 964
577 334 112
577 335 593
577 336 161
577 337 654
577 338 674
577 339 64
577 340 173
577 341 542
577 342 178
577 343 850
577 344 972
577 345 285
577 346 434
577 347 958
577 348 562
577 349 71
577 350 192
577 351 626
577 352 765
577 353 263
577 354 797
577 355 678
577 356 838
577 357 680
577 358 969
577 359 931
577 360 491
577 361 738
577 362 971
577 363 9
577 364 951
577 365 349
577 366 128
577 367 452
577 368 44
577 369 582
577 370 144
577 371 807
577 372 1
577 373 174
577 374 441
577 375 615
577 376 413
577 377 801
577 378 506
577 379 330
577 380 300
577 381 640
577 382 298
577 383 371
577 384 352
577 385 975
577 386 159
577 387 578
577 388 52
577 389 835
577 390 598
577 391 9
577 392 839
577 393 765
577 394 866
577 395 338
577 396 156
577 397 921
577 398 888
577 399 938
577 400 166
577 401 361
577 402 896
577 403 697
577 404 545
577 405 737
577 406 690
577 407 600
577 408 248
577 409 946
577 410 965
577 411 991
577 412 824
577 413 337
577 414 579
577 415 118
577 416 213
577 417 256
577 418 995
577 419 854
577 420 395
577 421 348
577 422 528
577 423 541
577 424 780
577 425 212
577 426 780
577 427 702
577 428 296
577 429 951
577 430 794
577 431 719
577 432 595
577 433 696
577 434 697
577 435 260
577 436 35
577 437 757
577 438 279
577 439 21
577 440 52
577 441 507
577 442 354
577 443 413
577 444 122
577 445 738
577 446 404
577 447 466
577 448 39
577 449 703
577 450 956
577 451 268
577 452 565
577 453 584
577 454 544
577 455 791
577 456 35
577 457 1000
577 458 480
577 459 563
577 460 295
577 461 922
577 462 543
577 463 318
577 464 15
577 465 402
577 466 967
577 467 504
577 468 822
577 469 276
577 470 345
577 471 414
577 472 771
577 473 753
577 474 166
577 475 364
577 476 519
577 477 241
577 478 469
577 479 154
577 480 687
577 481 299
577 482 366
577 483 91
577 484 508
577 485 37
577 486 910
577 487 954
577 488 640
577 489 27
577 490 385
577 491 750
577 492 755
577 493 825
577 494 348
577 495 258
577 496 41
577 497 616
577 498 629
577 499 153
577 500 727
577 501 468
577 502 643
577 503 635
577 504 106
577 505 612
577 506 885
577 507 949
577 508 437
577 509 80
577 510 735
577 511 172
577 512 574
577 513 700
577 514 858
577 515 806
577 516 760
577 517 172
577 518 917
577 519 825
577 520 979
577 521 22
577 522 968
577 523 252
577 524 180
577 525 840
577 526 848
577 527 860
577 528 243
577 529 337
577 530 81
577 531 151
577 532 716
577 533 750
577 534 860
577 535 526
577 536 677
577 537 889
577 538 636
577 539 141
577 540 512
577 541 3
577 542 175
577 543 399
577 544 976
577 545 418
577 546 125
577 547 943
577 548 578
577 549 42
577 550 777
577 551 473
577 552 721
577 553 703
577 554 753
577 555 823
577 556 544
577 557 546
577 558 270
577 559 912
577 560 419
577 561 9
577 562 391
577 563 418
577 564 765
577 565 804
577 566 745
577 567 336
577 568 664
577 569 181
577 570 319
577 571 366
577 572 145
577 573 445
577 574 459
577 575 221
577 576 944
577 577 913
578 1 139
578 2 432
578 3 679
578 4 995
578 5 353
578 6 63
578 7 840
578 8 68
578 9 334
578 10 669
578 11 968
578 12 231
578 13 12
578 14 46
578 15 247
578 16 25
578 17 62
578 18 642
578 19 502
578 20 22
578 21 361
578 22 154
578 23 645
578 24 749
578 25 59
578 26 552
578 27 587
578 28 364
578 29 17
578 30 312
578 31 166
578 32 687
578 33 352
578 34 266
578 35 231
578 36 673
578 37 675
578 38 743
578 39 684
578 40 451
578 41 883
578 42 351
578 43 255
578 44 984
578 45 765
578 46 743
578 47 322
578 48 39
578 49 213
578 50 60
578 51 966
578 52 393
578 53 298
578 54 804
578 55 324
578 56 841
578 57 195
578 58 720
578 59 411
578 60 618
578 61 140
578 62 265
578 63 80
578 64 868
578 65 721
578 66 321
578 67 559
578 68 492
578 69 755
578 70 976
578 71 828
578 72 506
578 73 900
578 74 676
578 75 166
578 76 668
578 77 568
578 78 225
578 79 981
578 80 12
578 81 316
578 82 466
578 83 500
578 84 367
578 85 610
578 86 539
578 87 26
578 88 853
578 89 630
578 90 110
578 91 939
578 92 922
578 93 510
578 94 644
578 95 135
578 96 605
578 97 623
578 98 361
578 99 393
578 100 778
578 101 239
578 102 835
578 103 135
578 104 750
578 105 240
578 106 218
578 107 992
578 108 712
578 109 785
578 110 583
578 111 508
578 112 793
578 113 937
578 114 800
578 115 211
578 116 783
578 117 138
578 118 78
578 119 522
578 120 181
578 121 999
578 122 158
578 123 405
578 124 897
578 125 132
578 126 831
578 127 25
578 128 650
578 129 599
578 130 375
578 131 335
578 132 516
578 133 566
578 134 15
578 135 829
578 136 140
578 137 175
578 138 596
578 139 293
578 140 491
578 141 643
578 142 382
578 143 239
578 144 335
578 145 690
578 146 314
578 147 530
578 148 66
578 149 245
578 150 923
578 151 851
578 152 757
578 153 226
578 154 288
578 155 676
578 156 559
578 157 720
578 158 733
578 159 691
578 160 235
578 161 367
578 162 578
578 163 754
578 164 994
578 165 121
578 166 279
578 167 660
578 168 393
578 169 124
578 170 50
578 171 879
578 172 438
578 173 527
578 174 548
578 175 759
578 176 6
578 177 675
578 178 753
578 179 900
578 180 291
578 181 223
578 182 254
578 183 424
578 184 750
578 185 176
578 186 101
578 187 728
578 188 802
578 189 629
578 190 121
578 191 16
578 192 237
578 193 279
578 194 267
578 195 649
578 196 549
578 197 473
578 198 619
578 199 526
578 200 452
578 201 796
578 202 303
578 203 728
578 204 206
578 205 807
578 206 554
578 207 624
578 208 292
578 209 921
578 210 570
578 211 109
578 212 445
578 213 327
578 214 360
578 215 956
578 216 285
578 217 891
578 218 860
578 219 131
578 220 225
578 221 501
578 222 255
578 223 184
578 224 981
578 225 40
578 226 403
578 227 849
578 228 907
578 229 772
578 230 572
578 231 437
578 232 837
578 233 78
578 234 627
578 235 451
578 236 218
578 237 941
578 238 905
578 239 423
578 240 157
578 241 783
578 242 846
578 243 101
578 244 246
578 245 83
578 246 87
578 247 120
578 248 450
578 249 471
578 250 505
578 251 422
578 252 828
578 253 939
578 254 48
578 255 448
578 256 741
578 257 507
578 258 471
578 259 9
578 260 74
578 261 565
578 262 956
578 263 313
578 264 45
578 265 245
578 266 729
578 267 892
578 268 352
578 269 493
578 270 260
578 271 393
578 272 880
578 273 529
578 274 319
578 275 308
578 276 753
578 277 746
578 278 688
578 279 257
578 280 206
578 281 857
578 282 192
578 283 354
578 284 537
578 285 890
578 286 214
578 287 82
578 288 377
578 289 194
578 290 45
578 291 534
578 292 29
578 293 261
578 294 332
578 295 914
578 296 466
578 297 548
578 298 330
578 299 326
578 300 813
578 301 87
578 302 904
578 303 620
578 304 104
578 305 622
578 306 347
578 307 197
578 308 464
578 309 226
578 310 943
578 311 571
578 312 406
578 313 623
578 314 993
578 315 227
578 316 696
578 317 438
578 318 805
578 319 65
578 320 143
578 321 7
578 322 670
578 323 296
578 324 3
578 325 358
578 326 166
578 327 53
578 328 44
578 329 43
578 330 272
578 331 345
578 332 220
578 333 487
578 334 721
578 335 260
578 336 501
578 337 465
578 338 594
578 339 440
578 340 956
578 341 752
578 342 952
578 343 560
578 344 977
578 345 664
578 346 979
578 347 681
578 348 528
578 349 713
578 350 647
578 351 55
578 352 469
578 353 421
578 354 361
578 355 904
578 356 898
578 357 789
578 358 291
578 359 769
578 360 524
578 361 889
578 362 721
578 363 88
578 364 627
578 365 304
578 366 625
578 367 238
578 368 177
578 369 693
578 370 653
578 371 760
578 372 58
578 373 372
578 374 191
578 375 891
578 376 86
578 377 648
578 378 239
578 379 34
578 380 397
578 381 927
578 382 50
578 383 727
578 384 600
578 385 209
578 386 962
578 387 449
578 388 200
578 389 814
578 390 225
578 391 747
578 392 398
578 393 503
578 394 826
578 395 437
578 396 398
578 397 808
578 398 357
578 399 454
578 400 191
578 401 932
578 402 213
578 403 132
578 404 323
578 405 536
578 406 151
578 407 725
578 408 955
578 409 458
578 410 151
578 411 445
578 412 703
578 413 918
578 414 663
578 415 431
578 416 338
578 417 172
578 418 393
578 419 338
578 420 733
578 421 471
578 422 444
578 423 107
578 424 195
578 425 294
578 426 586
578 427 769
578 428 144
578 429 232
578 430 922
578 431 744
578 432 299
578 433 716
578 434 655
578 435 894
578 436 276
578 437 3
578 438 635
578 439 118
578 440 42
578 441 369
578 442 6
578 443 404
578 444 685
578 445 946
578 446 759
578 447 972
578 448 702
578 449 83
578 450 887
578 451 703
578 452 68
578 453 539
578 454 866
578 455 10
578 456 909
578 457 400
578 458 482
578 459 363
578 460 26
578 461 220
578 462 636
578 463 908
578 464 53
578 465 507
578 466 763
578 467 146
578 468 307
578 469 454
578 470 61
578 471 981
578 472 667
578 473 504
578 474 325
578 475 513
578 476 711
578 477 500
578 478 488
578 479 223
578 480 425
578 481 760
578 482 484
578 483 647
578 484 362
578 485 306
578 486 684
578 487 573
578 488 142
578 489 479
578 490 605
578 491 410
578 492 390
578 493 123
578 494 713
578 495 126
578 496 160
578 497 141
578 498 643
578 499 581
578 500 380
578 501 452
578 502 299
578 503 285
578 504 807
578 505 925
578 506 797
578 507 759
578 508 413
578 509 556
578 510 649
578 511 978
578 512 420
578 513 107
578 514 544
578 515 215
578 516 642
578 517 535
578 518 587
578 519 137
578 520 532
578 521 289
578 522 296
578 523 881
578 524 424
578 525 69
578 526 167
578 527 780
578 528 942
578 529 912
578 530 255
578 531 880
578 532 542
578 533 121
578 534 348
578 535 546
578 536 312
578 537 268
578 538 811
578 539 72
578 540 36
578 541 87
578 542 609
578 543 200
578 544 930
578 545 688
578 546 773
578 547 892
578 548 290
578 549 362
578 550 258
578 551 764
578 552 104
578 553 455
578 554 405
578 555 727
578 556 595
578 557 911
578 558 538
578 559 407
578 560 262
578 561 0
578 562 41
578 563 684
578 564 904
578 565 276
578 566 123
578 567 22
578 568 647
578 569 286
578 570 415
578 571 780
578 572 556
578 573 237
578 574 983
578 575 778
578 576 509
578 577 694
578 578 94
579 1 482
579 2 769
579 3 723
579 4 434
579 5 159
579 6 623
579 7 558
579 8 308
579 9 644
579 10 787
579 11 117
579 12 305
579 13 223
579 14 7
579 15 473
579 16 633
579 17 459
579 18 715
579 19 850
579 20 1
579 21 301
579 22 208
579 23 773
579 24 494
579 25 88
579 26 652
579 27 646
579 28 473
579 29 363
579 30 145
579 31 535
579 32 959
579 33 348
579 34 464
579 35 982
579 36 253
579 37 178
579 38 442
579 39 431
579 40 786
579 41 189
579 42 408
579 43 950
579 44 456
579 45 719
579 46 814
579 47 157
579 48 704
579 49 620
579 50 571
579 51 114
579 52 283
579 53 111
579 54 815
579 55 189
579 56 973
579 57 93
579 58 482
579 59 975
579 60 300
579 61 380
579 62 208
579 63 451
579 64 328
579 65 922
579 66 745
579 67 985
579 68 427
579 69 8
579 70 418
579 71 385
579 72 59
579 73 541
579 74 971
579 75 652
579 76 378
579 77 647
579 78 455
579 79 254
579 80 86
579 81 363
579 82 652
579 83 305
579 84 432
579 85 605
579 86 145
579 87 948
579 88 758
579 89 426
579 90 563
579 91 306
579 92 430
579 93 135
579 94 74
579 95 719
579 96 79
579 97 403
579 98 21
579 99 615
579 100 135
579 101 881
579 102 47
579 103 679
579 104 429
579 105 381
579 106 298
579 107 188
579 108 772
579 109 242
579 110 248
579 111 520
579 112 323
579 113 228
579 114 823
579 115 128
579 116 968
579 117 150
579 118 919
579 119 385
579 120 160
579 121 315
579 122 594
579 123 546
579 124 105
579 125 82
579 126 607
579 127 188
579 128 334
579 129 651
579 130 566
579 131 981
579 132 899
579 133 959
579 134 303
579 135 299
579 136 983
579 137 484
579 138 343
579 139 370
579 140 213
579 141 989
579 142 28
579 143 133
579 144 264
579 145 982
579 146 724
579 147 352
579 148 488
579 149 115
579 150 464
579 151 191
579 152 145
579 153 879
579 154 238
579 155 619
579 156 955
579 157 25
579 158 706
579 159 377
579 160 300
579 161 7
579 162 765
579 163 126
579 164 922
579 165 960
579 166 749
579 167 689
579 168 674
579 169 209
579 170 3
579 171 212
579 172 146
579 173 914
579 174 610
579 175 72
579 176 374
579 177 838
579 178 236
579 179 997
579 180 850
579 181 10
579 182 182
579 183 356
579 184 353
579 185 30
579 186 708
579 187 367
579 188 124
579 189 72
579 190 360
579 191 80
579 192 258
579 193 739
579 194 332
579 195 985
579 196 884
579 197 941
579 198 508
579 199 30
579 200 427
579 201 702
579 202 441
579 203 457
579 204 810
579 205 31
579 206 977
579 207 751
579 208 159
579 209 792
579 210 425
579 211 101
579 212 64
579 213 425
579 214 107
579 215 958
579 216 86
579 217 945
579 218 432
579 219 579
579 220 913
579 221 436
579 222 149
579 223 116
579 224 968
579 225 312
579 226 519
579 227 430
579 228 536
579 229 715
579 230 514
579 231 798
579 232 642
579 233 910
579 234 905
579 235 839
579 236 794
579 237 95
579 238 235
579 239 221
579 240 896
579 241 585
579 242 582
579 243 682
579 244 532
579 245 967
579 246 27
579 247 922
579 248 261
579 249 497
579 250 40
579 251 956
579 252 923
579 253 45
579 254 979
579 255 77
579 256 647
579 257 808
579 258 365
579 259 466
579 260 195
579 261 774
579 262 380
579 263 455
579 264 401
579 265 800
579 266 39
579 267 193
579 268 804
579 269 881
579 270 531
579 271 124
579 272 829
579 273 697
579 274 980
579 275 893
579 276 763
579 277 938
579 278 300
579 279 818
579 280 396
579 281 933
579 282 981
579 283 130
579 284 869
579 285 807
579 286 303
579 287 636
579 288 730
579 289 698
579 290 992
579 291 127
579 292 666
579 293 345
579 294 956
579 295 647
579 296 629
579 297 478
579 298 717
579 299 624
579 300 61
579 301 902
579 302 113
579 303 502
579 304 796
579 305 795
579 306 802
579 307 392
579 308 199
579 309 354
579 310 664
579 311 562
579 312 716
579 313 107
579 314 331
579 315 645
579 316 135
579 317 632
579 318 612
579 319 33
579 320 20
579 321 155
579 322 796
579 323 482
579 324 103
579 325 48
579 326 469
579 327 395
579 328 477
579 329 626
579 330 36
579 331 421
579 332 361
579 333 829
579 334 155
579 335 715
579 336 689
579 337 83
579 338 734
579 339 616
579 340 884
579 341 911
579 342 503
579 343 144
579 344 427
579 345 492
579 346 36
579 347 964
579 348 56
579 349 342
579 350 849
579 351 746
579 352 293
579 353 244
579 354 130
579 355 957
579 356 656
579 357 167
579 358 63
579 359 392
579 360 829
579 361 393
579 362 417
579 363 791
579 364 310
579 365 844
579 366 965
579 367 268
579 368 880
579 369 505
579 370 67
579 371 340
579 372 260
579 373 583
579 374 519
579 375 309
579 376 186
579 377 758
579 378 0
579 379 906
579 380 672
579 381 20
579 382 817
579 383 885
579 384 871
579 385 239
579 386 600
579 387 622
579 388 397
579 389 995
579 390 810
579 391 865
579 392 493
579 393 995
579 394 845
579 395 427
579 396 612
579 397 922
579 398 548
579 399 296
579 400 211
579 401 772
579 402 927
579 403 436
579 404 764
579 405 78
579 406 614
579 407 776
579 408 530
579 409 824
579 410 813
579 411 694
579 412 92
579 413 587
579 414 34
579 415 514
579 416 542
579 417 922
579 418 391
579 419 517
579 420 380
579 421 991
579 422 471
579 423 671
579 424 889
579 425 152
579 426 819
579 427 164
579 428 882
579 429 338
579 430 459
579 431 864
579 432 777
579 433 15
579 434 307
579 435 41
579 436 133
579 437 230
579 438 67
579 439 40
579 440 937
579 441 889
579 442 528
579 443 86
579 444 819
579 445 67
579 446 481
579 447 826
579 448 723
579 449 735
579 450 301
579 451 596
579 452 388
579 453 862
579 454 159
579 455 802
579 456 617
579 457 263
579 458 895
579 459 151
579 460 537
579 461 36
579 462 329
579 463 837
579 464 325
579 465 920
579 466 764
579 467 985
579 468 722
579 469 348
579 470 9
579 471 224
579 472 953
579 473 624
579 474 555
579 475 206
579 476 895
579 477 686
579 478 650
579 479 510
579 480 510
579 481 853
579 482 330
579 483 909
579 484 939
579 485 695
579 486 507
579 487 533
579 488 898
579 489 433
579 490 696
579 491 653
579 492 415
579 493 577
579 494 151
579 495 499
579 496 610
579 497 107
579 498 154
579 499 846
579 500 559
579 501 370
579 502 387
579 503 469
579 504 202
579 505 107
579 506 149
579 507 638
579 508 221
579 509 816
579 510 970
579 511 43
579 512 656
579 513 212
579 514 262
579 515 407
579 516 509
579 517 121
579 518 206
579 519 693
579 520 770
579 521 462
579 522 538
579 523 924
579 524 28
579 525 718
579 526 873
579 527 884
579 528 841
579 529 65
579 530 117
579 531 367
579 532 196
579 533 441
579 534 170
579 535 795
579 536 599
579 537 267
579 538 225
579 539 377
579 540 85
579 541 433
579 542 222
579 543 695
579 544 731
579 545 598
579 546 807
579 547 500
579 548 942
579 549 459
579 550 296
579 551 531
579 552 569
579 553 403
579 554 100
579 555 8
579 556 394
579 557 62
579 558 226
579 559 767
579 560 202
579 561 86
579 562 827
579 563 67
579 564 89
579 565 654
579 566 997
579 567 825
579 568 384
579 569 578
579 570 641
579 571 170
579 572 941
579 573 159
579 574 915
579 575 703
579 576 752
579 577 343
579 578 309
579 579 38
578 579 436
577 578 509
576 577 716
575 576 118
574 575 490
573 574 127
572 573 351
571 572 831
570 571 999
569 570 817
568 569 861
567 568 345
566 567 485
565 566 492
564 565 930
563 564 574
562 563 101
561 562 111
560 561 424
559 560 306
558 559 336
557 558 855
556 557 412
555 556 309
554 555 72
553 554 746
552 553 535
551 552 877
550 551 183
549 550 315
548 549 49
547 548 956
546 547 245
545 546 748
544 545 489
543 544 117
542 543 300
541 542 132
540 541 561
539 540 404
538 539 369
537 538 296
536 537 597
535 536 153
534 535 167
533 534 276
532 533 42
531 532 36
530 531 635
529 530 798
528 529 346
527 528 95
526 527 735
525 526 376
524 525 808
523 524 345
522 523 341
521 522 277
520 521 154
519 520 141
518 519 9
517 518 298
516 517 601
515 516 384
514 515 212
513 514 182
512 513 550
511 512 892
510 511 381
509 510 445
508 509 655
507 508 469
506 507 924
505 506 659
504 505 729
503 504 506
502 503 671
501 502 622
500 501 718
499 500 984
498 499 767
497 498 866
496 497 43
495 496 869
494 495 931
493 494 581
492 493 960
491 492 375
490 491 969
489 490 322
488 489 571
487 488 265
486 487 697
485 486 210
484 485 41
483 484 43
482 483 19
481 482 871
480 481 285
479 480 158
478 479 892
477 478 117
476 477 355
475 476 660
474 475 666
473 474 836
472 473 533
471 472 669
470 471 136
469 470 262
468 469 882
467 468 118
466 467 811
465 466 819
464 465 463
463 464 935
462 463 281
461 462 22
460 461 83
459 460 642
458 459 406
457 458 944
456 457 874
455 456 487
454 455 102
453 454 186
452 453 705
451 452 286
450 451 309
449 450 894
448 449 203
447 448 664
446 447 622
445 446 121
444 445 195
443 444 100
442 443 626
441 442 541
440 441 691
439 440 842
438 439 2
437 438 772
436 437 734
435 436 14
434 435 218
433 434 3
432 433 323
431 432 427
430 431 694
429 430 972
428 429 411
427 428 15
426 427 133
425 426 742
424 425 857
423 424 85
422 423 648
421 422 986
420 421 561
419 420 192
418 419 425
417 418 831
416 417 997
415 416 896
414 415 842
413 414 828
412 413 51
411 412 478
410 411 857
409 410 319
408 409 333
407 408 506
406 407 39
405 406 905
404 405 0
403 404 773
402 403 618
401 402 574
400 401 929
399 400 498
398 399 906
397 398 540
396 397 457
395 396 161
394 395 718
393 394 265
392 393 65
391 392 456
390 391 169
389 390 47
388 389 726
387 388 678
386 387 790
385 386 428
384 385 581
383 384 718
382 383 892
381 382 411
380 381 32
379 380 424
378 379 895
377 378 581
376 377 689
375 376 896
374 375 727
373 374 387
372 373 458
371 372 652
370 371 228
369 370 245
368 369 163
367 368 342
366 367 715
365 366 196
364 365 608
363 364 1
362 363 82
361 362 666
360 361 848
359 360 424
358 359 766
357 358 397
356 357 317
355 356 732
354 355 135
353 354 635
352 353 874
351 352 648
350 351 913
349 350 969
348 349 604
347 348 367
346 347 689
345 346 294
344 345 624
343 344 360
342 343 493
341 342 976
340 341 780
339 340 245
338 339 138
337 338 287
336 337 557
335 336 46
334 335 756
333 334 343
332 333 80
331 332 759
330 331 468
329 330 12
328 329 707
327 328 574
326 327 157
325 326 256
324 325 673
323 324 857
322 323 397
321 322 365
320 321 664
319 320 318
318 319 939
317 318 520
316 317 895
315 316 582
314 315 921
313 314 419
312 313 697
311 312 482
310 311 13
309 310 179
308 309 681
307 308 452
306 307 943
305 306 611
304 305 120
303 304 256
302 303 542
301 302 350
300 301 165
299 300 865
298 299 162
297 298 692
296 297 807
295 296 59
294 295 785
293 294 989
292 293 208
291 292 688
290 291 714
289 290 173
288 289 583
287 288 940
286 287 923
285 286 858
284 285 481
283 284 749
282 283 926
281 282 367
280 281 266
279 280 204
278 279 400
277 278 716
276 277 103
275 276 610
274 275 40
273 274 478
272 273 515
271 272 62
270 271 184
269 270 446
268 269 358
267 268 308
266 267 662
265 266 73
264 265 226
263 264 71
262 263 266
261 262 855
260 261 103
259 260 635
258 259 435
257 258 557
256 257 23
255 256 695
254 255 959
253 254 62
252 253 819
251 252 744
250 251 215
249 250 490
248 249 126
247 248 735
246 247 189
245 246 993
244 245 984
243 244 199
242 243 22
241 242 620
240 241 37
239 240 118
238 239 853
237 238 379
236 237 93
235 236 400
234 235 122
233 234 589
232 233 850
231 232 620
230 231 193
229 230 650
228 229 127
227 228 27
226 227 75
225 226 696
224 225 616
223 224 547
222 223 958
221 222 931
220 221 649
219 220 587
218 219 836
217 218 46
216 217 224
215 216 714
214 215 875
213 214 149
212 213 801
211 212 103
210 211 63
209 210 835
208 209 436
207 208 340
206 207 174
205 206 813
204 205 380
203 204 225
202 203 722
201 202 119
200 201 277
199 200 749
198 199 16
197 198 248
196 197 194
195 196 865
194 195 343
193 194 645
192 193 601
191 192 498
190 191 118
189 190 627
188 189 332
187 188 84
186 187 365
185 186 812
184 185 938
183 184 717
182 183 656
181 182 676
180 181 504
179 180 461
178 179 281
177 178 593
176 177 429
175 176 972
174 175 845
173 174 603
172 173 695
171 172 916
170 171 220
169 170 869
168 169 241
167 168 831
166 167 534
165 166 282
164 165 537
163 164 722
162 163 857
161 162 400
160 161 699
159 160 553
158 159 849
157 158 945
156 157 716
155 156 919
154 155 82
153 154 862
152 153 39
151 152 945
150 151 153
149 150 897
148 149 133
147 148 775
146 147 695
145 146 91
144 145 70
143 144 487
142 143 266
141 142 672
140 141 627
139 140 33
138 139 191
137 138 841
136 137 193
135 136 188
134 135 297
133 134 247
132 133 589
131 132 324
130 131 394
129 130 817
128 129 610
127 128 93
126 127 455
125 126 294
124 125 601
123 124 560
122 123 617
121 122 818
120 121 986
119 120 208
118 119 553
117 118 944
116 117 834
115 116 340
114 115 560
113 114 127
112 113 723
111 112 298
110 111 564
109 110 308
108 109 111
107 108 501
106 107 955
105 106 520
104 105 896
103 104 327
102 103 82
101 102 93
100 101 458
99 100 556
98 99 822
97 98 145
96 97 990
95 96 822
94 95 244
93 94 227
92 93 581
91 92 939
90 91 195
89 90 64
88 89 891
87 88 720
86 87 333
85 86 747
84 85 249
83 84 341
82 83 888
81 82 847
80 81 505
79 80 626
78 79 1
77 78 640
76 77 684
75 76 803
74 75 844
73 74 727
72 73 408
71 72 860
70 71 736
69 70 95
68 69 14
67 68 937
66 67 561
65 66 940
64 65 824
63 64 63
62 63 266
61 62 533
60 61 886
59 60 453
58 59 488
57 58 565
56 57 989
55 56 209
54 55 934
53 54 655
52 53 625
51 52 323
50 51 444
49 50 362
48 49 103
47 48 573
46 47 483
45 46 338
44 45 700
43 44 870
42 43 920
41 42 75
40 41 747
39 40 101
38 39 317
37 38 150
36 37 923
35 36 616
34 35 829
33 34 722
32 33 545
31 32 931
30 31 256
29 30 818
28 29 633
27 28 97
26 27 773
25 26 143
24 25 288
23 24 142
22 23 516
21 22 223
20 21 929
19 20 913
18 19 597
17 18 366
16 17 488
15 16 991
14 15 310
13 14 849
12 13 802
11 12 940
10 11 414
9 10 497
8 9 523
7 8 988
6 7 265
5 6 41
4 5 430
3 4 911
2 3 776
1 2 394
0 1 864