620 575 463
620 576 907
620 577 795
620 578 301
620 579 904
620 580 287
620 581 768
620 582 324
620 583 806
620 584 913
620 585 933
620 586 953
620 587 132
620 588 651
620 589 592
620 590 64
620 591 205
620 592 794
620 593 157
620 594 424
620 595 11
620 596 755
620 597 456
620 598 907
620 599 7
620 600 582
620 601 228
620 602 754
620 603 610
620 604 40
620 605 736
620 606 401
620 607 214
620 608 428
620 609 917
620 610 376
620 611 694
620 612 634
620 613 542
620 614 974
620 615 665
620 616 392
620 617 978
620 618 368
620 619 803
620 620 916
621 1 181
621 2 749
621 3 235
621 4 776
621 5 49
621 6 691
621 7 64
621 8 784
621 9 198
621 10 683
621 11 319
621 12 929
621 13 328
621 14 56
621 15 112
621 16 892
621 17 783
621 18 141
621 19 872
621 20 19
621 21 870
621 22 575
621 23 86
621 24 1
621 25 143
621 26 825
621 27 493
621 28 756
621 29 998
621 30 26
621 31 864
621 32 755
621 33 739
621 34 532
621 35 148
621 36 506
621 37 338
621 38 232
621 39 345
621 40 815
621 41 622
621 42 325
621 43 429
621 44 891
621 45 384
621 46 674
621 47 755
621 48 559
621 49 576
621 50 627
621 51 574
621 52 541
621 53 542
621 54 466
621 55 49
621 56 112
621 57 178
621 58 450
621 59 319
621 60 112
621 61 853
621 62 726
621 63 561
621 64 512
621 65 200
621 66 278
621 67 184
621 68 938
621 69 636
621 70 700
621 71 637
621 72 18
621 73 303
621 74 792
621 75 276
621 76 899
621 77 678
621 78 516
621 79 923
621 80 492
621 81 877
621 82 652
621 83 997
621 84 603
621 85 351
621 86 881
621 87 508
621 88 676
621 89 322
621 90 560
621 91 631
621 92 242
621 93 204
621 94 137
621 95 330
621 96 123
621 97 230
621 98 769
621 99 369
621 100 101
621 101 444
621 102 450
621 103 783
621 104 937
621 105 128
621 106 66
621 107 236
621 108 951
621 109 231
621 110 511
621 111 179
621 112 357
621 113 143
621 114 57
621 115 828
621 116 469
621 117 309
621 118 807
621 119 816
621 120 434
621 121 528
621 122 339
621 123 92
621 124 854
621 125 674
621 126 922
621 127 889
621 128 466
621 129 753
621 130 691
621 131 366
621 132 784
621 133 923
621 134 836
621 135 532
621 136 652
621 137 216
621 138 87
621 139 741
621 140 844
621 141 165
621 142 938
621 143 181
621 144 916
621 145 914
621 146 267
621 147 413
621 148 827
621 149 662
621 150 178
621 151 641
621 152 345
621 153 782
621 154 273
621 155 719
621 156 463
621 157 543
621 158 176
621 159 923
621 160 412
621 161 845
621 162 865
621 163 309
621 164 921
621 165 765
621 166 873
621 167 222
621 168 102
621 169 594
621 170 590
621 171 83
621 172 288
621 173 96
621 174 913
621 175 622
621 176 413
621 177 854
621 178 122
621 179 647
621 180 154
621 181 115
621 182 943
621 183 59
621 184 144
621 185 723
621 186 144
621 187 679
621 188 496
621 189 474
621 190 400
621 191 91
621 192 762
621 193 387
621 194 52
621 195 108
621 196 722
621 197 918
621 198 265
621 199 916
621 200 536
621 201 730
621 202 81
621 203 246
621 204 981
621 205 486
621 206 162
621 207 571
621 208 868
621 209 173
621 210 191
621 211 654
621 212 309
621 213 665
621 214 674
621 215 193
621 216 1
621 217 884
621 218 780
621 219 876
621 220 341
621 221 317
621 222 335
621 223 777
621 224 329
621 225 387
621 226 115
621 227 119
621 228 730
621 229 678
621 230 364
621 231 957
621 232 278
621 233 167
621 234 323
621 235 676
621 236 89
621 237 178
621 238 325
621 239 746
621 240 455
621 241 619
621 242 600
621 243 549
621 244 99
621 245 158
621 246 509
621 247 224
621 248 822
621 249 348
621 250 721
621 251 130
621 252 999
621 253 472
621 254 166
621 255 251
621 256 351
621 257 460
621 258 829
621 259 819
621 260 298
621 261 371
621 262 329
621 263 476
621 264 140
621 265 828
621 266 73
621 267 274
621 268 196
621 269 789
621 270 643
621 271 434
621 272 780
621 273 210
621 274 829
621 275 439
621 276 148
621 277 385
621 278 908
621 279 504
621 280 685
621 281 442
621 282 497
621 283 966
621 284 273
621 285 875
621 286 427
621 287 93
621 288 219
621 289 648
621 290 414
621 291 414
621 292 486
621 293 772
621 294 672
621 295 7
621 296 789
621 297 184
621 298 374
621 299 594
621 300 315
621 301 673
621 302 313
621 303 112
621 304 693
621 305 639
621 306 103
621 307 902
621 308 105
621 309 337
621 310 43
621 311 379
621 312 934
621 313 479
621 314 902
621 315 133
621 316 942
621 317 365
621 318 309
621 319 82
621 320 264
621 321 576
621 322 138
621 323 576
621 324 477
621 325 643
621 326 142
621 327 51
621 328 536
621 329 587
621 330 79
621 331 482
621 332 501
621 333 27
621 334 45
621 335 199
621 336 348
621 337 956
621 338 65
621 339 148
621 340 143
621 341 516
621 342 132
621 343 915
621 344 314
621 345 98
621 346 609
621 347 917
621 348 665
621 349 547
621 350 832
621 351 403
621 352 270
621 353 522
621 354 944
621 355 369
621 356 45
621 357 793
621 358 229
621 359 819
621 360 740
621 361 537
621 362 726
621 363 349
621 364 503
621 365 258
621 366 865
621 367 978
621 368 801
621 369 500
621 370 158
621 371 711
621 372 880
621 373 450
621 374 866
621 375 323
621 376 509
621 377 956
621 378 131
621 379 643
621 380 464
621 381 620
621 382 807
621 383 169
621 384 99
621 385 224
621 386 68
621 387 440
621 388 315
621 389 215
621 390 364
621 391 621
621 392 25
621 393 772
621 394 601
621 395 825
621 396 189
621 397 592
621 398 486
621 399 921
621 400 720
621 401 750
621 402 761
621 403 569
621 404 455
621 405 536
621 406 483
621 407 562
621 408 358
621 409 546
621 410 971
621 411 399
621 412 829
621 413 695
621 414 504
621 415 30
621 416 26
621 417 830
621 418 729
621 419 284
621 420 817
621 421 974
621 422 87
621 423 568
621 424 424
621 425 22
621 426 988
621 427 37
621 428 739
621 429 416
621 430 779
621 431 671
621 432 748
621 433 278
621 434 432
621 435 207
621 436 514
621 437 970
621 438 526
621 439 661
621 440 959
621 441 511
621 442 23
621 443 526
621 444 622
621 445 384
621 446 291
621 447 739
621 448 258
621 449 263
621 450 322
621 451 619
621 452 256
621 453 122
621 454 475
621 455 502
621 456 434
621 457 745
621 458 551
621 459 328
621 460 431
621 461 660
621 462 924
621 463 534
621 464 262
621 465 407
621 466 180
621 467 256
621 468 157
621 469 101
621 470 189
621 471 766
621 472 932
621 473 308
621 474 2
621 475 582
621 476 930
621 477 162
621 478 955
621 479 717
621 480 64
621 481 258
621 482 219
621 483 766
621 484 658
621 485 737
621 486 754
621 487 983
621 488 847
621 489 455
621 490 390
621 491 439
621 492 695
621 493 157
621 494 165
621 495 401
621 496 775
621 497 423
621 498 506
621 499 766
621 500 629
621 501 192
621 502 953
621 503 889
621 504 682
621 505 15
621 506 614
621 507 782
621 508 394
621 509 942
621 510 923
621 511 646
621 512 910
621 513 742
621 514 766
621 515 922
621 516 824
621 517 651
621 518 882
621 519 751
621 520 697
621 521 739
621 522 233
621 523 922
621 524 890
621 525 491
621 526 190
621 527 372
621 528 428
621 529 17
621 530 810
621 531 789
621 532 119
621 533 373
621 534 354
621 535 841
621 536 986
621 537 342
621 538 984
621 539 633
621 540 607
621 541 460
621 542 674
621 543 559
621 544 896
621 545 464
621 546 194
621 547 912
621 548 878
621 549 771
621 550 556
621 551 658
621 552 32
621 553 989
621 554 936
621 555 202
621 556 838
621 557 561
621 558 597
621 559 239
621 560 414
621 561 911
621 562 176
621 563 337
621 564 162
621 565 621
621 566 818
621 567 30
621 568 5
621 569 264
621 570 43
621 571 694
621 572 710
621 573 833
621 574 292
621 575 417
621 576 75
621 577 607
621 578 624
621 579 580
621 580 892
621 581 204
621 582 509
621 583 175
621 584 116
621 585 649
621 586 536
621 587 842
621 588 973
621 589 948
621 590 378
621 591 259
621 592 183
621 593 725
621 594 797
621 595 881
621 596 838
621 597 954
621 598 999
621 599 671
621 600 232
621 601 273
621 602 694
621 603 792
621 604 7
621 605 426
621 606 664
621 607 342
621 608 81
621 609 740
621 610 274
621 611 762
621 612 47
621 613 268
621 614 941
621 615 163
621 616 818
621 617 797
621 618 276
621 619 549
621 620 431
621 621 775
622 1 989
622 2 34
622 3 403
622 4 237
622 5 339
622 6 653
622 7 32
622 8 365
622 9 570
622 10 397
622 11 950
622 12 793
622 13 281
622 14 980
622 15 105
622 16 787
622 17 408
622 18 818
622 19 361
622 20 248
622 21 706
622 22 686
622 23 632
622 24 118
622 25 650
622 26 194
622 27 328
622 28 257
622 29 647
622 30 148
622 31 506
622 32 812
622 33 513
622 34 97
622 35 647
622 36 204
622 37 331
622 38 764
622 39 832
622 40 359
622 41 672
622 42 939
622 43 176
622 44 41
622 45 893
622 46 142
622 47 836
622 48 267
622 49 989
622 50 282
622 51 128
622 52 682
622 53 495
622 54 752
622 55 501
622 56 848
622 57 118
622 58 190
622 59 140
622 60 924
622 61 668
622 62 214
622 63 709
622 64 697
622 65 758
622 66 263
622 67 146
622 68 1
622 69 8
622 70 21
622 71 382
622 72 517
622 73 361
622 74 964
622 75 290
622 76 752
622 77 373
622 78 989
622 79 796
622 80 870
622 81 414
622 82 619
622 83 156
622 84 93
622 85 710
622 86 579
622 87 247
622 88 314
622 89 930
622 90 401
622 91 559
622 92 585
622 93 715
622 94 575
622 95 331
622 96 936
622 97 541
622 98 380
622 99 917
622 100 387
622 101 810
622 102 746
622 103 96
622 104 254
622 105 566
622 106 900
622 107 747
622 108 35
622 109 981
622 110 518
622 111 641
622 112 82
622 113 133
622 114 523
622 115 432
622 116 870
622 117 747
622 118 381
622 119 875
622 120 141
622 121 104
622 122 552
622 123 172
622 124 909
622 125 744
622 126 513
622 127 456
622 128 880
622 129 734
622 130 484
622 131 117
622 132 82
622 133 443
622 134 498
622 135 956
622 136 102
622 137 840
622 138 206
622 139 118
622 140 676
622 141 795
622 142 622
622 143 66
622 144 726
622 145 78
622 146 104
622 147 814
622 148 138
622 149 574
622 150 760
622 151 970
622 152 20
622 153 142
622 154 599
622 155 83
622 156 664
622 157 481
622 158 173
622 159 888
622 160 608
622 161 895
622 162 159
622 163 44
622 164 639
622 165 33
622 166 1
622 167 59
622 168 316
622 169 301
622 170 7
622 171 377
622 172 93
622 173 947
622 174 813
622 175 43
622 176 41
622 177 434
622 178 69
622 179 897
622 180 386
622 181 210
622 182 949
622 183 561
622 184 316
622 185 648
622 186 465
622 187 955
622 188 952
622 189 225
622 190 300
622 191 848
622 192 728
622 193 666
622 194 783
622 195 61
622 196 69
622 197 472
622 198 778
622 199 339
622 200 273
622 201 839
622 202 600
622 203 33
622 204 400
622 205 309
622 206 312
622 207 817
622 208 751
622 209 289
622 210 750
622 211 834
622 212 484
622 213 119
622 214 676
622 215 109
622 216 917
622 217 917
622 218 161
622 219 490
622 220 163
622 221 38
622 222 544
622 223 980
622 224 318
622 225 450
622 226 406
622 227 296
622 228 183
622 229 441
622 230 691
622 231 447
622 232 695
622 233 940
622 234 933
622 235 532
622 236 669
622 237 10
622 238 183
622 239 664
622 240 234
622 241 32
622 242 618
622 243 965
622 244 181
622 245 101
622 246 794
622 247 70
622 248 898
622 249 509
622 250 912
622 251 841
622 252 187
622 253 159
622 254 346
622 255 639
622 256 24
622 257 385
622 258 236
622 259 339
622 260 232
622 261 698
622 262 67
622 263 317
622 264 451
622 265 981
622 266 449
622 267 434
622 268 38
622 269 354
622 270 174
622 271 790
622 272 661
622 273 599
622 274 935
622 275 837
622 276 428
622 277 311
622 278 378
622 279 560
622 280 480
622 281 309
622 282 615
622 283 739
622 284 600
622 285 993
622 286 854
622 287 785
622 288 915
622 289 997
622 290 941
622 291 731
622 292 404
622 293 991
622 294 939
622 295 441
622 296 844
622 297 690
622 298 408
622 299 157
622 300 496
622 301 689
622 302 295
622 303 650
622 304 445
622 305 642
622 306 0
622 307 567
622 308 410
622 309 995
622 310 496
622 311 289
622 312 237
622 313 789
622 314 655
622 315 779
622 316 712
622 317 660
622 318 800
622 319 390
622 320 422
622 321 658
622 322 388
622 323 354
622 324 88
622 325 39
622 326 65
622 327 290
622 328 718
622 329 526
622 330 720
622 331 459
622 332 428
622 333 821
622 334 788
622 335 908
622 336 887
622 337 782
622 338 851
622 339 302
622 340 631
622 341 202
622 342 2
622 343 936
622 344 756
622 345 350
622 346 761
622 347 734
622 348 488
622 349 557
622 350 23
622 351 438
622 352 80
622 353 212
622 354 285
622 355 628
622 356 414
622 357 567
622 358 963
622 359 687
622 360 710
622 361 531
622 362 736
622 363 89
622 364 675
622 365 134
622 366 502
622 367 69
622 368 208
622 369 580
622 370 202
622 371 12
622 372 376
622 373 451
622 374 898
622 375 976
622 376 811
622 377 478
622 378 913
622 379 423
622 380 503
622 381 33
622 382 136
622 383 564
622 384 339
622 385 616
622 386 716
622 387 974
622 388 398
622 389 835
622 390 202
622 391 186
622 392 922
622 393 838
622 394 529
622 395 746
622 396 470
622 397 104
622 398 21
622 399 253
622 400 691
622 401 293
622 402 719
622 403 964
622 404 807
622 405 636
622 406 485
622 407 381
622 408 23
622 409 658
622 410 331
622 411 473
622 412 921
622 413 227
622 414 900
622 415 190
622 416 167
622 417 794
622 418 279
622 419 352
622 420 259
622 421 925
622 422 735
622 423 762
622 424 901
622 425 478
622 426 755
622 427 781
622 428 873
622 429 643
622 430 484
622 431 321
622 432 525
622 433 355
622 434 290
622 435 239
622 436 616
622 437 969
622 438 993
622 439 431
622 440 603
622 441 8
622 442 825
622 443 655
622 444 435
622 445 191
622 446 376
622 447 857
622 448 573
622 449 516
622 450 608
622 451 660
622 452 474
622 453 235
622 454 393
622 455 740
622 456 262
622 457 213
622 458 390
622 459 786
622 460 645
622 461 84
622 462 317
622 463 102
622 464 125
622 465 983
622 466 16
622 467 387
622 468 574
622 469 27
622 470 584
622 471 851
622 472 721
622 473 450
622 474 171
622 475 710
622 476 849
622 477 925
622 478 264
622 479 476
622 480 169
622 481 169
622 482 455
622 483 168
622 484 700
622 485 113
622 486 856
622 487 943
622 488 251
622 489 62
622 490 758
622 491 295
622 492 631
622 493 557
622 494 104
622 495 94
622 496 910
622 497 308
622 498 796
622 499 513
622 500 117
622 501 557
622 502 319
622 503 212
622 504 742
622 505 337
622 506 109
622 507 4
622 508 105
622 509 15
622 510 409
622 511 460
622 512 960
622 513 175
622 514 558
622 515 267
622 516 472
622 517 585
622 518 685
622 519 902
622 520 383
622 521 248
622 522 203
622 523 867
622 524 463
622 525 345
622 526 771
622 527 347
622 528 95
622 529 1
622 530 147
622 531 992
622 532 0
622 533 345
622 534 694
622 535 684
622 536 571
622 537 127
622 538 539
622 539 285
622 540 308
622 541 174
622 542 615
622 543 303
622 544 861
622 545 691
622 546 58
622 547 431
622 548 98
622 549 738
622 550 652
622 551 402
622 552 243
622 553 491
622 554 670
622 555 395
622 556 717
622 557 879
622 558 537
622 559 822
622 560 972
622 561 15
622 562 98
622 563 134
622 564 463
622 565 820
622 566 571
622 567 89
622 568 108
622 569 598
622 570 373
622 571 419
622 572 446
622 573 869
622 574 437
622 575 362
622 576 857
622 577 703
622 578 177
622 579 452
622 580 483
622 581 934
622 582 738
622 583 779
622 584 366
622 585 255
622 586 126
622 587 656
622 588 985
622 589 130
622 590 953
622 591 798
622 592 420
622 593 338
622 594 197
622 595 942
622 596 737
622 597 636
622 598 330
622 599 317
622 600 446
622 601 31
622 602 673
622 603 111
622 604 833
622 605 881
622 606 723
622 607 725
622 608 267
622 609 347
622 610 212
622 611 15
622 612 710
622 613 176
622 614 894
622 615 973
622 616 274
622 617 509
622 618 623
622 619 135
622 620 413
622 621 527
622 622 271
623 1 482
623 2 901
623 3 496
623 4 202
623 5 263
623 6 724
623 7 394
623 8 859
623 9 109
623 10 273
623 11 7
623 12 857
623 13 164
623 14 199
623 15 529
623 16 761
623 17 582
623 18 863
623 19 625
623 20 479
623 21 434
623 22 790
623 23 636
623 24 522
623 25 292
623 26 789
623 27 795
623 28 646
623 29 53
623 30 458
623 31 658
623 32 989
623 33 395
623 34 26
623 35 460
623 36 148
623 37 376
623 38 86
623 39 313
623 40 793
623 41 924
623 42 268
623 43 662
623 44 820
623 45 242
623 46 276
623 47 650
623 48 664
623 49 455
623 50 97
623 51 305
623 52 205
623 53 946
623 54 397
623 55 546
623 56 671
623 57 583
623 58 732
623 59 339
623 60 727
623 61 132
623 62 560
623 63 531
623 64 592
623 65 430
623 66 256
623 67 783
623 68 10
623 69 895
623 70 997
623 71 327
623 72 463
623 73 218
623 74 535
623 75 893
623 76 253
623 77 147
623 78 738
623 79 606
623 80 91
623 81 794
623 82 217
623 83 247
623 84 668
623 85 303
623 86 22
623 87 927
623 88 399
623 89 417
623 90 652
623 91 260
623 92 340
623 93 355
623 94 60
623 95 462
623 96 847
623 97 144
623 98 76
623 99 725
623 100 42
623 101 429
623 102 592
623 103 264
623 104 798
623 105 591
623 106 479
623 107 637
623 108 276
623 109 97
623 110 286
623 111 108
623 112 69
623 113 181
623 114 635
623 115 606
623 116 840
623 117 830
623 118 781
623 119 868
623 120 158
623 121 994
623 122 652
623 123 884
623 124 147
623 125 892
623 126 785
623 127 691
623 128 615
623 129 723
623 130 146
623 131 231
623 132 13
623 133 249
623 134 643
623 135 955
623 136 665
623 137 508
623 138 977
623 139 163
623 140 530
623 141 798
623 142 745
623 143 970
623 144 595
623 145 842
623 146 695
623 147 124
623 148 640
623 149 243
623 150 166
623 151 385
623 152 812
623 153 575
623 154 719
623 155 263
623 156 599
623 157 754
623 158 266
623 159 841
623 160 476
623 161 88
623 162 603
623 163 823
623 164 699
623 165 727
623 166 881
623 167 30
623 168 43
623 169 532
623 170 251
623 171 506
623 172 103
623 173 100
623 174 948
623 175 662
623 176 375
623 177 698
623 178 87
623 179 586
623 180 481
623 181 768
623 182 306
623 183 39
623 184 859
623 185 183
623 186 959
623 187 433
623 188 549
623 189 869
623 190 938
623 191 452
623 192 142
623 193 161
623 194 964
623 195 119
623 196 216
623 197 758
623 198 271
623 199 439
623 200 586
623 201 897
623 202 152
623 203 599
623 204 159
623 205 358
623 206 501
623 207 616
623 208 850
623 209 192
623 210 539
623 211 158
623 212 677
623 213 644
623 214 294
623 215 78
623 216 451
623 217 146
623 218 36
623 219 404
623 220 387
623 221 755
623 222 743
623 223 666
623 224 434
623 225 714
623 226 533
623 227 302
623 228 205
623 229 196
623 230 861
623 231 830
623 232 925
623 233 368
623 234 77
623 235 742
623 236 699
623 237 327
623 238 329
623 239 520
623 240 118
623 241 149
623 242 693
623 243 756
623 244 379
623 245 648
623 246 864
623 247 529
623 248 147
623 249 289
623 250 496
623 251 18
623 252 877
623 253 245
623 254 900
623 255 943
623 256 419
623 257 139
623 258 881
623 259 235
623 260 90
623 261 669
623 262 636
623 263 627
623 264 379
623 265 508
623 266 846
623 267 127
623 268 629
623 269 90
623 270 686
623 271 898
623 272 304
623 273 731
623 274 918
623 275 680
623 276 959
623 277 737
623 278 755
623 279 336
623 280 401
623 281 296
623 282 664
623 283 855
623 284 282
623 285 618
623 286 93
623 287 483
623 288 464
623 289 242
623 290 146
623 291 7
623 292 845
623 293 217
623 294 698
623 295 530
623 296 220
623 297 451
623 298 202
623 299 998
623 300 35
623 301 659
623 302 718
623 303 210
623 304 807
623 305 787
623 306 353
623 307 359
623 308 29
623 309 807
623 310 617
623 311 645
623 312 655
623 313 482
623 314 819
623 315 688
623 316 268
623 317 934
623 318 656
623 319 885
623 320 404
623 321 615
623 322 441
623 323 635
623 324 654
623 325 532
623 326 590
623 327 563
623 328 199
623 329 618
623 330 133
623 331 525
623 332 102
623 333 879
623 334 946
623 335 196
623 336 93
623 337 503
623 338 223
623 339 203
623 340 538
623 341 217
623 342 561
623 343 848
623 344 908
623 345 71
623 346 416
623 347 387
623 348 612
623 349 97
623 350 246
623 351 238
623 352 206
623 353 33
623 354 171
623 355 669
623 356 767
623 357 477
623 358 689
623 359 518
623 360 124
623 361 411
623 362 548
623 363 99
623 364 89
623 365 400
623 366 208
623 367 479
623 368 215
623 369 425
623 370 589
623 371 779
623 372 528
623 373 454
623 374 631
623 375 312
623 376 35
623 377 671
623 378 155
623 379 582
623 380 554
623 381 729
623 382 726
623 383 790
623 384 128
623 385 562
623 386 393
623 387 739
623 388 753
623 389 399
623 390 883
623 391 853
623 392 352
623 393 52
623 394 524
623 395 385
623 396 334
623 397 997
623 398 451
623 399 271
623 400 70
623 401 756
623 402 181
623 403 810
623 404 779
623 405 199
623 406 549
623 407 751
623 408 917
623 409 267
623 410 432
623 411 147
623 412 471
623 413 937
623 414 939
623 415 891
623 416 732
623 417 141
623 418 872
623 419 529
623 420 97
623 421 667
623 422 930
623 423 604
623 424 977
623 425 116
623 426 384
623 427 179
623 428 67
623 429 401
623 430 565
623 431 292
623 432 223
623 433 289
623 434 992
623 435 602
623 436 551
623 437 361
623 438 278
623 439 501
623 440 358
623 441 102
623 442 193
623 443 724
623 444 691
623 445 281
623 446 751
623 447 652
623 448 664
623 449 963
623 450 236
623 451 453
623 452 902
623 453 680
623 454 324
623 455 467
623 456 178
623 457 685
623 458 225
623 459 972
623 460 326
623 461 515
623 462 42
623 463 551
623 464 496
623 465 148
623 466 130
623 467 428
623 468 3
623 469 691
623 470 591
623 471 758
623 472 212
623 473 843
623 474 146
623 475 915
623 476 4
623 477 225
623 478 754
623 479 613
623 480 810
623 481 285
623 482 887
623 483 707
623 484 872
623 485 632
623 486 716
623 487 737
623 488 919
623 489 83
623 490 277
623 491 759
623 492 834
623 493 773
623 494 129
623 495 694
623 496 491
623 497 674
623 498 550
623 499 359
623 500 17
623 501 602
623 502 891
623 503 203
623 504 186
623 505 975
623 506 997
623 507 416
623 508 679
623 509 863
623 510 919
623 511 139
623 512 80
623 513 209
623 514 277
623 515 630
623 516 752
623 517 148
623 518 310
623 519 807
623 520 507
623 521 264
623 522 233
623 523 896
623 524 133
623 525 140
623 526 231
623 527 974
623 528 604
623 529 188
623 530 930
623 531 162
623 532 302
623 533 284
623 534 202
623 535 902
623 536 885
623 537 981
623 538 543
623 539 625
623 540 944
623 541 949
623 542 964
623 543 589
623 544 913
623 545 790
623 546 131
623 547 726
623 548 400
623 549 891
623 550 602
623 551 835
623 552 93
623 553 319
623 554 747
623 555 955
623 556 843
623 557 97
623 558 807
623 559 42
623 560 20
623 561 240
623 562 577
623 563 922
623 564 98
623 565 610
623 566 836
623 567 750
623 568 978
623 569 338
623 570 525
623 571 596
623 572 675
623 573 875
623 574 17
623 575 518
623 576 93
623 577 643
623 578 809
623 579 997
623 580 82
623 581 743
623 582 91
623 583 692
623 584 968
623 585 225
623 586 383
623 587 493
623 588 938
623 589 873
623 590 424
623 591 920
623 592 561
623 593 316
623 594 448
623 595 572
623 596 737
623 597 629
623 598 272
623 599 781
623 600 163
623 601 342
623 602 60
623 603 913
623 604 117
623 605 936
623 606 884
623 607 55
623 608 394
623 609 713
623 610 894
623 611 716
623 612 957
623 613 760
623 614 689
623 615 868
623 616 321
623 617 833
623 618 429
623 619 498
623 620 705
623 621 294
623 622 513
623 623 256
624 1 82
624 2 469
624 3 570
624 4 867
624 5 167
624 6 851
624 7 618
624 8 201
624 9 979
624 10 196
624 11 44
624 12 21
624 13 748
624 14 322
624 15 416
624 16 864
624 17 362
624 18 206
624 19 524
624 20 279
624 21 399
624 22 300
624 23 215
624 24 926
624 25 508
624 26 553
624 27 90
624 28 821
624 29 726
624 30 255
624 31 619
624 32 366
624 33 614
624 34 185
624 35 708
624 36 209
624 37 491
624 38 457
624 39 944
624 40 915
624 41 117
624 42 610
624 43 727
624 44 721
624 45 549
624 46 177
624 47 563
624 48 262
624 49 778
624 50 864
624 51 147
624 52 249
624 53 329
624 54 149
624 55 648
624 56 638
624 57 345
624 58 613
624 59 243
624 60 466
624 61 964
624 62 380
624 63 906
624 64 950
624 65 886
624 66 601
624 67 549
624 68 247
624 69 985
624 70 261
624 71 216
624 72 246
624 73 302
624 74 390
624 75 377
624 76 242
624 77 400
624 78 439
624 79 524
624 80 147
624 81 643
624 82 885
624 83 886
624 84 787
624 85 581
624 86 440
624 87 335
624 88 592
624 89 322
624 90 452
624 91 626
624 92 177
624 93 686
624 94 999
624 95 845
624 96 614
624 97 638
624 98 465
624 99 724
624 100 27
624 101 935
624 102 218
624 103 495
624 104 594
624 105 899
624 106 701
624 107 294
624 108 712
624 109 394
624 110 853
624 111 168
624 112 950
624 113 674
624 114 538
624 115 491
624 116 756
624 117 779
624 118 44
624 119 944
624 120 164
624 121 743
624 122 803
624 123 845
624 124 867
624 125 822
624 126 699
624 127 352
624 128 908
624 129 742
624 130 760
624 131 488
624 132 670
624 133 670
624 134 241
624 135 788
624 136 663
624 137 830
624 138 1
624 139 429
624 140 969
624 141 903
624 142 936
624 143 774
624 144 494
624 145 497
624 146 275
624 147 349
624 148 184
624 149 374
624 150 965
624 151 40
624 152 367
624 153 583
624 154 41
624 155 997
624 156 114
624 157 519
624 158 531
624 159 24
624 160 558
624 161 249
624 162 633
624 163 784
624 164 445
624 165 376
624 166 113
624 167 486
624 168 78
624 169 588
624 170 255
624 171 7
624 172 524
624 173 811
624 174 350
624 175 374
624 176 1000
624 177 800
624 178 393
624 179 742
624 180 38
624 181 514
624 182 795
624 183 237
624 184 353
624 185 524
624 186 477
624 187 637
624 188 926
624 189 685
624 190 761
624 191 326
624 192 834
624 193 605
624 194 411
624 195 488
624 196 744
624 197 890
624 198 681
624 199 960
624 200 360
624 201 309
624 202 578
624 203 274
624 204 536
624 205 69
624 206 680
624 207 118
624 208 578
624 209 660
624 210 393
624 211 35
624 212 159
624 213 146
624 214 72
624 215 900
624 216 151
624 217 320
624 218 523
624 219 895
624 220 848
624 221 409
624 222 659
624 223 147
624 224 224
624 225 928
624 226 75
624 227 531
624 228 436
624 229 564
624 230 491
624 231 555
624 232 412
624 233 795
624 234 392
624 235 449
624 236 323
624 237 82
624 238 86
624 239 539
624 240 548
624 241 481
624 242 496
624 243 698
624 244 339
624 245 461
624 246 259
624 247 212
624 248 381
624 249 88
624 250 64
624 251 769
624 252 592
624 253 338
624 254 148
624 255 857
624 256 331
624 257 840
624 258 758
624 259 6
624 260 340
624 261 976
624 262 117
624 263 960
624 264 137
624 265 519
624 266 779
624 267 852
624 268 144
624 269 791
624 270 158
624 271 291
624 272 654
624 273 10
624 274 897
624 275 71
624 276 796
624 277 792
624 278 536
624 279 52
624 280 882
624 281 651
624 282 885
624 283 9
624 284 701
624 285 412
624 286 216
624 287 258
624 288 274
624 289 294
624 290 480
624 291 590
624 292 91
624 293 850
624 294 172
624 295 978
624 296 602
624 297 212
624 298 659
624 299 130
624 300 923
624 301 964
624 302 574
624 303 148
624 304 555
624 305 899
624 306 456
624 307 856
624 308 760
624 309 56
624 310 559
624 311 853
624 312 978
624 313 913
624 314 414
624 315 416
624 316 304
624 317 720
624 318 748
624 319 573
624 320 135
624 321 408
624 322 800
624 323 613
624 324 48
624 325 28
624 326 924
624 327 941
624 328 936
624 329 422
624 330 214
624 331 49
624 332 230
624 333 767
624 334 593
624 335 659
624 336 401
624 337 719
624 338 87
624 339 143
624 340 839
624 341 647
624 342 320
624 343 27
624 344 907
624 345 492
624 346 802
624 347 394
624 348 417
624 349 125
624 350 909
624 351 141
624 352 976
624 353 794
624 354 997
624 355 15
624 356 622
624 357 41
624 358 8
624 359 76
624 360 821
624 361 548
624 362 845
624 363 521
624 364 364
624 365 650
624 366 113
624 367 803
624 368 282
624 369 268
624 370 435
624 371 782
624 372 701
624 373 102
624 374 746
624 375 702
624 376 301
624 377 493
624 378 986
624 379 764
624 380 190
624 381 858
624 382 114
624 383 791
624 384 598
624 385 115
624 386 806
624 387 792
624 388 960
624 389 832
624 390 672
624 391 702
624 392 129
624 393 784
624 394 429
624 395 945
624 396 622
624 397 162
624 398 687
624 399 431
624 400 458
624 401 622
624 402 414
624 403 731
624 404 572
624 405 265
624 406 524
624 407 110
624 408 919
624 409 163
624 410 772
624 411 823
624 412 469
624 413 79
624 414 661
624 415 917
624 416 276
624 417 338
624 418 934
624 419 623
624 420 492
624 421 1000
624 422 497
624 423 280
624 424 764
624 425 672
624 426 323
624 427 141
624 428 994
624 429 347
624 430 62
624 431 731
624 432 193
624 433 633
624 434 846
624 435 948
624 436 641
624 437 938
624 438 648
624 439 339
624 440 317
624 441 429
624 442 87
624 443 514
624 444 138
624 445 953
624 446 663
624 447 663
624 448 661
624 449 32
624 450 618
624 451 918
624 452 446
624 453 55
624 454 2
624 455 927
624 456 232
624 457 881
624 458 932
624 459 963
624 460 642
624 461 600
624 462 417
624 463 517
624 464 605
624 465 626
624 466 154
624 467 673
624 468 508
624 469 183
624 470 814
624 471 188
624 472 326
624 473 201
624 474 393
624 475 942
624 476 891
624 477 213
624 478 756
624 479 361
624 480 279
624 481 544
624 482 608
624 483 14
624 484 176
624 485 786
624 486 25
624 487 716
624 488 118
624 489 800
624 490 442
624 491 596
624 492 89
624 493 363
624 494 878
624 495 371
624 496 756
624 497 511
624 498 842
624 499 402
624 500 241
624 501 841
624 502 985
624 503 317
624 504 891
624 505 851
624 506 171
624 507 950
624 508 938
624 509 622
624 510 21
624 511 16
624 512 672
624 513 690
624 514 9
624 515 274
624 516 831
624 517 624
624 518 369
624 519 677
624 520 988
624 521 928
624 522 177
624 523 632
624 524 189
624 525 917
624 526 962
624 527 221
624 528 894
624 529 845
624 530 1
624 531 965
624 532 812
624 533 262
624 534 876
624 535 105
624 536 611
624 537 206
624 538 18
624 539 70
624 540 707
624 541 469
624 542 263
624 543 991
624 544 198
624 545 747
624 546 808
624 547 53
624 548 539
624 549 666
624 550 928
624 551 467
624 552 308
624 553 443
624 554 265
624 555 349
624 556 939
624 557 487
624 558 663
624 559 846
624 560 856
624 561 518
624 562 933
624 563 796
624 564 544
624 565 921
624 566 774
624 567 529
624 568 611
624 569 827
624 570 143
624 571 521
624 572 171
624 573 526
624 574 271
624 575 221
624 576 441
624 577 193
624 578 240
624 579 863
624 580 578
624 581 775
624 582 834
624 583 690
624 584 305
624 585 513
624 586 916
624 587 712
624 588 410
624 589 592
624 590 405
624 591 389
624 592 617
624 593 653
624 594 873
624 595 357
624 596 339
624 597 934
624 598 717
624 599 828
624 600 960
624 601 303
624 602 838
624 603 486
624 604 142
624 605 450
624 606 308
624 607 484
624 608 347
624 609 406
624 610 623
624 611 204
624 612 875
624 613 853
624 614 957
624 615 751
624 616 826
624 617 490
624 618 23
624 619 136
624 620 259
624 621 704
624 622 657
624 623 513
624 624 304
625 1 986
625 2 849
625 3 375
625 4 366
625 5 682
625 6 359
625 7 151
625 8 612
625 9 13
625 10 296
625 11 521
625 12 901
625 13 641
625 14 614
625 15 137
625 16 677
625 17 779
625 18 918
625 19 796
625 20 727
625 21 461
625 22 254
625 23 456
625 24 709
625 25 68
625 26 828
625 27 523
625 28 54
625 29 874
625 30 779
625 31 46
625 32 878
625 33 214
625 34 758
625 35 248
625 36 600
625 37 161
625 38 780
625 39 913
625 40 78
625 41 743
625 42 264
625 43 405
625 44 677
625 45 353
625 46 996
625 47 422
625 48 282
625 49 690
625 50 461
625 51 405
625 52 763
625 53 248
625 54 764
625 55 984
625 56 10
625 57 83
625 58 915
625 59 844
625 60 920
625 61 11
625 62 545
625 63 88
625 64 876
625 65 129
625 66 105
625 67 505
625 68 538
625 69 546
625 70 394
625 71 217
625 72 397
625 73 517
625 74 390
625 75 171
625 76 421
625 77 63
625 78 204
625 79 867
625 80 926
625 81 808
625 82 471
625 83 739
625 84 21
625 85 759
625 86 725
625 87 814
625 88 876
625 89 888
625 90 817
625 91 306
625 92 792
625 93 536
625 94 253
625 95 762
625 96 172
625 97 697
625 98 595
625 99 853
625 100 902
625 101 131
625 102 573
625 103 776
625 104 249
625 105 160
625 106 966
625 107 722
625 108 904
625 109 947
625 110 427
625 111 739
625 112 840
625 113 884
625 114 238
625 115 185
625 116 27
625 117 557
625 118 256
625 119 564
625 120 190
625 121 148
625 122 807
625 123 308
625 124 818
625 125 226
625 126 154
625 127 255
625 128 207
625 129 365
625 130 536
625 131 874
625 132 908
625 133 726
625 134 168
625 135 59
625 136 949
625 137 959
625 138 714
625 139 482
625 140 441
625 141 413
625 142 274
625 143 288
625 144 511
625 145 252
625 146 539
625 147 127
625 148 423
625 149 538
625 150 370
625 151 771
625 152 914
625 153 15
625 154 448
625 155 983
625 156 131
625 157 925
625 158 187
625 159 844
625 160 100
625 161 315
625 162 83
625 163 244
625 164 31
625 165 392
625 166 488
625 167 827
625 168 723
625 169 236
625 170 52
625 171 533
625 172 173
625 173 383
625 174 433
625 175 125
625 176 725
625 177 459
625 178 910
625 179 501
625 180 545
625 181 827
625 182 932
625 183 320
625 184 973
625 185 259
625 186 230
625 187 596
625 188 287
625 189 428
625 190 397
625 191 804
625 192 57
625 193 611
625 194 265
625 195 143
625 196 529
625 197 708
625 198 909
625 199 869
625 200 254
625 201 725
625 202 802
625 203 49
625 204 294
625 205 669
625 206 560
625 207 324
625 208 320
625 209 677
625 210 999
625 211 891
625 212 78
625 213 275
625 214 865
625 215 653
625 216 8
625 217 855
625 218 23
625 219 32
625 220 293
625 221 715
625 222 689
625 223 447
625 224 643
625 225 246
625 226 303
625 227 178
625 228 331
625 229 474
625 230 607
625 231 82
625 232 125
625 233 418
625 234 851
625 235 544
625 236 514
625 237 424
625 238 91
625 239 459
625 240 885
625 241 354
625 242 567
625 243 525
625 244 206
625 245 281
625 246 728
625 247 170
625 248 117
625 249 822
625 250 299
625 251 14
625 252 626
625 253 86
625 254 35
625 255 331
625 256 972
625 257 800
625 258 723
625 259 893
625 260 315
625 261 335
625 262 838
625 263 676
625 264 85
625 265 0
625 266 788
625 267 794
625 268 680
625 269 574
625 270 283
625 271 131
625 272 321
625 273 848
625 274 476
625 275 221
625 276 205
625 277 872
625 278 560
625 279 997
625 280 356
625 281 916
625 282 996
625 283 738
625 284 275
625 285 161
625 286 356
625 287 449
625 288 763
625 289 715
625 290 623
625 291 206
625 292 408
625 293 235
625 294 984
625 295 679
625 296 710
625 297 181
625 298 222
625 299 724
625 300 856
625 301 571
625 302 99
625 303 355
625 304 228
625 305 800
625 306 860
625 307 532
625 308 35
625 309 496
625 310 131
625 311 600
625 312 881
625 313 76
625 314 533
625 315 106
625 316 584
625 317 257
625 318 69
625 319 776
625 320 809
625 321 978
625 322 427
625 323 574
625 324 628
625 325 101
625 326 352
625 327 140
625 328 339
625 329 264
625 330 883
625 331 652
625 332 22
625 333 839
625 334 507
625 335 929
625 336 165
625 337 14
625 338 565
625 339 527
625 340 346
625 341 61
625 342 554
625 343 554
625 344 844
625 345 762
625 346 194
625 347 652
625 348 822
625 349 630
625 350 382
625 351 298
625 352 352
625 353 118
625 354 393
625 355 270
625 356 278
625 357 644
625 358 32
625 359 253
625 360 440
625 361 722
625 362 121
625 363 31
625 364 906
625 365 145
625 366 779
625 367 136
625 368 985
625 369 958
625 370 680
625 371 621
625 372 444
625 373 119
625 374 24
625 375 893
625 376 746
625 377 394
625 378 327
625 379 445
625 380 490
625 381 539
625 382 978
625 383 64
625 384 496
625 385 577
625 386 598
625 387 641
625 388 323
625 389 158
625 390 45
625 391 91
625 392 958
625 393 270
625 394 604
625 395 843
625 396 233
625 397 347
625 398 949
625 399 518
625 400 763
625 401 393
625 402 391
625 403 224
625 404 858
625 405 899
625 406 285
625 407 457
625 408 607
625 409 112
625 410 264
625 411 476
625 412 157
625 413 376
625 414 524
625 415 981
625 416 884
625 417 602
625 418 28
625 419 886
625 420 991
625 421 628
625 422 244
625 423 827
625 424 785
625 425 23
625 426 762
625 427 85
625 428 319
625 429 368
625 430 775
625 431 631
625 432 429
625 433 208
625 434 15
625 435 770
625 436 504
625 437 748
625 438 993
625 439 619
625 440 80
625 441 67
625 442 550
625 443 556
625 444 389
625 445 316
625 446 501
625 447 928
625 448 658
625 449 543
625 450 139
625 451 684
625 452 983
625 453 4
625 454 648
625 455 215
625 456 553
625 457 421
625 458 809
625 459 894
625 460 583
625 461 599
625 462 422
625 463 874
625 464 89
625 465 212
625 466 415
625 467 21
625 468 47
625 469 721
625 470 376
625 471 913
625 472 215
625 473 553
625 474 724
625 475 475
625 476 973
625 477 403
625 478 958
625 479 976
625 480 159
625 481 769
625 482 116
625 483 772
625 484 225
625 485 150
625 486 68
625 487 479
625 488 866
625 489 325
625 490 679
625 491 449
625 492 400
625 493 448
625 494 734
625 495 365
625 496 863
625 497 570
625 498 381
625 499 167
625 500 196
625 501 701
625 502 505
625 503 346
625 504 699
625 505 906
625 506 293
625 507 649
625 508 661
625 509 946
625 510 435
625 511 528
625 512 775
625 513 988
625 514 882
625 515 111
625 516 700
625 517 676
625 518 229
625 519 624
625 520 690
625 521 895
625 522 453
625 523 248
625 524 137
625 525 63
625 526 44
625 527 0
625 528 201
625 529 748
625 530 569
625 531 325
625 532 863
625 533 618
625 534 926
625 535 499
625 536 248
625 537 33
625 538 451
625 539 612
625 540 218
625 541 951
625 542 584
625 543 679
625 544 920
625 545 505
625 546 632
625 547 705
625 548 648
625 549 155
625 550 444
625 551 596
625 552 608
625 553 871
625 554 729
625 555 555
625 556 945
625 557 531
625 558 187
625 559 335
625 560 741
625 561 192
625 562 533
625 563 849
625 564 698
625 565 778
625 566 908
625 567 347
625 568 984
625 569 790
625 570 821
625 571 970
625 572 805
625 573 48
625 574 400
625 575 171
625 576 196
625 577 508
625 578 421
625 579 192
625 580 694
625 581 399
625 582 479
625 583 921
625 584 784
625 585 164
625 586 824
625 587 636
625 588 890
625 589 342
625 590 37
625 591 351
625 592 158
625 593 60
625 594 968
625 595 125
625 596 689
625 597 646
625 598 530
625 599 955
625 600 307
625 601 192
625 602 89
625 603 700
625 604 534
625 605 851
625 606 992
625 607 152
625 608 951
625 609 954
625 610 613
625 611 497
625 612 668
625 613 368
625 614 290
625 615 451
625 616 233
625 617 144
625 618 486
625 619 488
625 620 259
625 621 246
625 622 439
625 623 229
625 624 456
625 625 793
626 1 782
626 2 981
626 3 414
626 4 565
626 5 6
626 6 909
626 7 740
626 8 457
626 9 24
626 10 420
626 11 957
626 12 793
626 13 492
626 14 359
626 15 254
626 16 464
626 17 239
626 18 883
626 19 841
626 20 839
626 21 343
626 22 517
626 23 578
626 24 80
626 25 386
626 26 260
626 27 426
626 28 131
626 29 347
626 30 560
626 31 465
626 32 182
626 33 481
626 34 458
626 35 914
626 36 521
626 37 127
626 38 486
626 39 932
626 40 709
626 41 108
626 42 573
626 43 123
626 44 512
626 45 520
626 46 431
626 47 206
626 48 327
626 49 675
626 50 999
626 51 586
626 52 212
626 53 388
626 54 139
626 55 674
626 56 790
626 57 635
626 58 145
626 59 708
626 60 24
626 61 279
626 62 105
626 63 731
626 64 105
626 65 967
626 66 257
626 67 94
626 68 529
626 69 610
626 70 137
626 71 656
626 72 464
626 73 693
626 74 345
626 75 846
626 76 376
626 77 720
626 78 355
626 79 596
626 80 29
626 81 275
626 82 977
626 83 630
626 84 42
626 85 783
626 86 999
626 87 390
626 88 215
626 89 446
626 90 0
626 91 826
626 92 486
626 93 391
626 94 425
626 95 950
626 96 232
626 97 239
626 98 948
626 99 181
626 100 549
626 101 68
626 102 425
626 103 866
626 104 636
626 105 918
626 106 532
626 107 1
626 108 868
626 109 202
626 110 477
626 111 758
626 112 83
626 113 204
626 114 934
626 115 957
626 116 620
626 117 619
626 118 841
626 119 119
626 120 132
626 121 4
626 122 547
626 123 391
626 124 8
626 125 44
626 126 975
626 127 239
626 128 28
626 129 372
626 130 715
626 131 816
626 132 185
626 133 115
626 134 182
626 135 334
626 136 742
626 137 205
626 138 269
626 139 95
626 140 416
626 141 41
626 142 789
626 143 589
626 144 49
626 145 441
626 146 990
626 147 840
626 148 232
626 149 972
626 150 912
626 151 403
626 152 324
626 153 483
626 154 94
626 155 1
626 156 700
626 157 530
626 158 322
626 159 238
626 160 498
626 161 318
626 162 514
626 163 408
626 164 691
626 165 225
626 166 632
626 167 848
626 168 579
626 169 1000
626 170 958
626 171 472
626 172 525
626 173 475
626 174 398
626 175 998
626 176 393
626 177 697
626 178 112
626 179 234
626 180 511
626 181 346
626 182 978
626 183 951
626 184 191
626 185 761
626 186 249
626 187 955
626 188 352
626 189 157
626 190 456
626 191 123
626 192 298
626 193 925
626 194 491
626 195 107
626 196 887
626 197 289
626 198 731
626 199 784
626 200 785
626 201 410
626 202 996
626 203 367
626 204 284
626 205 442
626 206 367
626 207 937
626 208 647
626 209 382
626 210 726
626 211 671
626 212 234
626 213 482
626 214 889
626 215 512
626 216 363
626 217 410
626 218 122
626 219 797
626 220 851
626 221 132
626 222 627
626 223 393
626 224 289
626 225 367
626 226 800
626 227 901
626 228 675
626 229 492
626 230 794
626 231 760
626 232 204
626 233 958
626 234 294
626 235 237
626 236 148
626 237 776
626 238 881
626 239 390
626 240 986
626 241 376
626 242 756
626 243 231
626 244 432
626 245 587
626 246 312
626 247 79
626 248 93
626 249 349
626 250 948
626 251 521
626 252 977
626 253 969
626 254 363
626 255 507
626 256 9
626 257 230
626 258 281
626 259 318
626 260 858
626 261 509
626 262 232
626 263 247
626 264 5
626 265 702
626 266 99
626 267 893
626 268 351
626 269 798
626 270 895
626 271 355
626 272 572
626 273 484
626 274 953
626 275 109
626 276 706
626 277 731
626 278 502
626 279 616
626 280 773
626 281 716
626 282 571
626 283 414
626 284 882
626 285 33
626 286 7
626 287 203
626 288 572
626 289 600
626 290 140
626 291 681
626 292 842
626 293 58
626 294 884
626 295 674
626 296 141
626 297 96
626 298 831
626 299 368
626 300 144
626 301 303
626 302 113
626 303 834
626 304 235
626 305 493
626 306 271
626 307 94
626 308 569
626 309 419
626 310 975
626 311 579
626 312 402
626 313 489
626 314 70
626 315 985
626 316 70
626 317 467
626 318 147
626 319 938
626 320 851
626 321 623
626 322 872
626 323 309
626 324 163
626 325 373
626 326 553
626 327 235
626 328 185
626 329 271
626 330 484
626 331 403
626 332 660
626 333 564
626 334 502
626 335 519
626 336 853
626 337 275
626 338 104
626 339 634
626 340 491
626 341 40
626 342 466
626 343 894
626 344 518
626 345 238
626 346 342
626 347 414
626 348 602
626 349 659
626 350 88
626 351 821
626 352 951
626 353 384
626 354 938
626 355 54
626 356 578
626 357 451
626 358 906
626 359 175
626 360 397
626 361 941
626 362 137
626 363 601
626 364 21
626 365 270
626 366 414
626 367 700
626 368 725
626 369 448
626 370 213
626 371 676
626 372 622
626 373 418
626 374 529
626 375 899
626 376 170
626 377 869
626 378 658
626 379 847
626 380 26
626 381 172
626 382 907
626 383 942
626 384 520
626 385 876
626 386 799
626 387 79
626 388 916
626 389 847
626 390 564
626 391 575
626 392 162
626 393 944
626 394 234
626 395 794
626 396 831
626 397 498
626 398 682
626 399 259
626 400 713
626 401 598
626 402 377
626 403 463
626 404 692
626 405 110
626 406 325
626 407 492
626 408 739
626 409 836
626 410 370
626 411 913
626 412 118
626 413 10
626 414 36
626 415 812
626 416 87
626 417 384
626 418 172
626 419 629
626 420 749
626 421 705
626 422 273
626 423 113
626 424 525
626 425 617
626 426 659
626 427 610
626 428 209
626 429 714
626 430 662
626 431 797
626 432 713
626 433 109
626 434 529
626 435 902
626 436 957
626 437 721
626 438 649
626 439 609
626 440 597
626 441 5
626 442 151
626 443 157
626 444 996
626 445 699
626 446 100
626 447 832
626 448 416
626 449 419
626 450 987
626 451 313
626 452 523
626 453 482
626 454 971
626 455 399
626 456 354
626 457 387
626 458 936
626 459 901
626 460 240
626 461 312
626 462 568
626 463 761
626 464 757
626 465 385
626 466 934
626 467 148
626 468 711
626 469 545
626 470 339
626 471 991
626 472 513
626 473 643
626 474 350
626 475 162
626 476 920
626 477 268
626 478 883
626 479 791
626 480 418
626 481 858
626 482 875
626 483 936
626 484 985
626 485 821
626 486 121
626 487 700
626 488 343
626 489 812
626 490 733
626 491 294
626 492 753
626 493 638
626 494 903
626 495 921
626 496 365
626 497 504
626 498 838
626 499 138
626 500 537
626 501 30
626 502 233
626 503 168
626 504 212
626 505 156
626 506 173
626 507 141
626 508 567
626 509 743
626 510 557
626 511 435
626 512 796
626 513 79
626 514 697
626 515 724
626 516 727
626 517 657
626 518 77
626 519 474
626 520 407
626 521 590
626 522 440
626 523 31
626 524 169
626 525 365
626 526 627
626 527 112
626 528 135
626 529 137
626 530 355
626 531 213
626 532 745
626 533 384
626 534 275
626 535 420
626 536 698
626 537 35
626 538 441
626 539 564
626 540 298
626 541 42
626 542 649
626 543 389
626 544 303
626 545 332
626 546 597
626 547 740
626 548 181
626 549 263
626 550 980
626 551 898
626 552 200
626 553 55
626 554 771
626 555 531
626 556 645
626 557 484
626 558 784
626 559 366
626 560 643
626 561 146
626 562 353
626 563 377
626 564 955
626 565 115
626 566 515
626 567 780
626 568 290
626 569 885
626 570 940
626 571 604
626 572 162
626 573 420
626 574 485
626 575 348
626 576 173
626 577 165
626 578 473
626 579 618
626 580 471
626 581 730
626 582 107
626 583 946
626 584 443
626 585 402
626 586 999
626 587 891
626 588 748
626 589 431
626 590 786
626 591 27
626 592 401
626 593 730
626 594 147
626 595 49
626 596 873
626 597 898
626 598 547
626 599 109
626 600 641
626 601 987
626 602 400
626 603 817
626 604 888
626 605 329
626 606 625
626 607 41
626 608 282
626 609 242
626 610 897
626 611 485
626 612 798
626 613 626
626 614 618
626 615 22
626 616 555
626 617 380
626 618 539
626 619 906
626 620 282
626 621 258
626 622 855
626 623 70
626 624 595
626 625 942
626 626 406
627 1 492
627 2 660
627 3 245
627 4 404
627 5 938
627 6 230
627 7 390
627 8 482
627 9 251
627 10 446
627 11 917
627 12 441
627 13 98
627 14 989
627 15 359
627 16 674
627 17 579
627 18 417
627 19 132
627 20 74
627 21 409
627 22 546
627 23 221
627 24 522
627 25 372
627 26 141
627 27 944
627 28 253
627 29 728
627 30 340
627 31 702
627 32 935
627 33 581
627 34 446
627 35 428
627 36 27
627 37 806
627 38 388
627 39 805
627 40 689
627 41 156
627 42 797
627 43 151
627 44 626
627 45 586
627 46 114
627 47 947
627 48 795
627 49 48
627 50 39
627 51 3
627 52 522
627 53 331
627 54 843
627 55 25
627 56 19
627 57 152
627 58 176
627 59 820
627 60 735
627 61 399
627 62 703
627 63 5
627 64 597
627 65 952
627 66 166
627 67 13
627 68 789
627 69 578
627 70 395
627 71 141
627 72 578
627 73 897
627 74 372
627 75 474
627 76 430
627 77 899
627 78 167
627 79 231
627 80 360
627 81 243
627 82 989
627 83 174
627 84 336
627 85 288
627 86 650
627 87 246
627 88 231
627 89 45
627 90 407
627 91 694
627 92 640
627 93 909
627 94 981
627 95 494
627 96 24
627 97 968
627 98 336
627 99 639
627 100 956
627 101 899
627 102 965
627 103 248
627 104 696
627 105 655
627 106 162
627 107 942
627 108 798
627 109 178
627 110 164
627 111 150
627 112 712
627 113 561
627 114 967
627 115 160
627 116 345
627 117 385
627 118 0
627 119 37
627 120 982
627 121 293
627 122 824
627 123 640
627 124 528
627 125 930
627 126 157
627 127 33
627 128 991
627 129 482
627 130 100
627 131 978
627 132 367
627 133 341
627 134 82
627 135 846
627 136 856
627 137 98
627 138 528
627 139 663
627 140 28
627 141 268
627 142 947
627 143 879
627 144 802
627 145 809
627 146 411
627 147 882
627 148 548
627 149 52
627 150 878
627 151 82
627 152 487
627 153 507
627 154 711
627 155 892
627 156 763
627 157 567
627 158 809
627 159 467
627 160 330
627 161 13
627 162 918
627 163 669
627 164 707
627 165 630
627 166 413
627 167 181
627 168 21
627 169 359
627 170 26
627 171 126
627 172 98
627 173 366
627 174 65
627 175 396
627 176 972
627 177 195
627 178 270
627 179 821
627 180 464
627 181 31
627 182 185
627 183 422
627 184 464
627 185 823
627 186 869
627 187 576
627 188 317
627 189 688
627 190 261
627 191 774
627 192 635
627 193 923
627 194 618
627 195 363
627 196 451
627 197 55
627 198 418
627 199 79
627 200 949
627 201 855
627 202 940
627 203 366
627 204 172
627 205 728
627 206 813
627 207 785
627 208 614
627 209 53
627 210 933
627 211 398
627 212 815
627 213 318
627 214 715
627 215 63
627 216 660
627 217 423
627 218 45
627 219 197
627 220 622
627 221 907
627 222 345
627 223 19
627 224 128
627 225 751
627 226 186
627 227 23
627 228 947
627 229 324
627 230 139
627 231 121
627 232 651
627 233 882
627 234 861
627 235 370
627 236 524
627 237 387
627 238 853
627 239 343
627 240 462
627 241 583
627 242 360
627 243 622
627 244 437
627 245 106
627 246 81
627 247 793
627 248 832
627 249 2
627 250 351
627 251 530
627 252 840
627 253 84
627 254 556
627 255 58
627 256 569
627 257 790
627 258 487
627 259 138
627 260 670
627 261 934
627 262 341
627 263 726
627 264 163
627 265 534
627 266 469
627 267 831
627 268 244
627 269 625
627 270 467
627 271 810
627 272 663
627 273 197
627 274 73
627 275 969
627 276 837
627 277 323
627 278 775
627 279 917
627 280 34
627 281 524
627 282 656
627 283 181
627 284 599
627 285 647
627 286 39
627 287 156
627 288 565
627 289 459
627 290 921
627 291 774
627 292 158
627 293 931
627 294 467
627 295 957
627 296 529
627 297 265
627 298 801
627 299 259
627 300 725
627 301 717
627 302 335
627 303 267
627 304 819
627 305 206
627 306 271
627 307 832
627 308 178
627 309 573
627 310 82
627 311 84
627 312 832
627 313 599
627 314 819
627 315 352
627 316 184
627 317 972
627 318 396
627 319 646
627 320 714
627 321 762
627 322 707
627 323 568
627 324 843
627 325 44
627 326 532
627 327 843
627 328 747
627 329 47
627 330 740
627 331 782
627 332 733
627 333 657
627 334 722
627 335 492
627 336 932
627 337 137
627 338 914
627 339 128
627 340 166
627 341 61
627 342 523
627 343 313
627 344 887
627 345 413
627 346 151
627 347 609
627 348 145
627 349 686
627 350 416
627 351 281
627 352 650
627 353 783
627 354 128
627 355 926
627 356 402
627 357 322
627 358 25
627 359 967
627 360 977
627 361 865
627 362 861
627 363 950
627 364 322
627 365 44
627 366 482
627 367 553
627 368 687
627 369 113
627 370 734
627 371 195
627 372 71
627 373 4
627 374 369
627 375 355
627 376 885
627 377 579
627 378 83
627 379 42
627 380 138
627 381 534
627 382 943
627 383 485
627 384 407
627 385 24
627 386 841
627 387 335
627 388 285
627 389 727
627 390 577
627 391 129
627 392 582
627 393 849
627 394 363
627 395 476
627 396 596
627 397 39
627 398 842
627 399 901
627 400 713
627 401 398
627 402 689
627 403 640
627 404 650
627 405 794
627 406 446
627 407 395
627 408 407
627 409 780
627 410 207
627 411 256
627 412 780
627 413 11
627 414 504
627 415 30
627 416 314
627 417 92
627 418 335
627 419 624
627 420 364
627 421 792
627 422 775
627 423 902
627 424 447
627 425 258
627 426 278
627 427 962
627 428 404
627 429 649
627 430 436
627 431 950
627 432 66
627 433 945
627 434 451
627 435 168
627 436 192
627 437 980
627 438 102
627 439 721
627 440 829
627 441 826
627 442 916
627 443 521
627 444 884
627 445 460
627 446 730
627 447 761
627 448 242
627 449 458
627 450 586
627 451 79
627 452 430
627 453 948
627 454 776
627 455 967
627 456 189
627 457 281
627 458 247
627 459 913
627 460 585
627 461 255
627 462 752
627 463 748
627 464 19
627 465 508
627 466 716
627 467 642
627 468 362
627 469 646
627 470 199
627 471 696
627 472 162
627 473 963
627 474 541
627 475 370
627 476 16
627 477 921
627 478 233
627 479 778
627 480 823
627 481 817
627 482 628
627 483 651
627 484 421
627 485 934
627 486 575
627 487 37
627 488 972
627 489 475
627 490 369
627 491 393
627 492 576
627 493 800
627 494 945
627 495 718
627 496 676
627 497 803
627 498 159
627 499 523
627 500 768
627 501 6
627 502 865
627 503 145
627 504 810
627 505 442
627 506 801
627 507 722
627 508 194
627 509 350
627 510 325
627 511 567
627 512 539
627 513 550
627 514 264
627 515 968
627 516 287
627 517 735
627 518 839
627 519 797
627 520 438
627 521 13
627 522 291
627 523 318
627 524 272
627 525 445
627 526 772
627 527 393
627 528 619
627 529 556
627 530 815
627 531 647
627 532 516
627 533 964
627 534 112
627 535 593
627 536 161
627 537 654
627 538 674
627 539 64
627 540 173
627 541 542
627 542 178
627 543 850
627 544 972
627 545 285
627 546 434
627 547 958
627 548 562
627 549 71
627 550 192
627 551 626
627 552 765
627 553 263
627 554 797
627 555 678
627 556 838
627 557 680
627 558 969
627 559 931
627 560 491
627 561 738
627 562 971
627 563 9
627 564 951
627 565 349
627 566 128
627 567 452
627 568 44
627 569 582
627 570 144
627 571 807
627 572 1
627 573 174
627 574 441
627 575 615
627 576 413
627 577 801
627 578 506
627 579 330
627 580 300
627 581 640
627 582 298
627 583 371
627 584 352
627 585 975
627 586 159
627 587 578
627 588 52
627 589 835
627 590 598
627 591 9
627 592 839
627 593 765
627 594 866
627 595 338
627 596 156
627 597 921
627 598 888
627 599 938
627 600 166
627 601 361
627 602 896
627 603 697
627 604 545
627 605 737
627 606 690
627 607 600
627 608 248
627 609 946
627 610 965
627 611 991
627 612 824
627 613 337
627 614 579
627 615 118
627 616 213
627 617 256
627 618 995
627 619 854
627 620 395
627 621 348
627 622 528
627 623 541
627 624 780
627 625 212
627 626 780
627 627 702
628 1 296
628 2 951
628 3 794
628 4 719
628 5 595
628 6 696
628 7 697
628 8 260
628 9 35
628 10 757
628 11 279
628 12 21
628 13 52
628 14 507
628 15 354
628 16 413
628 17 122
628 18 738
628 19 404
628 20 466
628 21 39
628 22 703
628 23 956
628 24 268
628 25 565
628 26 584
628 27 544
628 28 791
628 29 35
628 30 1000
628 31 480
628 32 563
628 33 295
628 34 922
628 35 543
628 36 318
628 37 15
628 38 402
628 39 967
628 40 504
628 41 822
628 42 276
628 43 345
628 44 414
628 45 771
628 46 753
628 47 166
628 48 364
628 49 519
628 50 241
628 51 469
628 52 154
628 53 687
628 54 299
628 55 366
628 56 91
628 57 508
628 58 37
628 59 910
628 60 954
628 61 640
628 62 27
628 63 385
628 64 750
628 65 755
628 66 825
628 67 348
628 68 258
628 69 41
628 70 616
628 71 629
628 72 153
628 73 727
628 74 468
628 75 643
628 76 635
628 77 106
628 78 612
628 79 885
628 80 949
628 81 437
628 82 80
628 83 735
628 84 172
628 85 574
628 86 700
628 87 858
628 88 806
628 89 760
628 90 172
628 91 917
628 92 825
628 93 979
628 94 22
628 95 968
628 96 252
628 97 180
628 98 840
628 99 848
628 100 860
628 101 243
628 102 337
628 103 81
628 104 151
628 105 716
628 106 750
628 107 860
628 108 526
628 109 677
628 110 889
628 111 636
628 112 141
628 113 512
628 114 3
628 115 175
628 116 399
628 117 976
628 118 418
628 119 125
628 120 943
628 121 578
628 122 42
628 123 777
628 124 473
628 125 721
628 126 703
628 127 753
628 128 823
628 129 544
628 130 546
628 131 270
628 132 912
628 133 419
628 134 9
628 135 391
628 136 418
628 137 765
628 138 804
628 139 745
628 140 336
628 141 664
628 142 181
628 143 319
628 144 366
628 145 145
628 146 445
628 147 459
628 148 221
628 149 944
628 150 913
628 151 139
628 152 432
628 153 679
628 154 995
628 155 353
628 156 63
628 157 840
628 158 68
628 159 334
628 160 669
628 161 968
628 162 231
628 163 12
628 164 46
628 165 247
628 166 25
628 167 62
628 168 642
628 169 502
628 170 22
628 171 361
628 172 154
628 173 645
628 174 749
628 175 59
628 176 552
628 177 587
628 178 364
628 179 17
628 180 312
628 181 166
628 182 687
628 183 352
628 184 266
628 185 231
628 186 673
628 187 675
628 188 743
628 189 684
628 190 451
628 191 883
628 192 351
628 193 255
628 194 984
628 195 765
628 196 743
628 197 322
628 198 39
628 199 213
628 200 60
628 201 966
628 202 393
628 203 298
628 204 804
628 205 324
628 206 841
628 207 195
628 208 720
628 209 411
628 210 618
628 211 140
628 212 265
628 213 80
628 214 868
628 215 721
628 216 321
628 217 559
628 218 492
628 219 755
628 220 976
628 221 828
628 222 506
628 223 900
628 224 676
628 225 166
628 226 668
628 227 568
628 228 225
628 229 981
628 230 12
628 231 316
628 232 466
628 233 500
628 234 367
628 235 610
628 236 539
628 237 26
628 238 853
628 239 630
628 240 110
628 241 939
628 242 922
628 243 510
628 244 644
628 245 135
628 246 605
628 247 623
628 248 361
628 249 393
628 250 778
628 251 239
628 252 835
628 253 135
628 254 750
628 255 240
628 256 218
628 257 992
628 258 712
628 259 785
628 260 583
628 261 508
628 262 793
628 263 937
628 264 800
628 265 211
628 266 783
628 267 138
628 268 78
628 269 522
628 270 181
628 271 999
628 272 158
628 273 405
628 274 897
628 275 132
628 276 831
628 277 25
628 278 650
628 279 599
628 280 375
628 281 335
628 282 516
628 283 566
628 284 15
628 285 829
628 286 140
628 287 175
628 288 596
628 289 293
628 290 491
628 291 643
628 292 382
628 293 239
628 294 335
628 295 690
628 296 314
628 297 530
628 298 66
628 299 245
628 300 923
628 301 851
628 302 757
628 303 226
628 304 288
628 305 676
628 306 559
628 307 720
628 308 733
628 309 691
628 310 235
628 311 367
628 312 578
628 313 754
628 314 994
628 315 121
628 316 279
628 317 660
628 318 393
628 319 124
628 320 50
628 321 879
628 322 438
628 323 527
628 324 548
628 325 759
628 326 6
628 327 675
628 328 753
628 329 900
628 330 291
628 331 223
628 332 254
628 333 424
628 334 750
628 335 176
628 336 101
628 337 728
628 338 802
628 339 629
628 340 121
628 341 16
628 342 237
628 343 279
628 344 267
628 345 649
628 346 549
628 347 473
628 348 619
628 349 526
628 350 452
628 351 796
628 352 303
628 353 728
628 354 206
628 355 807
628 356 554
628 357 624
628 358 292
628 359 921
628 360 570
628 361 109
628 362 445
628 363 327
628 364 360
628 365 956
628 366 285
628 367 891
628 368 860
628 369 131
628 370 225
628 371 501
628 372 255
628 373 184
628 374 981
628 375 40
628 376 403
628 377 849
628 378 907
628 379 772
628 380 572
628 381 437
628 382 837
628 383 78
628 384 627
628 385 451
628 386 218
628 387 941
628 388 905
628 389 423
628 390 157
628 391 783
628 392 846
628 393 101
628 394 246
628 395 83
628 396 87
628 397 120
628 398 450
628 399 471
628 400 505
628 401 422
628 402 828
628 403 939
628 404 48
628 405 448
628 406 741
628 407 507
628 408 471
628 409 9
628 410 74
628 411 565
628 412 956
628 413 313
628 414 45
628 415 245
628 416 729
628 417 892
628 418 352
628 419 493
628 420 260
628 421 393
628 422 880
628 423 529
628 424 319
628 425 308
628 426 753
628 427 746
628 428 688
628 429 257
628 430 206
628 431 857
628 432 192
628 433 354
628 434 537
628 435 890
628 436 214
628 437 82
628 438 377
628 439 194
628 440 45
628 441 534
628 442 29
628 443 261
628 444 332
628 445 914
628 446 466
628 447 548
628 448 330
628 449 326
628 450 813
628 451 87
628 452 904
628 453 620
628 454 104
628 455 622
628 456 347
628 457 197
628 458 464
628 459 226
628 460 943
628 461 571
628 462 406
628 463 623
628 464 993
628 465 227
628 466 696
628 467 438
628 468 805
628 469 65
628 470 143
628 471 7
628 472 670
628 473 296
628 474 3
628 475 358
628 476 166
628 477 53
628 478 44
628 479 43
628 480 272
628 481 345
628 482 220
628 483 487
628 484 721
628 485 260
628 486 501
628 487 465
628 488 594
628 489 440
628 490 956
628 491 752
628 492 952
628 493 560
628 494 977
628 495 664
628 496 979
628 497 681
628 498 528
628 499 713
628 500 647
628 501 55
628 502 469
628 503 421
628 504 361
628 505 904
628 506 898
628 507 789
628 508 291
628 509 769
628 510 524
628 511 889
628 512 721
628 513 88
628 514 627
628 515 304
628 516 625
628 517 238
628 518 177
628 519 693
628 520 653
628 521 760
628 522 58
628 523 372
628 524 191
628 525 891
628 526 86
628 527 648
628 528 239
628 529 34
628 530 397
628 531 927
628 532 50
628 533 727
628 534 600
628 535 209
628 536 962
628 537 449
628 538 200
628 539 814
628 540 225
628 541 747
628 542 398
628 543 503
628 544 826
628 545 437
628 546 398
628 547 808
628 548 357
628 549 454
628 550 191
628 551 932
628 552 213
628 553 132
628 554 323
628 555 536
628 556 151
628 557 725
628 558 955
628 559 458
628 560 151
628 561 445
628 562 703
628 563 918
628 564 663
628 565 431
628 566 338
628 567 172
628 568 393
628 569 338
628 570 733
628 571 471
628 572 444
628 573 107
628 574 195
628 575 294
628 576 586
628 577 769
628 578 144
628 579 232
628 580 922
628 581 744
628 582 299
628 583 716
628 584 655
628 585 894
628 586 276
628 587 3
628 588 635
628 589 118
628 590 42
628 591 369
628 592 6
628 593 404
628 594 685
628 595 946
628 596 759
628 597 972
628 598 702
628 599 83
628 600 887
628 601 703
628 602 68
628 603 539
628 604 866
628 605 10
628 606 909
628 607 400
628 608 482
628 609 363
628 610 26
628 611 220
628 612 636
628 613 908
628 614 53
628 615 507
628 616 763
628 617 146
628 618 307
628 619 454
628 620 61
628 621 981
628 622 667
628 623 504
628 624 325
628 625 513
628 626 711
628 627 500
628 628 488
629 1 223
629 2 425
629 3 760
629 4 484
629 5 647
629 6 362
629 7 306
629 8 684
629 9 573
629 10 142
629 11 479
629 12 605
629 13 410
629 14 390
629 15 123
629 16 713
629 17 126
629 18 160
629 19 141
629 20 643
629 21 581
629 22 380
629 23 452
629 24 299
629 25 285
629 26 807
629 27 925
629 28 797
629 29 759
629 30 413
629 31 556
629 32 649
629 33 978
629 34 420
629 35 107
629 36 544
629 37 215
629 38 642
629 39 535
629 40 587
629 41 137
629 42 532
629 43 289
629 44 296
629 45 881
629 46 424
629 47 69
629 48 167
629 49 780
629 50 942
629 51 912
629 52 255
629 53 880
629 54 542
629 55 121
629 56 348
629 57 546
629 58 312
629 59 268
629 60 811
629 61 72
629 62 36
629 63 87
629 64 609
629 65 200
629 66 930
629 67 688
629 68 773
629 69 892
629 70 290
629 71 362
629 72 258
629 73 764
629 74 104
629 75 455
629 76 405
629 77 727
629 78 595
629 79 911
629 80 538
629 81 407
629 82 262
629 83 0
629 84 41
629 85 684
629 86 904
629 87 276
629 88 123
629 89 22
629 90 647
629 91 286
629 92 415
629 93 780
629 94 556
629 95 237
629 96 983
629 97 778
629 98 509
629 99 694
629 100 94
629 101 482
629 102 769
629 103 723
629 104 434
629 105 159
629 106 623
629 107 558
629 108 308
629 109 644
629 110 787
629 111 117
629 112 305
629 113 223
629 114 7
629 115 473
629 116 633
629 117 459
629 118 715
629 119 850
629 120 1
629 121 301
629 122 208
629 123 773
629 124 494
629 125 88
629 126 652
629 127 646
629 128 473
629 129 363
629 130 145
629 131 535
629 132 959
629 133 348
629 134 464
629 135 982
629 136 253
629 137 178
629 138 442
629 139 431
629 140 786
629 141 189
629 142 408
629 143 950
629 144 456
629 145 719
629 146 814
629 147 157
629 148 704
629 149 620
629 150 571
629 151 114
629 152 283
629 153 111
629 154 815
629 155 189
629 156 973
629 157 93
629 158 482
629 159 975
629 160 300
629 161 380
629 162 208
629 163 451
629 164 328
629 165 922
629 166 745
629 167 985
629 168 427
629 169 8
629 170 418
629 171 385
629 172 59
629 173 541
629 174 971
629 175 652
629 176 378
629 177 647
629 178 455
629 179 254
629 180 86
629 181 363
629 182 652
629 183 305
629 184 432
629 185 605
629 186 145
629 187 948
629 188 758
629 189 426
629 190 563
629 191 306
629 192 430
629 193 135
629 194 74
629 195 719
629 196 79
629 197 403
629 198 21
629 199 615
629 200 135
629 201 881
629 202 47
629 203 679
629 204 429
629 205 381
629 206 298
629 207 188
629 208 772
629 209 242
629 210 248
629 211 520
629 212 323
629 213 228
629 214 823
629 215 128
629 216 968
629 217 150
629 218 919
629 219 385
629 220 160
629 221 315
629 222 594
629 223 546
629 224 105
629 225 82
629 226 607
629 227 188
629 228 334
629 229 651
629 230 566
629 231 981
629 232 899
629 233 959
629 234 303
629 235 299
629 236 983
629 237 484
629 238 343
629 239 370
629 240 213
629 241 989
629 242 28
629 243 133
629 244 264
629 245 982
629 246 724
629 247 352
629 248 488
629 249 115
629 250 464
629 251 191
629 252 145
629 253 879
629 254 238
629 255 619
629 256 955
629 257 25
629 258 706
629 259 377
629 260 300
629 261 7
629 262 765
629 263 126
629 264 922
629 265 960
629 266 749
629 267 689
629 268 674
629 269 209
629 270 3
629 271 212
629 272 146
629 273 914
629 274 610
629 275 72
629 276 374
629 277 838
629 278 236
629 279 997
629 280 850
629 281 10
629 282 182
629 283 356
629 284 353
629 285 30
629 286 708
629 287 367
629 288 124
629 289 72
629 290 360
629 291 80
629 292 258
629 293 739
629 294 332
629 295 985
629 296 884
629 297 941
629 298 508
629 299 30
629 300 427
629 301 702
629 302 441
629 303 457
629 304 810
629 305 31
629 306 977
629 307 751
629 308 159
629 309 792
629 310 425
629 311 101
629 312 64
629 313 425
629 314 107
629 315 958
629 316 86
629 317 945
629 318 432
629 319 579
629 320 913
629 321 436
629 322 149
629 323 116
629 324 968
629 325 312
629 326 519
629 327 430
629 328 536
629 329 715
629 330 514
629 331 798
629 332 642
629 333 910
629 334 905
629 335 839
629 336 794
629 337 95
629 338 235
629 339 221
629 340 896
629 341 585
629 342 582
629 343 682
629 344 532
629 345 967
629 346 27
629 347 922
629 348 261
629 349 497
629 350 40
629 351 956
629 352 923
629 353 45
629 354 979
629 355 77
629 356 647
629 357 808
629 358 365
629 359 466
629 360 195
629 361 774
629 362 380
629 363 455
629 364 401
629 365 800
629 366 39
629 367 193
629 368 804
629 369 881
629 370 531
629 371 124
629 372 829
629 373 697
629 374 980
629 375 893
629 376 763
629 377 938
629 378 300
629 379 818
629 380 396
629 381 933
629 382 981
629 383 130
629 384 869
629 385 807
629 386 303
629 387 636
629 388 730
629 389 698
629 390 992
629 391 127
629 392 666
629 393 345
629 394 956
629 395 647
629 396 629
629 397 478
629 398 717
629 399 624
629 400 61
629 401 902
629 402 113
629 403 502
629 404 796
629 405 795
629 406 802
629 407 392
629 408 199
629 409 354
629 410 664
629 411 562
629 412 716
629 413 107
629 414 331
629 415 645
629 416 135
629 417 632
629 418 612
629 419 33
629 420 20
629 421 155
629 422 796
629 423 482
629 424 103
629 425 48
629 426 469
629 427 395
629 428 477
629 429 626
629 430 36
629 431 421
629 432 361
629 433 829
629 434 155
629 435 715
629 436 689
629 437 83
629 438 734
629 439 616
629 440 884
629 441 911
629 442 503
629 443 144
629 444 427
629 445 492
629 446 36
629 447 964
629 448 56
629 449 342
629 450 849
629 451 746
629 452 293
629 453 244
629 454 130
629 455 957
629 456 656
629 457 167
629 458 63
629 459 392
629 460 829
629 461 393
629 462 417
629 463 791
629 464 310
629 465 844
629 466 965
629 467 268
629 468 880
629 469 505
629 470 67
629 471 340
629 472 260
629 473 583
629 474 519
629 475 309
629 476 186
629 477 758
629 478 0
629 479 906
629 480 672
629 481 20
629 482 817
629 483 885
629 484 871
629 485 239
629 486 600
629 487 622
629 488 397
629 489 995
629 490 810
629 491 865
629 492 493
629 493 995
629 494 845
629 495 427
629 496 612
629 497 922
629 498 548
629 499 296
629 500 211
629 501 772
629 502 927
629 503 436
629 504 764
629 505 78
629 506 614
629 507 776
629 508 530
629 509 824
629 510 813
629 511 694
629 512 92
629 513 587
629 514 34
629 515 514
629 516 542
629 517 922
629 518 391
629 519 517
629 520 380
629 521 991
629 522 471
629 523 671
629 524 889
629 525 152
629 526 819
629 527 164
629 528 882
629 529 338
629 530 459
629 531 864
629 532 777
629 533 15
629 534 307
629 535 41
629 536 133
629 537 230
629 538 67
629 539 40
629 540 937
629 541 889
629 542 528
629 543 86
629 544 819
629 545 67
629 546 481
629 547 826
629 548 723
629 549 735
629 550 301
629 551 596
629 552 388
629 553 862
629 554 159
629 555 802
629 556 617
629 557 263
629 558 895
629 559 151
629 560 537
629 561 36
629 562 329
629 563 837
629 564 325
629 565 920
629 566 764
629 567 985
629 568 722
629 569 348
629 570 9
629 571 224
629 572 953
629 573 624
629 574 555
629 575 206
629 576 895
629 577 686
629 578 650
629 579 510
629 580 510
629 581 853
629 582 330
629 583 909
629 584 939
629 585 695
629 586 507
629 587 533
629 588 898
629 589 433
629 590 696
629 591 653
629 592 415
629 593 577
629 594 151
629 595 499
629 596 610
629 597 107
629 598 154
629 599 846
629 600 559
629 601 370
629 602 387
629 603 469
629 604 202
629 605 107
629 606 149
629 607 638
629 608 221
629 609 816
629 610 970
629 611 43
629 612 656
629 613 212
629 614 262
629 615 407
629 616 509
629 617 121
629 618 206
629 619 693
629 620 770
629 621 462
629 622 538
629 623 924
629 624 28
629 625 718
629 626 873
629 627 884
629 628 841
629 629 65
628 629 117
627 628 367
626 627 196
625 626 441
624 625 170
623 624 795
622 623 599
621 622 267
620 621 225
619 620 377
618 619 85
617 618 433
616 617 222
615 616 695
614 615 731
613 614 598
612 613 807
611 612 500
610 611 942
609 610 459
608 609 296
607 608 531
606 607 569
605 606 403
604 605 100
603 604 8
602 603 394
601 602 62
600 601 226
599 600 767
598 599 202
597 598 86
596 597 827
595 596 67
594 595 89
593 594 654
592 593 997
591 592 825
590 591 384
589 590 578
588 589 641
587 588 170
586 587 941
585 586 159
584 585 915
583 584 703
582 583 752
581 582 343
580 581 309
579 580 38
578 579 436
577 578 509
576 577 716
575 576 118
574 575 490
573 574 127
572 573 351
571 572 831
570 571 999
569 570 817
568 569 861
567 568 345
566 567 485
565 566 492
564 565 930
563 564 574
562 563 101
561 562 111
560 561 424
559 560 306
558 559 336
557 558 855
556 557 412
555 556 309
554 555 72
553 554 746
552 553 535
551 552 877
550 551 183
549 550 315
548 549 49
547 548 956
546 547 245
545 546 748
544 545 489
543 544 117
542 543 300
541 542 132
540 541 561
539 540 404
538 539 369
537 538 296
536 537 597
535 536 153
534 535 167
533 534 276
532 533 42
531 532 36
530 531 635
529 530 798
528 529 346
527 528 95
526 527 735
525 526 376
524 525 808
523 524 345
522 523 341
521 522 277
520 521 154
519 520 141
518 519 9
517 518 298
516 517 601
515 516 384
514 515 212
513 514 182
512 513 550
511 512 892
510 511 381
509 510 445
508 509 655
507 508 469
506 507 924
505 506 659
504 505 729
503 504 506
502 503 671
501 502 622
500 501 718
499 500 984
498 499 767
497 498 866
496 497 43
495 496 869
494 495 931
493 494 581
492 493 960
491 492 375
490 491 969
489 490 322
488 489 571
487 488 265
486 487 697
485 486 210
484 485 41
483 484 43
482 483 19
481 482 871
480 481 285
479 480 158
478 479 892
477 478 117
476 477 355
475 476 660
474 475 666
473 474 836
472 473 533
471 472 669
470 471 136
469 470 262
468 469 882
467 468 118
466 467 811
465 466 819
464 465 463
463 464 935
462 463 281
461 462 22
460 461 83
459 460 642
458 459 406
457 458 944
456 457 874
455 456 487
454 455 102
453 454 186
452 453 705
451 452 286
450 451 309
449 450 894
448 449 203
447 448 664
446 447 622
445 446 121
444 445 195
443 444 100
442 443 626
441 442 541
440 441 691
439 440 842
438 439 2
437 438 772
436 437 734
435 436 14
434 435 218
433 434 3
432 433 323
431 432 427
430 431 694
429 430 972
428 429 411
427 428 15
426 427 133
425 426 742
424 425 857
423 424 85
422 423 648
421 422 986
420 421 561
419 420 192
418 419 425
417 418 831
416 417 997
415 416 896
414 415 842
413 414 828
412 413 51
411 412 478
410 411 857
409 410 319
408 409 333
407 408 506
406 407 39
405 406 905
404 405 0
403 404 773
402 403 618
401 402 574
400 401 929
399 400 498
398 399 906
397 398 540
396 397 457
395 396 161
394 395 718
393 394 265
392 393 65
391 392 456
390 391 169
389 390 47
388 389 726
387 388 678
386 387 790
385 386 428
384 385 581
383 384 718
382 383 892
381 382 411
380 381 32
379 380 424
378 379 895
377 378 581
376 377 689
375 376 896
374 375 727
373 374 387
372 373 458
371 372 652
370 371 228
369 370 245
368 369 163
367 368 342
366 367 715
365 366 196
364 365 608
363 364 1
362 363 82
361 362 666
360 361 848
359 360 424
358 359 766
357 358 397
356 357 317
355 356 732
354 355 135
353 354 635
352 353 874
351 352 648
350 351 913
349 350 969
348 349 604
347 348 367
346 347 689
345 346 294
344 345 624
343 344 360
342 343 493
341 342 976
340 341 780
339 340 245
338 339 138
337 338 287
336 337 557
335 336 46
334 335 756
333 334 343
332 333 80
331 332 759
330 331 468
329 330 12
328 329 707
327 328 574
326 327 157
325 326 256
324 325 673
323 324 857
322 323 397
321 322 365
320 321 664
319 320 318
318 319 939
317 318 520
316 317 895
315 316 582
314 315 921
313 314 419
312 313 697
311 312 482
310 311 13
309 310 179
308 309 681
307 308 452
306 307 943
305 306 611
304 305 120
303 304 256
302 303 542
301 302 350
300 301 165
299 300 865
298 299 162
297 298 692
296 297 807
295 296 59
294 295 785
293 294 989
292 293 208
291 292 688
290 291 714
289 290 173
288 289 583
287 288 940
286 287 923
285 286 858
284 285 481
283 284 749
282 283 926
281 282 367
280 281 266
279 280 204
278 279 400
277 278 716
276 277 103
275 276 610
274 275 40
273 274 478
272 273 515
271 272 62
270 271 184
269 270 446
268 269 358
267 268 308
266 267 662
265 266 73
264 265 226
263 264 71
262 263 266
261 262 855
260 261 103
259 260 635
258 259 435
257 258 557
256 257 23
255 256 695
254 255 959
253 254 62
252 253 819
251 252 744
250 251 215
249 250 490
248 249 126
247 248 735
246 247 189
245 246 993
244 245 984
243 244 199
242 243 22
241 242 620
240 241 37
239 240 118
238 239 853
237 238 379
236 237 93
235 236 400
234 235 122
233 234 589
232 233 850
231 232 620
230 231 193
229 230 650
228 229 127
227 228 27
226 227 75
225 226 696
224 225 616
223 224 547
222 223 958
221 222 931
220 221 649
219 220 587
218 219 836
217 218 46
216 217 224
215 216 714
214 215 875
213 214 149
212 213 801
211 212 103
210 211 63
209 210 835
208 209 436
207 208 340
206 207 174
205 206 813
204 205 380
203 204 225
202 203 722
201 202 119
200 201 277
199 200 749
198 199 16
197 198 248
196 197 194
195 196 865
194 195 343
193 194 645
192 193 601
191 192 498
190 191 118
189 190 627
188 189 332
187 188 84
186 187 365
185 186 812
184 185 938
183 184 717
182 183 656
181 182 676
180 181 504
179 180 461
178 179 281
177 178 593
176 177 429
175 176 972
174 175 845
173 174 603
172 173 695
171 172 916
170 171 220
169 170 869
168 169 241
167 168 831
166 167 534
165 166 282
164 165 537
163 164 722
162 163 857
161 162 400
160 161 699
159 160 553
158 159 849
157 158 945
156 157 716
155 156 919
154 155 82
153 154 862
152 153 39
151 152 945
150 151 153
149 150 897
148 149 133
147 148 775
146 147 695
145 146 91
144 145 70
143 144 487
142 143 266
141 142 672
140 141 627
139 140 33
138 139 191
137 138 841
136 137 193
135 136 188
134 135 297
133 134 247
132 133 589
131 132 324
130 131 394
129 130 817
128 129 610
127 128 93
126 127 455
125 126 294
124 125 601
123 124 560
122 123 617
121 122 818
120 121 986
119 120 208
118 119 553
117 118 944
116 117 834
115 116 340
114 115 560
113 114 127
112 113 723
111 112 298
110 111 564
109 110 308
108 109 111
107 108 501
106 107 955
105 106 520
104 105 896
103 104 327
102 103 82
101 102 93
100 101 458
99 100 556
98 99 822
97 98 145
96 97 990
95 96 822
94 95 244
93 94 227
92 93 581
91 92 939
90 91 195
89 90 64
88 89 891
87 88 720
86 87 333
85 86 747
84 85 249
83 84 341
82 83 888
81 82 847
80 81 505
79 80 626
78 79 1
77 78 640
76 77 684
75 76 803
74 75 844
73 74 727
72 73 408
71 72 860
70 71 736
69 70 95
68 69 14
67 68 937
66 67 561
65 66 940
64 65 824
63 64 63
62 63 266
61 62 533
60 61 886
59 60 453
58 59 488
57 58 565
56 57 989
55 56 209
54 55 934
53 54 655
52 53 625
51 52 323
50 51 444
49 50 362
48 49 103
47 48 573
46 47 483
45 46 338
44 45 700
43 44 870
42 43 920
41 42 75
40 41 747
39 40 101
38 39 317
37 38 150
36 37 923
35 36 616
34 35 829
33 34 722
32 33 545
31 32 931
30 31 256
29 30 818
28 29 633
27 28 97
26 27 773
25 26 143
24 25 288
23 24 142
22 23 516
21 22 223
20 21 929
19 20 913
18 19 597
17 18 366
16 17 488
15 16 991
14 15 310
13 14 849
12 13 802
11 12 940
10 11 414
9 10 497
8 9 523
7 8 988
6 7 265
5 6 41
4 5 430
3 4 911
2 3 776
1 2 394
0 1 864