670 625 430
670 626 645
670 627 326
670 628 686
670 629 26
670 630 389
670 631 862
670 632 175
670 633 289
670 634 835
670 635 415
670 636 403
670 637 41
670 638 886
670 639 30
670 640 110
670 641 561
670 642 666
670 643 225
670 644 751
670 645 179
670 646 612
670 647 392
670 648 402
670 649 130
670 650 93
670 651 816
670 652 44
670 653 684
670 654 14
670 655 795
670 656 663
670 657 69
670 658 550
670 659 465
670 660 586
670 661 706
670 662 179
670 663 4
670 664 832
670 665 300
670 666 476
670 667 583
670 668 440
670 669 840
670 670 239
671 1 442
671 2 8
671 3 410
671 4 837
671 5 930
671 6 611
671 7 657
671 8 857
671 9 14
671 10 740
671 11 39
671 12 360
671 13 152
671 14 577
671 15 307
671 16 102
671 17 840
671 18 354
671 19 784
671 20 846
671 21 286
671 22 986
671 23 336
671 24 72
671 25 362
671 26 422
671 27 587
671 28 12
671 29 311
671 30 594
671 31 231
671 32 810
671 33 559
671 34 915
671 35 317
671 36 671
671 37 342
671 38 635
671 39 904
671 40 0
671 41 809
671 42 827
671 43 558
671 44 866
671 45 381
671 46 153
671 47 89
671 48 581
671 49 758
671 50 588
671 51 297
671 52 533
671 53 204
671 54 674
671 55 772
671 56 504
671 57 175
671 58 192
671 59 608
671 60 49
671 61 664
671 62 17
671 63 75
671 64 505
671 65 62
671 66 549
671 67 218
671 68 266
671 69 794
671 70 448
671 71 981
671 72 895
671 73 49
671 74 622
671 75 602
671 76 620
671 77 784
671 78 163
671 79 917
671 80 829
671 81 173
671 82 791
671 83 100
671 84 813
671 85 622
671 86 733
671 87 571
671 88 463
671 89 760
671 90 331
671 91 221
671 92 69
671 93 548
671 94 255
671 95 583
671 96 692
671 97 78
671 98 80
671 99 421
671 100 399
671 101 948
671 102 190
671 103 843
671 104 79
671 105 843
671 106 928
671 107 975
671 108 683
671 109 28
671 110 415
671 111 885
671 112 171
671 113 847
671 114 637
671 115 727
671 116 261
671 117 831
671 118 309
671 119 158
671 120 387
671 121 753
671 122 360
671 123 121
671 124 969
671 125 993
671 126 828
671 127 204
671 128 287
671 129 733
671 130 743
671 131 181
671 132 166
671 133 820
671 134 300
671 135 357
671 136 576
671 137 994
671 138 977
671 139 219
671 140 345
671 141 831
671 142 875
671 143 819
671 144 730
671 145 405
671 146 747
671 147 610
671 148 839
671 149 534
671 150 15
671 151 485
671 152 762
671 153 754
671 154 775
671 155 897
671 156 228
671 157 866
671 158 933
671 159 443
671 160 456
671 161 894
671 162 319
671 163 39
671 164 971
671 165 993
671 166 767
671 167 531
671 168 930
671 169 453
671 170 258
671 171 604
671 172 363
671 173 270
671 174 337
671 175 385
671 176 877
671 177 812
671 178 28
671 179 196
671 180 965
671 181 670
671 182 865
671 183 993
671 184 734
671 185 926
671 186 489
671 187 207
671 188 115
671 189 248
671 190 95
671 191 84
671 192 832
671 193 172
671 194 605
671 195 368
671 196 575
671 197 955
671 198 708
671 199 135
671 200 347
671 201 982
671 202 841
671 203 430
671 204 929
671 205 141
671 206 797
671 207 657
671 208 547
671 209 945
671 210 834
671 211 890
671 212 463
671 213 884
671 214 524
671 215 775
671 216 885
671 217 431
671 218 80
671 219 160
671 220 831
671 221 826
671 222 591
671 223 974
671 224 182
671 225 871
671 226 305
671 227 27
671 228 826
671 229 424
671 230 158
671 231 929
671 232 332
671 233 623
671 234 7
671 235 455
671 236 819
671 237 500
671 238 159
671 239 621
671 240 304
671 241 337
671 242 307
671 243 838
671 244 826
671 245 134
671 246 113
671 247 830
671 248 466
671 249 926
671 250 828
671 251 24
671 252 879
671 253 414
671 254 29
671 255 290
671 256 479
671 257 278
671 258 998
671 259 838
671 260 398
671 261 810
671 262 69
671 263 709
671 264 890
671 265 864
671 266 465
671 267 761
671 268 696
671 269 345
671 270 580
671 271 571
671 272 752
671 273 144
671 274 876
671 275 163
671 276 640
671 277 635
671 278 831
671 279 810
671 280 6
671 281 469
671 282 966
671 283 282
671 284 573
671 285 91
671 286 173
671 287 339
671 288 353
671 289 60
671 290 731
671 291 892
671 292 392
671 293 250
671 294 304
671 295 505
671 296 622
671 297 493
671 298 67
671 299 336
671 300 126
671 301 603
671 302 437
671 303 948
671 304 338
671 305 821
671 306 254
671 307 905
671 308 445
671 309 351
671 310 193
671 311 63
671 312 11
671 313 405
671 314 92
671 315 772
671 316 102
671 317 559
671 318 344
671 319 727
671 320 456
671 321 173
671 322 332
671 323 692
671 324 811
671 325 282
671 326 272
671 327 704
671 328 946
671 329 182
671 330 133
671 331 734
671 332 963
671 333 193
671 334 925
671 335 767
671 336 97
671 337 859
671 338 428
671 339 143
671 340 97
671 341 293
671 342 617
671 343 454
671 344 583
671 345 611
671 346 781
671 347 229
671 348 621
671 349 208
671 350 534
671 351 912
671 352 587
671 353 343
671 354 128
671 355 500
671 356 385
671 357 98
671 358 102
671 359 374
671 360 367
671 361 661
671 362 214
671 363 576
671 364 150
671 365 140
671 366 605
671 367 962
671 368 904
671 369 96
671 370 740
671 371 764
671 372 808
671 373 92
671 374 754
671 375 719
671 376 39
671 377 528
671 378 55
671 379 961
671 380 863
671 381 119
671 382 188
671 383 991
671 384 444
671 385 254
671 386 959
671 387 492
671 388 124
671 389 496
671 390 677
671 391 189
671 392 875
671 393 601
671 394 167
671 395 518
671 396 861
671 397 514
671 398 277
671 399 954
671 400 890
671 401 79
671 402 197
671 403 947
671 404 963
671 405 639
671 406 174
671 407 973
671 408 194
671 409 488
671 410 183
671 411 990
671 412 941
671 413 132
671 414 698
671 415 832
671 416 950
671 417 876
671 418 847
671 419 757
671 420 757
671 421 438
671 422 412
671 423 305
671 424 770
671 425 478
671 426 730
671 427 931
671 428 860
671 429 219
671 430 14
671 431 713
671 432 950
671 433 287
671 434 773
671 435 916
671 436 413
671 437 952
671 438 343
671 439 686
671 440 410
671 441 340
671 442 547
671 443 810
671 444 454
671 445 311
671 446 890
671 447 528
671 448 272
671 449 828
671 450 337
671 451 502
671 452 423
671 453 536
671 454 350
671 455 463
671 456 907
671 457 795
671 458 301
671 459 904
671 460 287
671 461 768
671 462 324
671 463 806
671 464 913
671 465 933
671 466 953
671 467 132
671 468 651
671 469 592
671 470 64
671 471 205
671 472 794
671 473 157
671 474 424
671 475 11
671 476 755
671 477 456
671 478 907
671 479 7
671 480 582
671 481 228
671 482 754
671 483 610
671 484 40
671 485 736
671 486 401
671 487 214
671 488 428
671 489 917
671 490 376
671 491 694
671 492 634
671 493 542
671 494 974
671 495 665
671 496 392
671 497 978
671 498 368
671 499 803
671 500 916
671 501 181
671 502 749
671 503 235
671 504 776
671 505 49
671 506 691
671 507 64
671 508 784
671 509 198
671 510 683
671 511 319
671 512 929
671 513 328
671 514 56
671 515 112
671 516 892
671 517 783
671 518 141
671 519 872
671 520 19
671 521 870
671 522 575
671 523 86
671 524 1
671 525 143
671 526 825
671 527 493
671 528 756
671 529 998
671 530 26
671 531 864
671 532 755
671 533 739
671 534 532
671 535 148
671 536 506
671 537 338
671 538 232
671 539 345
671 540 815
671 541 622
671 542 325
671 543 429
671 544 891
671 545 384
671 546 674
671 547 755
671 548 559
671 549 576
671 550 627
671 551 574
671 552 541
671 553 542
671 554 466
671 555 49
671 556 112
671 557 178
671 558 450
671 559 319
671 560 112
671 561 853
671 562 726
671 563 561
671 564 512
671 565 200
671 566 278
671 567 184
671 568 938
671 569 636
671 570 700
671 571 637
671 572 18
671 573 303
671 574 792
671 575 276
671 576 899
671 577 678
671 578 516
671 579 923
671 580 492
671 581 877
671 582 652
671 583 997
671 584 603
671 585 351
671 586 881
671 587 508
671 588 676
671 589 322
671 590 560
671 591 631
671 592 242
671 593 204
671 594 137
671 595 330
671 596 123
671 597 230
671 598 769
671 599 369
671 600 101
671 601 444
671 602 450
671 603 783
671 604 937
671 605 128
671 606 66
671 607 236
671 608 951
671 609 231
671 610 511
671 611 179
671 612 357
671 613 143
671 614 57
671 615 828
671 616 469
671 617 309
671 618 807
671 619 816
671 620 434
671 621 528
671 622 339
671 623 92
671 624 854
671 625 674
671 626 922
671 627 889
671 628 466
671 629 753
671 630 691
671 631 366
671 632 784
671 633 923
671 634 836
671 635 532
671 636 652
671 637 216
671 638 87
671 639 741
671 640 844
671 641 165
671 642 938
671 643 181
671 644 916
671 645 914
671 646 267
671 647 413
671 648 827
671 649 662
671 650 178
671 651 641
671 652 345
671 653 782
671 654 273
671 655 719
671 656 463
671 657 543
671 658 176
671 659 923
671 660 412
671 661 845
671 662 865
671 663 309
671 664 921
671 665 765
671 666 873
671 667 222
671 668 102
671 669 594
671 670 590
671 671 83
672 1 288
672 2 96
672 3 913
672 4 622
672 5 413
672 6 854
672 7 122
672 8 647
672 9 154
672 10 115
672 11 943
672 12 59
672 13 144
672 14 723
672 15 144
672 16 679
672 17 496
672 18 474
672 19 400
672 20 91
672 21 762
672 22 387
672 23 52
672 24 108
672 25 722
672 26 918
672 27 265
672 28 916
672 29 536
672 30 730
672 31 81
672 32 246
672 33 981
672 34 486
672 35 162
672 36 571
672 37 868
672 38 173
672 39 191
672 40 654
672 41 309
672 42 665
672 43 674
672 44 193
672 45 1
672 46 884
672 47 780
672 48 876
672 49 341
672 50 317
672 51 335
672 52 777
672 53 329
672 54 387
672 55 115
672 56 119
672 57 730
672 58 678
672 59 364
672 60 957
672 61 278
672 62 167
672 63 323
672 64 676
672 65 89
672 66 178
672 67 325
672 68 746
672 69 455
672 70 619
672 71 600
672 72 549
672 73 99
672 74 158
672 75 509
672 76 224
672 77 822
672 78 348
672 79 721
672 80 130
672 81 999
672 82 472
672 83 166
672 84 251
672 85 351
672 86 460
672 87 829
672 88 819
672 89 298
672 90 371
672 91 329
672 92 476
672 93 140
672 94 828
672 95 73
672 96 274
672 97 196
672 98 789
672 99 643
672 100 434
672 101 780
672 102 210
672 103 829
672 104 439
672 105 148
672 106 385
672 107 908
672 108 504
672 109 685
672 110 442
672 111 497
672 112 966
672 113 273
672 114 875
672 115 427
672 116 93
672 117 219
672 118 648
672 119 414
672 120 414
672 121 486
672 122 772
672 123 672
672 124 7
672 125 789
672 126 184
672 127 374
672 128 594
672 129 315
672 130 673
672 131 313
672 132 112
672 133 693
672 134 639
672 135 103
672 136 902
672 137 105
672 138 337
672 139 43
672 140 379
672 141 934
672 142 479
672 143 902
672 144 133
672 145 942
672 146 365
672 147 309
672 148 82
672 149 264
672 150 576
672 151 138
672 152 576
672 153 477
672 154 643
672 155 142
672 156 51
672 157 536
672 158 587
672 159 79
672 160 482
672 161 501
672 162 27
672 163 45
672 164 199
672 165 348
672 166 956
672 167 65
672 168 148
672 169 143
672 170 516
672 171 132
672 172 915
672 173 314
672 174 98
672 175 609
672 176 917
672 177 665
672 178 547
672 179 832
672 180 403
672 181 270
672 182 522
672 183 944
672 184 369
672 185 45
672 186 793
672 187 229
672 188 819
672 189 740
672 190 537
672 191 726
672 192 349
672 193 503
672 194 258
672 195 865
672 196 978
672 197 801
672 198 500
672 199 158
672 200 711
672 201 880
672 202 450
672 203 866
672 204 323
672 205 509
672 206 956
672 207 131
672 208 643
672 209 464
672 210 620
672 211 807
672 212 169
672 213 99
672 214 224
672 215 68
672 216 440
672 217 315
672 218 215
672 219 364
672 220 621
672 221 25
672 222 772
672 223 601
672 224 825
672 225 189
672 226 592
672 227 486
672 228 921
672 229 720
672 230 750
672 231 761
672 232 569
672 233 455
672 234 536
672 235 483
672 236 562
672 237 358
672 238 546
672 239 971
672 240 399
672 241 829
672 242 695
672 243 504
672 244 30
672 245 26
672 246 830
672 247 729
672 248 284
672 249 817
672 250 974
672 251 87
672 252 568
672 253 424
672 254 22
672 255 988
672 256 37
672 257 739
672 258 416
672 259 779
672 260 671
672 261 748
672 262 278
672 263 432
672 264 207
672 265 514
672 266 970
672 267 526
672 268 661
672 269 959
672 270 511
672 271 23
672 272 526
672 273 622
672 274 384
672 275 291
672 276 739
672 277 258
672 278 263
672 279 322
672 280 619
672 281 256
672 282 122
672 283 475
672 284 502
672 285 434
672 286 745
672 287 551
672 288 328
672 289 431
672 290 660
672 291 924
672 292 534
672 293 262
672 294 407
672 295 180
672 296 256
672 297 157
672 298 101
672 299 189
672 300 766
672 301 932
672 302 308
672 303 2
672 304 582
672 305 930
672 306 162
672 307 955
672 308 717
672 309 64
672 310 258
672 311 219
672 312 766
672 313 658
672 314 737
672 315 754
672 316 983
672 317 847
672 318 455
672 319 390
672 320 439
672 321 695
672 322 157
672 323 165
672 324 401
672 325 775
672 326 423
672 327 506
672 328 766
672 329 629
672 330 192
672 331 953
672 332 889
672 333 682
672 334 15
672 335 614
672 336 782
672 337 394
672 338 942
672 339 923
672 340 646
672 341 910
672 342 742
672 343 766
672 344 922
672 345 824
672 346 651
672 347 882
672 348 751
672 349 697
672 350 739
672 351 233
672 352 922
672 353 890
672 354 491
672 355 190
672 356 372
672 357 428
672 358 17
672 359 810
672 360 789
672 361 119
672 362 373
672 363 354
672 364 841
672 365 986
672 366 342
672 367 984
672 368 633
672 369 607
672 370 460
672 371 674
672 372 559
672 373 896
672 374 464
672 375 194
672 376 912
672 377 878
672 378 771
672 379 556
672 380 658
672 381 32
672 382 989
672 383 936
672 384 202
672 385 838
672 386 561
672 387 597
672 388 239
672 389 414
672 390 911
672 391 176
672 392 337
672 393 162
672 394 621
672 395 818
672 396 30
672 397 5
672 398 264
672 399 43
672 400 694
672 401 710
672 402 833
672 403 292
672 404 417
672 405 75
672 406 607
672 407 624
672 408 580
672 409 892
672 410 204
672 411 509
672 412 175
672 413 116
672 414 649
672 415 536
672 416 842
672 417 973
672 418 948
672 419 378
672 420 259
672 421 183
672 422 725
672 423 797
672 424 881
672 425 838
672 426 954
672 427 999
672 428 671
672 429 232
672 430 273
672 431 694
672 432 792
672 433 7
672 434 426
672 435 664
672 436 342
672 437 81
672 438 740
672 439 274
672 440 762
672 441 47
672 442 268
672 443 941
672 444 163
672 445 818
672 446 797
672 447 276
672 448 549
672 449 431
672 450 775
672 451 989
672 452 34
672 453 403
672 454 237
672 455 339
672 456 653
672 457 32
672 458 365
672 459 570
672 460 397
672 461 950
672 462 793
672 463 281
672 464 980
672 465 105
672 466 787
672 467 408
672 468 818
672 469 361
672 470 248
672 471 706
672 472 686
672 473 632
672 474 118
672 475 650
672 476 194
672 477 328
672 478 257
672 479 647
672 480 148
672 481 506
672 482 812
672 483 513
672 484 97
672 485 647
672 486 204
672 487 331
672 488 764
672 489 832
672 490 359
672 491 672
672 492 939
672 493 176
672 494 41
672 495 893
672 496 142
672 497 836
672 498 267
672 499 989
672 500 282
672 501 128
672 502 682
672 503 495
672 504 752
672 505 501
672 506 848
672 507 118
672 508 190
672 509 140
672 510 924
672 511 668
672 512 214
672 513 709
672 514 697
672 515 758
672 516 263
672 517 146
672 518 1
672 519 8
672 520 21
672 521 382
672 522 517
672 523 361
672 524 964
672 525 290
672 526 752
672 527 373
672 528 989
672 529 796
672 530 870
672 531 414
672 532 619
672 533 156
672 534 93
672 535 710
672 536 579
672 537 247
672 538 314
672 539 930
672 540 401
672 541 559
672 542 585
672 543 715
672 544 575
672 545 331
672 546 936
672 547 541
672 548 380
672 549 917
672 550 387
672 551 810
672 552 746
672 553 96
672 554 254
672 555 566
672 556 900
672 557 747
672 558 35
672 559 981
672 560 518
672 561 641
672 562 82
672 563 133
672 564 523
672 565 432
672 566 870
672 567 747
672 568 381
672 569 875
672 570 141
672 571 104
672 572 552
672 573 172
672 574 909
672 575 744
672 576 513
672 577 456
672 578 880
672 579 734
672 580 484
672 581 117
672 582 82
672 583 443
672 584 498
672 585 956
672 586 102
672 587 840
672 588 206
672 589 118
672 590 676
672 591 795
672 592 622
672 593 66
672 594 726
672 595 78
672 596 104
672 597 814
672 598 138
672 599 574
672 600 760
672 601 970
672 602 20
672 603 142
672 604 599
672 605 83
672 606 664
672 607 481
672 608 173
672 609 888
672 610 608
672 611 895
672 612 159
672 613 44
672 614 639
672 615 33
672 616 1
672 617 59
672 618 316
672 619 301
672 620 7
672 621 377
672 622 93
672 623 947
672 624 813
672 625 43
672 626 41
672 627 434
672 628 69
672 629 897
672 630 386
672 631 210
672 632 949
672 633 561
672 634 316
672 635 648
672 636 465
672 637 955
672 638 952
672 639 225
672 640 300
672 641 848
672 642 728
672 643 666
672 644 783
672 645 61
672 646 69
672 647 472
672 648 778
672 649 339
672 650 273
672 651 839
672 652 600
672 653 33
672 654 400
672 655 309
672 656 312
672 657 817
672 658 751
672 659 289
672 660 750
672 661 834
672 662 484
672 663 119
672 664 676
672 665 109
672 666 917
672 667 917
672 668 161
672 669 490
672 670 163
672 671 38
672 672 544
673 1 980
673 2 318
673 3 450
673 4 406
673 5 296
673 6 183
673 7 441
673 8 691
673 9 447
673 10 695
673 11 940
673 12 933
673 13 532
673 14 669
673 15 10
673 16 183
673 17 664
673 18 234
673 19 32
673 20 618
673 21 965
673 22 181
673 23 101
673 24 794
673 25 70
673 26 898
673 27 509
673 28 912
673 29 841
673 30 187
673 31 159
673 32 346
673 33 639
673 34 24
673 35 385
673 36 236
673 37 339
673 38 232
673 39 698
673 40 67
673 41 317
673 42 451
673 43 981
673 44 449
673 45 434
673 46 38
673 47 354
673 48 174
673 49 790
673 50 661
673 51 599
673 52 935
673 53 837
673 54 428
673 55 311
673 56 378
673 57 560
673 58 480
673 59 309
673 60 615
673 61 739
673 62 600
673 63 993
673 64 854
673 65 785
673 66 915
673 67 997
673 68 941
673 69 731
673 70 404
673 71 991
673 72 939
673 73 441
673 74 844
673 75 690
673 76 408
673 77 157
673 78 496
673 79 689
673 80 295
673 81 650
673 82 445
673 83 642
673 84 0
673 85 567
673 86 410
673 87 995
673 88 496
673 89 289
673 90 237
673 91 789
673 92 655
673 93 779
673 94 712
673 95 660
673 96 800
673 97 390
673 98 422
673 99 658
673 100 388
673 101 354
673 102 88
673 103 39
673 104 65
673 105 290
673 106 718
673 107 526
673 108 720
673 109 459
673 110 428
673 111 821
673 112 788
673 113 908
673 114 887
673 115 782
673 116 851
673 117 302
673 118 631
673 119 202
673 120 2
673 121 936
673 122 756
673 123 350
673 124 761
673 125 734
673 126 488
673 127 557
673 128 23
673 129 438
673 130 80
673 131 212
673 132 285
673 133 628
673 134 414
673 135 567
673 136 963
673 137 687
673 138 710
673 139 531
673 140 736
673 141 89
673 142 675
673 143 134
673 144 502
673 145 69
673 146 208
673 147 580
673 148 202
673 149 12
673 150 376
673 151 451
673 152 898
673 153 976
673 154 811
673 155 478
673 156 913
673 157 423
673 158 503
673 159 33
673 160 136
673 161 564
673 162 339
673 163 616
673 164 716
673 165 974
673 166 398
673 167 835
673 168 202
673 169 186
673 170 922
673 171 838
673 172 529
673 173 746
673 174 470
673 175 104
673 176 21
673 177 253
673 178 691
673 179 293
673 180 719
673 181 964
673 182 807
673 183 636
673 184 485
673 185 381
673 186 23
673 187 658
673 188 331
673 189 473
673 190 921
673 191 227
673 192 900
673 193 190
673 194 167
673 195 794
673 196 279
673 197 352
673 198 259
673 199 925
673 200 735
673 201 762
673 202 901
673 203 478
673 204 755
673 205 781
673 206 873
673 207 643
673 208 484
673 209 321
673 210 525
673 211 355
673 212 290
673 213 239
673 214 616
673 215 969
673 216 993
673 217 431
673 218 603
673 219 8
673 220 825
673 221 655
673 222 435
673 223 191
673 224 376
673 225 857
673 226 573
673 227 516
673 228 608
673 229 660
673 230 474
673 231 235
673 232 393
673 233 740
673 234 262
673 235 213
673 236 390
673 237 786
673 238 645
673 239 84
673 240 317
673 241 102
673 242 125
673 243 983
673 244 16
673 245 387
673 246 574
673 247 27
673 248 584
673 249 851
673 250 721
673 251 450
673 252 171
673 253 710
673 254 849
673 255 925
673 256 264
673 257 476
673 258 169
673 259 169
673 260 455
673 261 168
673 262 700
673 263 113
673 264 856
673 265 943
673 266 251
673 267 62
673 268 758
673 269 295
673 270 631
673 271 557
673 272 104
673 273 94
673 274 910
673 275 308
673 276 796
673 277 513
673 278 117
673 279 557
673 280 319
673 281 212
673 282 742
673 283 337
673 284 109
673 285 4
673 286 105
673 287 15
673 288 409
673 289 460
673 290 960
673 291 175
673 292 558
673 293 267
673 294 472
673 295 585
673 296 685
673 297 902
673 298 383
673 299 248
673 300 203
673 301 867
673 302 463
673 303 345
673 304 771
673 305 347
673 306 95
673 307 1
673 308 147
673 309 992
673 310 0
673 311 345
673 312 694
673 313 684
673 314 571
673 315 127
673 316 539
673 317 285
673 318 308
673 319 174
673 320 615
673 321 303
673 322 861
673 323 691
673 324 58
673 325 431
673 326 98
673 327 738
673 328 652
673 329 402
673 330 243
673 331 491
673 332 670
673 333 395
673 334 717
673 335 879
673 336 537
673 337 822
673 338 972
673 339 15
673 340 98
673 341 134
673 342 463
673 343 820
673 344 571
673 345 89
673 346 108
673 347 598
673 348 373
673 349 419
673 350 446
673 351 869
673 352 437
673 353 362
673 354 857
673 355 703
673 356 177
673 357 452
673 358 483
673 359 934
673 360 738
673 361 779
673 362 366
673 363 255
673 364 126
673 365 656
673 366 985
673 367 130
673 368 953
673 369 798
673 370 420
673 371 338
673 372 197
673 373 942
673 374 737
673 375 636
673 376 330
673 377 317
673 378 446
673 379 31
673 380 673
673 381 111
673 382 833
673 383 881
673 384 723
673 385 725
673 386 267
673 387 347
673 388 212
673 389 15
673 390 710
673 391 176
673 392 894
673 393 973
673 394 274
673 395 509
673 396 623
673 397 135
673 398 413
673 399 527
673 400 271
673 401 482
673 402 901
673 403 496
673 404 202
673 405 263
673 406 724
673 407 394
673 408 859
673 409 109
673 410 273
673 411 7
673 412 857
673 413 164
673 414 199
673 415 529
673 416 761
673 417 582
673 418 863
673 419 625
673 420 479
673 421 434
673 422 790
673 423 636
673 424 522
673 425 292
673 426 789
673 427 795
673 428 646
673 429 53
673 430 458
673 431 658
673 432 989
673 433 395
673 434 26
673 435 460
673 436 148
673 437 376
673 438 86
673 439 313
673 440 793
673 441 924
673 442 268
673 443 662
673 444 820
673 445 242
673 446 276
673 447 650
673 448 664
673 449 455
673 450 97
673 451 305
673 452 205
673 453 946
673 454 397
673 455 546
673 456 671
673 457 583
673 458 732
673 459 339
673 460 727
673 461 132
673 462 560
673 463 531
673 464 592
673 465 430
673 466 256
673 467 783
673 468 10
673 469 895
673 470 997
673 471 327
673 472 463
673 473 218
673 474 535
673 475 893
673 476 253
673 477 147
673 478 738
673 479 606
673 480 91
673 481 794
673 482 217
673 483 247
673 484 668
673 485 303
673 486 22
673 487 927
673 488 399
673 489 417
673 490 652
673 491 260
673 492 340
673 493 355
673 494 60
673 495 462
673 496 847
673 497 144
673 498 76
673 499 725
673 500 42
673 501 429
673 502 592
673 503 264
673 504 798
673 505 591
673 506 479
673 507 637
673 508 276
673 509 97
673 510 286
673 511 108
673 512 69
673 513 181
673 514 635
673 515 606
673 516 840
673 517 830
673 518 781
673 519 868
673 520 158
673 521 994
673 522 652
673 523 884
673 524 147
673 525 892
673 526 785
673 527 691
673 528 615
673 529 723
673 530 146
673 531 231
673 532 13
673 533 249
673 534 643
673 535 955
673 536 665
673 537 508
673 538 977
673 539 163
673 540 530
673 541 798
673 542 745
673 543 970
673 544 595
673 545 842
673 546 695
673 547 124
673 548 640
673 549 243
673 550 166
673 551 385
673 552 812
673 553 575
673 554 719
673 555 263
673 556 599
673 557 754
673 558 266
673 559 841
673 560 476
673 561 88
673 562 603
673 563 823
673 564 699
673 565 727
673 566 881
673 567 30
673 568 43
673 569 532
673 570 251
673 571 506
673 572 103
673 573 100
673 574 948
673 575 662
673 576 375
673 577 698
673 578 87
673 579 586
673 580 481
673 581 768
673 582 306
673 583 39
673 584 859
673 585 183
673 586 959
673 587 433
673 588 549
673 589 869
673 590 938
673 591 452
673 592 142
673 593 161
673 594 964
673 595 119
673 596 216
673 597 758
673 598 271
673 599 439
673 600 586
673 601 897
673 602 152
673 603 599
673 604 159
673 605 358
673 606 501
673 607 616
673 608 850
673 609 192
673 610 539
673 611 158
673 612 677
673 613 644
673 614 294
673 615 78
673 616 451
673 617 146
673 618 36
673 619 404
673 620 387
673 621 755
673 622 743
673 623 666
673 624 434
673 625 714
673 626 533
673 627 302
673 628 205
673 629 196
673 630 861
673 631 830
673 632 925
673 633 368
673 634 77
673 635 742
673 636 699
673 637 327
673 638 329
673 639 520
673 640 118
673 641 149
673 642 693
673 643 756
673 644 379
673 645 648
673 646 864
673 647 529
673 648 147
673 649 289
673 650 496
673 651 18
673 652 877
673 653 245
673 654 900
673 655 943
673 656 419
673 657 139
673 658 881
673 659 235
673 660 90
673 661 669
673 662 636
673 663 627
673 664 379
673 665 508
673 666 846
673 667 127
673 668 629
673 669 90
673 670 686
673 671 898
673 672 304
673 673 731
674 1 918
674 2 680
674 3 959
674 4 737
674 5 755
674 6 336
674 7 401
674 8 296
674 9 664
674 10 855
674 11 282
674 12 618
674 13 93
674 14 483
674 15 464
674 16 242
674 17 146
674 18 7
674 19 845
674 20 217
674 21 698
674 22 530
674 23 220
674 24 451
674 25 202
674 26 998
674 27 35
674 28 659
674 29 718
674 30 210
674 31 807
674 32 787
674 33 353
674 34 359
674 35 29
674 36 807
674 37 617
674 38 645
674 39 655
674 40 482
674 41 819
674 42 688
674 43 268
674 44 934
674 45 656
674 46 885
674 47 404
674 48 615
674 49 441
674 50 635
674 51 654
674 52 532
674 53 590
674 54 563
674 55 199
674 56 618
674 57 133
674 58 525
674 59 102
674 60 879
674 61 946
674 62 196
674 63 93
674 64 503
674 65 223
674 66 203
674 67 538
674 68 217
674 69 561
674 70 848
674 71 908
674 72 71
674 73 416
674 74 387
674 75 612
674 76 97
674 77 246
674 78 238
674 79 206
674 80 33
674 81 171
674 82 669
674 83 767
674 84 477
674 85 689
674 86 518
674 87 124
674 88 411
674 89 548
674 90 99
674 91 89
674 92 400
674 93 208
674 94 479
674 95 215
674 96 425
674 97 589
674 98 779
674 99 528
674 100 454
674 101 631
674 102 312
674 103 35
674 104 671
674 105 155
674 106 582
674 107 554
674 108 729
674 109 726
674 110 790
674 111 128
674 112 562
674 113 393
674 114 739
674 115 753
674 116 399
674 117 883
674 118 853
674 119 352
674 120 52
674 121 524
674 122 385
674 123 334
674 124 997
674 125 451
674 126 271
674 127 70
674 128 756
674 129 181
674 130 810
674 131 779
674 132 199
674 133 549
674 134 751
674 135 917
674 136 267
674 137 432
674 138 147
674 139 471
674 140 937
674 141 939
674 142 891
674 143 732
674 144 141
674 145 872
674 146 529
674 147 97
674 148 667
674 149 930
674 150 604
674 151 977
674 152 116
674 153 384
674 154 179
674 155 67
674 156 401
674 157 565
674 158 292
674 159 223
674 160 289
674 161 992
674 162 602
674 163 551
674 164 361
674 165 278
674 166 501
674 167 358
674 168 102
674 169 193
674 170 724
674 171 691
674 172 281
674 173 751
674 174 652
674 175 664
674 176 963
674 177 236
674 178 453
674 179 902
674 180 680
674 181 324
674 182 467
674 183 178
674 184 685
674 185 225
674 186 972
674 187 326
674 188 515
674 189 42
674 190 551
674 191 496
674 192 148
674 193 130
674 194 428
674 195 3
674 196 691
674 197 591
674 198 758
674 199 212
674 200 843
674 201 146
674 202 915
674 203 4
674 204 225
674 205 754
674 206 613
674 207 810
674 208 285
674 209 887
674 210 707
674 211 872
674 212 632
674 213 716
674 214 737
674 215 919
674 216 83
674 217 277
674 218 759
674 219 834
674 220 773
674 221 129
674 222 694
674 223 491
674 224 674
674 225 550
674 226 359
674 227 17
674 228 602
674 229 891
674 230 203
674 231 186
674 232 975
674 233 997
674 234 416
674 235 679
674 236 863
674 237 919
674 238 139
674 239 80
674 240 209
674 241 277
674 242 630
674 243 752
674 244 148
674 245 310
674 246 807
674 247 507
674 248 264
674 249 233
674 250 896
674 251 133
674 252 140
674 253 231
674 254 974
674 255 604
674 256 188
674 257 930
674 258 162
674 259 302
674 260 284
674 261 202
674 262 902
674 263 885
674 264 981
674 265 543
674 266 625
674 267 944
674 268 949
674 269 964
674 270 589
674 271 913
674 272 790
674 273 131
674 274 726
674 275 400
674 276 891
674 277 602
674 278 835
674 279 93
674 280 319
674 281 747
674 282 955
674 283 843
674 284 97
674 285 807
674 286 42
674 287 20
674 288 240
674 289 577
674 290 922
674 291 98
674 292 610
674 293 836
674 294 750
674 295 978
674 296 338
674 297 525
674 298 596
674 299 675
674 300 875
674 301 17
674 302 518
674 303 93
674 304 643
674 305 809
674 306 997
674 307 82
674 308 743
674 309 91
674 310 692
674 311 968
674 312 225
674 313 383
674 314 493
674 315 938
674 316 873
674 317 424
674 318 920
674 319 561
674 320 316
674 321 448
674 322 572
674 323 737
674 324 629
674 325 272
674 326 781
674 327 163
674 328 342
674 329 60
674 330 913
674 331 117
674 332 936
674 333 884
674 334 55
674 335 394
674 336 713
674 337 894
674 338 716
674 339 957
674 340 760
674 341 689
674 342 868
674 343 321
674 344 833
674 345 429
674 346 498
674 347 705
674 348 294
674 349 513
674 350 256
674 351 82
674 352 469
674 353 570
674 354 867
674 355 167
674 356 851
674 357 618
674 358 201
674 359 979
674 360 196
674 361 44
674 362 21
674 363 748
674 364 322
674 365 416
674 366 864
674 367 362
674 368 206
674 369 524
674 370 279
674 371 399
674 372 300
674 373 215
674 374 926
674 375 508
674 376 553
674 377 90
674 378 821
674 379 726
674 380 255
674 381 619
674 382 366
674 383 614
674 384 185
674 385 708
674 386 209
674 387 491
674 388 457
674 389 944
674 390 915
674 391 117
674 392 610
674 393 727
674 394 721
674 395 549
674 396 177
674 397 563
674 398 262
674 399 778
674 400 864
674 401 147
674 402 249
674 403 329
674 404 149
674 405 648
674 406 638
674 407 345
674 408 613
674 409 243
674 410 466
674 411 964
674 412 380
674 413 906
674 414 950
674 415 886
674 416 601
674 417 549
674 418 247
674 419 985
674 420 261
674 421 216
674 422 246
674 423 302
674 424 390
674 425 377
674 426 242
674 427 400
674 428 439
674 429 524
674 430 147
674 431 643
674 432 885
674 433 886
674 434 787
674 435 581
674 436 440
674 437 335
674 438 592
674 439 322
674 440 452
674 441 626
674 442 177
674 443 686
674 444 999
674 445 845
674 446 614
674 447 638
674 448 465
674 449 724
674 450 27
674 451 935
674 452 218
674 453 495
674 454 594
674 455 899
674 456 701
674 457 294
674 458 712
674 459 394
674 460 853
674 461 168
674 462 950
674 463 674
674 464 538
674 465 491
674 466 756
674 467 779
674 468 44
674 469 944
674 470 164
674 471 743
674 472 803
674 473 845
674 474 867
674 475 822
674 476 699
674 477 352
674 478 908
674 479 742
674 480 760
674 481 488
674 482 670
674 483 670
674 484 241
674 485 788
674 486 663
674 487 830
674 488 1
674 489 429
674 490 969
674 491 903
674 492 936
674 493 774
674 494 494
674 495 497
674 496 275
674 497 349
674 498 184
674 499 374
674 500 965
674 501 40
674 502 367
674 503 583
674 504 41
674 505 997
674 506 114
674 507 519
674 508 531
674 509 24
674 510 558
674 511 249
674 512 633
674 513 784
674 514 445
674 515 376
674 516 113
674 517 486
674 518 78
674 519 588
674 520 255
674 521 7
674 522 524
674 523 811
674 524 350
674 525 374
674 526 1000
674 527 800
674 528 393
674 529 742
674 530 38
674 531 514
674 532 795
674 533 237
674 534 353
674 535 524
674 536 477
674 537 637
674 538 926
674 539 685
674 540 761
674 541 326
674 542 834
674 543 605
674 544 411
674 545 488
674 546 744
674 547 890
674 548 681
674 549 960
674 550 360
674 551 309
674 552 578
674 553 274
674 554 536
674 555 69
674 556 680
674 557 118
674 558 578
674 559 660
674 560 393
674 561 35
674 562 159
674 563 146
674 564 72
674 565 900
674 566 151
674 567 320
674 568 523
674 569 895
674 570 848
674 571 409
674 572 659
674 573 147
674 574 224
674 575 928
674 576 75
674 577 531
674 578 436
674 579 564
674 580 491
674 581 555
674 582 412
674 583 795
674 584 392
674 585 449
674 586 323
674 587 82
674 588 86
674 589 539
674 590 548
674 591 481
674 592 496
674 593 698
674 594 339
674 595 461
674 596 259
674 597 212
674 598 381
674 599 88
674 600 64
674 601 769
674 602 592
674 603 338
674 604 148
674 605 857
674 606 331
674 607 840
674 608 758
674 609 6
674 610 340
674 611 976
674 612 117
674 613 960
674 614 137
674 615 519
674 616 779
674 617 852
674 618 144
674 619 791
674 620 158
674 621 291
674 622 654
674 623 10
674 624 897
674 625 71
674 626 796
674 627 792
674 628 536
674 629 52
674 630 882
674 631 651
674 632 885
674 633 9
674 634 701
674 635 412
674 636 216
674 637 258
674 638 274
674 639 294
674 640 480
674 641 590
674 642 91
674 643 850
674 644 172
674 645 978
674 646 602
674 647 212
674 648 659
674 649 130
674 650 923
674 651 964
674 652 574
674 653 148
674 654 555
674 655 899
674 656 456
674 657 856
674 658 760
674 659 56
674 660 559
674 661 853
674 662 978
674 663 913
674 664 414
674 665 416
674 666 304
674 667 720
674 668 748
674 669 573
674 670 135
674 671 408
674 672 800
674 673 613
674 674 48
675 1 28
675 2 924
675 3 941
675 4 936
675 5 422
675 6 214
675 7 49
675 8 230
675 9 767
675 10 593
675 11 659
675 12 401
675 13 719
675 14 87
675 15 143
675 16 839
675 17 647
675 18 320
675 19 27
675 20 907
675 21 492
675 22 802
675 23 394
675 24 417
675 25 125
675 26 909
675 27 141
675 28 976
675 29 794
675 30 997
675 31 15
675 32 622
675 33 41
675 34 8
675 35 76
675 36 821
675 37 548
675 38 845
675 39 521
675 40 364
675 41 650
675 42 113
675 43 803
675 44 282
675 45 268
675 46 435
675 47 782
675 48 701
675 49 102
675 50 746
675 51 702
675 52 301
675 53 493
675 54 986
675 55 764
675 56 190
675 57 858
675 58 114
675 59 791
675 60 598
675 61 115
675 62 806
675 63 792
675 64 960
675 65 832
675 66 672
675 67 702
675 68 129
675 69 784
675 70 429
675 71 945
675 72 622
675 73 162
675 74 687
675 75 431
675 76 458
675 77 622
675 78 414
675 79 731
675 80 572
675 81 265
675 82 524
675 83 110
675 84 919
675 85 163
675 86 772
675 87 823
675 88 469
675 89 79
675 90 661
675 91 917
675 92 276
675 93 338
675 94 934
675 95 623
675 96 492
675 97 1000
675 98 497
675 99 280
675 100 764
675 101 672
675 102 323
675 103 141
675 104 994
675 105 347
675 106 62
675 107 731
675 108 193
675 109 633
675 110 846
675 111 948
675 112 641
675 113 938
675 114 648
675 115 339
675 116 317
675 117 429
675 118 87
675 119 514
675 120 138
675 121 953
675 122 663
675 123 663
675 124 661
675 125 32
675 126 618
675 127 918
675 128 446
675 129 55
675 130 2
675 131 927
675 132 232
675 133 881
675 134 932
675 135 963
675 136 642
675 137 600
675 138 417
675 139 517
675 140 605
675 141 626
675 142 154
675 143 673
675 144 508
675 145 183
675 146 814
675 147 188
675 148 326
675 149 201
675 150 393
675 151 942
675 152 891
675 153 213
675 154 756
675 155 361
675 156 279
675 157 544
675 158 608
675 159 14
675 160 176
675 161 786
675 162 25
675 163 716
675 164 118
675 165 800
675 166 442
675 167 596
675 168 89
675 169 363
675 170 878
675 171 371
675 172 756
675 173 511
675 174 842
675 175 402
675 176 241
675 177 841
675 178 985
675 179 317
675 180 891
675 181 851
675 182 171
675 183 950
675 184 938
675 185 622
675 186 21
675 187 16
675 188 672
675 189 690
675 190 9
675 191 274
675 192 831
675 193 624
675 194 369
675 195 677
675 196 988
675 197 928
675 198 177
675 199 632
675 200 189
675 201 917
675 202 962
675 203 221
675 204 894
675 205 845
675 206 1
675 207 965
675 208 812
675 209 262
675 210 876
675 211 105
675 212 611
675 213 206
675 214 18
675 215 70
675 216 707
675 217 469
675 218 263
675 219 991
675 220 198
675 221 747
675 222 808
675 223 53
675 224 539
675 225 666
675 226 928
675 227 467
675 228 308
675 229 443
675 230 265
675 231 349
675 232 939
675 233 487
675 234 663
675 235 846
675 236 856
675 237 518
675 238 933
675 239 796
675 240 544
675 241 921
675 242 774
675 243 529
675 244 611
675 245 827
675 246 143
675 247 521
675 248 171
675 249 526
675 250 271
675 251 221
675 252 441
675 253 193
675 254 240
675 255 863
675 256 578
675 257 775
675 258 834
675 259 690
675 260 305
675 261 513
675 262 916
675 263 712
675 264 410
675 265 592
675 266 405
675 267 389
675 268 617
675 269 653
675 270 873
675 271 357
675 272 339
675 273 934
675 274 717
675 275 828
675 276 960
675 277 303
675 278 838
675 279 486
675 280 142
675 281 450
675 282 308
675 283 484
675 284 347
675 285 406
675 286 623
675 287 204
675 288 875
675 289 853
675 290 957
675 291 751
675 292 826
675 293 490
675 294 23
675 295 136
675 296 259
675 297 704
675 298 657
675 299 513
675 300 304
675 301 986
675 302 849
675 303 375
675 304 366
675 305 682
675 306 359
675 307 151
675 308 612
675 309 13
675 310 296
675 311 521
675 312 901
675 313 641
675 314 614
675 315 137
675 316 677
675 317 779
675 318 918
675 319 796
675 320 727
675 321 461
675 322 254
675 323 456
675 324 709
675 325 68
675 326 828
675 327 523
675 328 54
675 329 874
675 330 779
675 331 46
675 332 878
675 333 214
675 334 758
675 335 248
675 336 600
675 337 161
675 338 780
675 339 913
675 340 78
675 341 743
675 342 264
675 343 405
675 344 677
675 345 353
675 346 996
675 347 422
675 348 282
675 349 690
675 350 461
675 351 405
675 352 763
675 353 248
675 354 764
675 355 984
675 356 10
675 357 83
675 358 915
675 359 844
675 360 920
675 361 11
675 362 545
675 363 88
675 364 876
675 365 129
675 366 105
675 367 505
675 368 538
675 369 546
675 370 394
675 371 217
675 372 397
675 373 517
675 374 390
675 375 171
675 376 421
675 377 63
675 378 204
675 379 867
675 380 926
675 381 808
675 382 471
675 383 739
675 384 21
675 385 759
675 386 725
675 387 814
675 388 876
675 389 888
675 390 817
675 391 306
675 392 792
675 393 536
675 394 253
675 395 762
675 396 172
675 397 697
675 398 595
675 399 853
675 400 902
675 401 131
675 402 573
675 403 776
675 404 249
675 405 160
675 406 966
675 407 722
675 408 904
675 409 947
675 410 427
675 411 739
675 412 840
675 413 884
675 414 238
675 415 185
675 416 27
675 417 557
675 418 256
675 419 564
675 420 190
675 421 148
675 422 807
675 423 308
675 424 818
675 425 226
675 426 154
675 427 255
675 428 207
675 429 365
675 430 536
675 431 874
675 432 908
675 433 726
675 434 168
675 435 59
675 436 949
675 437 959
675 438 714
675 439 482
675 440 441
675 441 413
675 442 274
675 443 288
675 444 511
675 445 252
675 446 539
675 447 127
675 448 423
675 449 538
675 450 370
675 451 771
675 452 914
675 453 15
675 454 448
675 455 983
675 456 131
675 457 925
675 458 187
675 459 844
675 460 100
675 461 315
675 462 83
675 463 244
675 464 31
675 465 392
675 466 488
675 467 827
675 468 723
675 469 236
675 470 52
675 471 533
675 472 173
675 473 383
675 474 433
675 475 125
675 476 725
675 477 459
675 478 910
675 479 501
675 480 545
675 481 827
675 482 932
675 483 320
675 484 973
675 485 259
675 486 230
675 487 596
675 488 287
675 489 428
675 490 397
675 491 804
675 492 57
675 493 611
675 494 265
675 495 143
675 496 529
675 497 708
675 498 909
675 499 869
675 500 254
675 501 725
675 502 802
675 503 49
675 504 294
675 505 669
675 506 560
675 507 324
675 508 320
675 509 677
675 510 999
675 511 891
675 512 78
675 513 275
675 514 865
675 515 653
675 516 8
675 517 855
675 518 23
675 519 32
675 520 293
675 521 715
675 522 689
675 523 447
675 524 643
675 525 246
675 526 303
675 527 178
675 528 331
675 529 474
675 530 607
675 531 82
675 532 125
675 533 418
675 534 851
675 535 544
675 536 514
675 537 424
675 538 91
675 539 459
675 540 885
675 541 354
675 542 567
675 543 525
675 544 206
675 545 281
675 546 728
675 547 170
675 548 117
675 549 822
675 550 299
675 551 14
675 552 626
675 553 86
675 554 35
675 555 331
675 556 972
675 557 800
675 558 723
675 559 893
675 560 315
675 561 335
675 562 838
675 563 676
675 564 85
675 565 0
675 566 788
675 567 794
675 568 680
675 569 574
675 570 283
675 571 131
675 572 321
675 573 848
675 574 476
675 575 221
675 576 205
675 577 872
675 578 560
675 579 997
675 580 356
675 581 916
675 582 996
675 583 738
675 584 275
675 585 161
675 586 356
675 587 449
675 588 763
675 589 715
675 590 623
675 591 206
675 592 408
675 593 235
675 594 984
675 595 679
675 596 710
675 597 181
675 598 222
675 599 724
675 600 856
675 601 571
675 602 99
675 603 355
675 604 228
675 605 800
675 606 860
675 607 532
675 608 35
675 609 496
675 610 131
675 611 600
675 612 881
675 613 76
675 614 533
675 615 106
675 616 584
675 617 257
675 618 69
675 619 776
675 620 809
675 621 978
675 622 427
675 623 574
675 624 628
675 625 101
675 626 352
675 627 140
675 628 339
675 629 264
675 630 883
675 631 652
675 632 22
675 633 839
675 634 507
675 635 929
675 636 165
675 637 14
675 638 565
675 639 527
675 640 346
675 641 61
675 642 554
675 643 554
675 644 844
675 645 762
675 646 194
675 647 652
675 648 822
675 649 630
675 650 382
675 651 298
675 652 352
675 653 118
675 654 393
675 655 270
675 656 278
675 657 644
675 658 32
675 659 253
675 660 440
675 661 722
675 662 121
675 663 31
675 664 906
675 665 145
675 666 779
675 667 136
675 668 985
675 669 958
675 670 680
675 671 621
675 672 444
675 673 119
675 674 24
675 675 893
676 1 746
676 2 394
676 3 327
676 4 445
676 5 490
676 6 539
676 7 978
676 8 64
676 9 496
676 10 577
676 11 598
676 12 641
676 13 323
676 14 158
676 15 45
676 16 91
676 17 958
676 18 270
676 19 604
676 20 843
676 21 233
676 22 347
676 23 949
676 24 518
676 25 763
676 26 393
676 27 391
676 28 224
676 29 858
676 30 899
676 31 285
676 32 457
676 33 607
676 34 112
676 35 264
676 36 476
676 37 157
676 38 376
676 39 524
676 40 981
676 41 884
676 42 602
676 43 28
676 44 886
676 45 991
676 46 628
676 47 244
676 48 827
676 49 785
676 50 23
676 51 762
676 52 85
676 53 319
676 54 368
676 55 775
676 56 631
676 57 429
676 58 208
676 59 15
676 60 770
676 61 504
676 62 748
676 63 993
676 64 619
676 65 80
676 66 67
676 67 550
676 68 556
676 69 389
676 70 316
676 71 501
676 72 928
676 73 658
676 74 543
676 75 139
676 76 684
676 77 983
676 78 4
676 79 648
676 80 215
676 81 553
676 82 421
676 83 809
676 84 894
676 85 583
676 86 599
676 87 422
676 88 874
676 89 89
676 90 212
676 91 415
676 92 21
676 93 47
676 94 721
676 95 376
676 96 913
676 97 215
676 98 553
676 99 724
676 100 475
676 101 973
676 102 403
676 103 958
676 104 976
676 105 159
676 106 769
676 107 116
676 108 772
676 109 225
676 110 150
676 111 68
676 112 479
676 113 866
676 114 325
676 115 679
676 116 449
676 117 400
676 118 448
676 119 734
676 120 365
676 121 863
676 122 570
676 123 381
676 124 167
676 125 196
676 126 701
676 127 505
676 128 346
676 129 699
676 130 906
676 131 293
676 132 649
676 133 661
676 134 946
676 135 435
676 136 528
676 137 775
676 138 988
676 139 882
676 140 111
676 141 700
676 142 676
676 143 229
676 144 624
676 145 690
676 146 895
676 147 453
676 148 248
676 149 137
676 150 63
676 151 44
676 152 0
676 153 201
676 154 748
676 155 569
676 156 325
676 157 863
676 158 618
676 159 926
676 160 499
676 161 248
676 162 33
676 163 451
676 164 612
676 165 218
676 166 951
676 167 584
676 168 679
676 169 920
676 170 505
676 171 632
676 172 705
676 173 648
676 174 155
676 175 444
676 176 596
676 177 608
676 178 871
676 179 729
676 180 555
676 181 945
676 182 531
676 183 187
676 184 335
676 185 741
676 186 192
676 187 533
676 188 849
676 189 698
676 190 778
676 191 908
676 192 347
676 193 984
676 194 790
676 195 821
676 196 970
676 197 805
676 198 48
676 199 400
676 200 171
676 201 196
676 202 508
676 203 421
676 204 192
676 205 694
676 206 399
676 207 479
676 208 921
676 209 784
676 210 164
676 211 824
676 212 636
676 213 890
676 214 342
676 215 37
676 216 351
676 217 158
676 218 60
676 219 968
676 220 125
676 221 689
676 222 646
676 223 530
676 224 955
676 225 307
676 226 192
676 227 89
676 228 700
676 229 534
676 230 851
676 231 992
676 232 152
676 233 951
676 234 954
676 235 613
676 236 497
676 237 668
676 238 368
676 239 290
676 240 451
676 241 233
676 242 144
676 243 486
676 244 488
676 245 259
676 246 246
676 247 439
676 248 229
676 249 456
676 250 793
676 251 782
676 252 981
676 253 414
676 254 565
676 255 6
676 256 909
676 257 740
676 258 457
676 259 24
676 260 420
676 261 957
676 262 793
676 263 492
676 264 359
676 265 254
676 266 464
676 267 239
676 268 883
676 269 841
676 270 839
676 271 343
676 272 517
676 273 578
676 274 80
676 275 386
676 276 260
676 277 426
676 278 131
676 279 347
676 280 560
676 281 465
676 282 182
676 283 481
676 284 458
676 285 914
676 286 521
676 287 127
676 288 486
676 289 932
676 290 709
676 291 108
676 292 573
676 293 123
676 294 512
676 295 520
676 296 431
676 297 206
676 298 327
676 299 675
676 300 999
676 301 586
676 302 212
676 303 388
676 304 139
676 305 674
676 306 790
676 307 635
676 308 145
676 309 708
676 310 24
676 311 279
676 312 105
676 313 731
676 314 105
676 315 967
676 316 257
676 317 94
676 318 529
676 319 610
676 320 137
676 321 656
676 322 464
676 323 693
676 324 345
676 325 846
676 326 376
676 327 720
676 328 355
676 329 596
676 330 29
676 331 275
676 332 977
676 333 630
676 334 42
676 335 783
676 336 999
676 337 390
676 338 215
676 339 446
676 340 0
676 341 826
676 342 486
676 343 391
676 344 425
676 345 950
676 346 232
676 347 239
676 348 948
676 349 181
676 350 549
676 351 68
676 352 425
676 353 866
676 354 636
676 355 918
676 356 532
676 357 1
676 358 868
676 359 202
676 360 477
676 361 758
676 362 83
676 363 204
676 364 934
676 365 957
676 366 620
676 367 619
676 368 841
676 369 119
676 370 132
676 371 4
676 372 547
676 373 391
676 374 8
676 375 44
676 376 975
676 377 239
676 378 28
676 379 372
676 380 715
676 381 816
676 382 185
676 383 115
676 384 182
676 385 334
676 386 742
676 387 205
676 388 269
676 389 95
676 390 416
676 391 41
676 392 789
676 393 589
676 394 49
676 395 441
676 396 990
676 397 840
676 398 232
676 399 972
676 400 912
676 401 403
676 402 324
676 403 483
676 404 94
676 405 1
676 406 700
676 407 530
676 408 322
676 409 238
676 410 498
676 411 318
676 412 514
676 413 408
676 414 691
676 415 225
676 416 632
676 417 848
676 418 579
676 419 1000
676 420 958
676 421 472
676 422 525
676 423 475
676 424 398
676 425 998
676 426 393
676 427 697
676 428 112
676 429 234
676 430 511
676 431 346
676 432 978
676 433 951
676 434 191
676 435 761
676 436 249
676 437 955
676 438 352
676 439 157
676 440 456
676 441 123
676 442 298
676 443 925
676 444 491
676 445 107
676 446 887
676 447 289
676 448 731
676 449 784
676 450 785
676 451 410
676 452 996
676 453 367
676 454 284
676 455 442
676 456 367
676 457 937
676 458 647
676 459 382
676 460 726
676 461 671
676 462 234
676 463 482
676 464 889
676 465 512
676 466 363
676 467 410
676 468 122
676 469 797
676 470 851
676 471 132
676 472 627
676 473 393
676 474 289
676 475 367
676 476 800
676 477 901
676 478 675
676 479 492
676 480 794
676 481 760
676 482 204
676 483 958
676 484 294
676 485 237
676 486 148
676 487 776
676 488 881
676 489 390
676 490 986
676 491 376
676 492 756
676 493 231
676 494 432
676 495 587
676 496 312
676 497 79
676 498 93
676 499 349
676 500 948
676 501 521
676 502 977
676 503 969
676 504 363
676 505 507
676 506 9
676 507 230
676 508 281
676 509 318
676 510 858
676 511 509
676 512 232
676 513 247
676 514 5
676 515 702
676 516 99
676 517 893
676 518 351
676 519 798
676 520 895
676 521 355
676 522 572
676 523 484
676 524 953
676 525 109
676 526 706
676 527 731
676 528 502
676 529 616
676 530 773
676 531 716
676 532 571
676 533 414
676 534 882
676 535 33
676 536 7
676 537 203
676 538 572
676 539 600
676 540 140
676 541 681
676 542 842
676 543 58
676 544 884
676 545 674
676 546 141
676 547 96
676 548 831
676 549 368
676 550 144
676 551 303
676 552 113
676 553 834
676 554 235
676 555 493
676 556 271
676 557 94
676 558 569
676 559 419
676 560 975
676 561 579
676 562 402
676 563 489
676 564 70
676 565 985
676 566 70
676 567 467
676 568 147
676 569 938
676 570 851
676 571 623
676 572 872
676 573 309
676 574 163
676 575 373
676 576 553
676 577 235
676 578 185
676 579 271
676 580 484
676 581 403
676 582 660
676 583 564
676 584 502
676 585 519
676 586 853
676 587 275
676 588 104
676 589 634
676 590 491
676 591 40
676 592 466
676 593 894
676 594 518
676 595 238
676 596 342
676 597 414
676 598 602
676 599 659
676 600 88
676 601 821
676 602 951
676 603 384
676 604 938
676 605 54
676 606 578
676 607 451
676 608 906
676 609 175
676 610 397
676 611 941
676 612 137
676 613 601
676 614 21
676 615 270
676 616 414
676 617 700
676 618 725
676 619 448
676 620 213
676 621 676
676 622 622
676 623 418
676 624 529
676 625 899
676 626 170
676 627 869
676 628 658
676 629 847
676 630 26
676 631 172
676 632 907
676 633 942
676 634 520
676 635 876
676 636 799
676 637 79
676 638 916
676 639 847
676 640 564
676 641 575
676 642 162
676 643 944
676 644 234
676 645 794
676 646 831
676 647 498
676 648 682
676 649 259
676 650 713
676 651 598
676 652 377
676 653 463
676 654 692
676 655 110
676 656 325
676 657 492
676 658 739
676 659 836
676 660 370
676 661 913
676 662 118
676 663 10
676 664 36
676 665 812
676 666 87
676 667 384
676 668 172
676 669 629
676 670 749
676 671 705
676 672 273
676 673 113
676 674 525
676 675 617
676 676 659
677 1 610
677 2 209
677 3 714
677 4 662
677 5 797
677 6 713
677 7 109
677 8 529
677 9 902
677 10 957
677 11 721
677 12 649
677 13 609
677 14 597
677 15 5
677 16 151
677 17 157
677 18 996
677 19 699
677 20 100
677 21 832
677 22 416
677 23 419
677 24 987
677 25 313
677 26 523
677 27 482
677 28 971
677 29 399
677 30 354
677 31 387
677 32 936
677 33 901
677 34 240
677 35 312
677 36 568
677 37 761
677 38 757
677 39 385
677 40 934
677 41 148
677 42 711
677 43 545
677 44 339
677 45 991
677 46 513
677 47 643
677 48 350
677 49 162
677 50 920
677 51 268
677 52 883
677 53 791
677 54 418
677 55 858
677 56 875
677 57 936
677 58 985
677 59 821
677 60 121
677 61 700
677 62 343
677 63 812
677 64 733
677 65 294
677 66 753
677 67 638
677 68 903
677 69 921
677 70 365
677 71 504
677 72 838
677 73 138
677 74 537
677 75 30
677 76 233
677 77 168
677 78 212
677 79 156
677 80 173
677 81 141
677 82 567
677 83 743
677 84 557
677 85 435
677 86 796
677 87 79
677 88 697
677 89 724
677 90 727
677 91 657
677 92 77
677 93 474
677 94 407
677 95 590
677 96 440
677 97 31
677 98 169
677 99 365
677 100 627
677 101 112
677 102 135
677 103 137
677 104 355
677 105 213
677 106 745
677 107 384
677 108 275
677 109 420
677 110 698
677 111 35
677 112 441
677 113 564
677 114 298
677 115 42
677 116 649
677 117 389
677 118 303
677 119 332
677 120 597
677 121 740
677 122 181
677 123 263
677 124 980
677 125 898
677 126 200
677 127 55
677 128 771
677 129 531
677 130 645
677 131 484
677 132 784
677 133 366
677 134 643
677 135 146
677 136 353
677 137 377
677 138 955
677 139 115
677 140 515
677 141 780
677 142 290
677 143 885
677 144 940
677 145 604
677 146 162
677 147 420
677 148 485
677 149 348
677 150 173
677 151 165
677 152 473
677 153 618
677 154 471
677 155 730
677 156 107
677 157 946
677 158 443
677 159 402
677 160 999
677 161 891
677 162 748
677 163 431
677 164 786
677 165 27
677 166 401
677 167 730
677 168 147
677 169 49
677 170 873
677 171 898
677 172 547
677 173 109
677 174 641
677 175 987
677 176 400
677 177 817
677 178 888
677 179 329
677 180 625
677 181 41
677 182 282
677 183 242
677 184 897
677 185 485
677 186 798
677 187 626
677 188 618
677 189 22
677 190 555
677 191 380
677 192 539
677 193 906
677 194 282
677 195 258
677 196 855
677 197 70
677 198 595
677 199 942
677 200 406
677 201 492
677 202 660
677 203 245
677 204 404
677 205 938
677 206 230
677 207 390
677 208 482
677 209 251
677 210 446
677 211 917
677 212 441
677 213 98
677 214 989
677 215 359
677 216 674
677 217 579
677 218 417
677 219 132
677 220 74
677 221 409
677 222 546
677 223 221
677 224 522
677 225 372
677 226 141
677 227 944
677 228 253
677 229 728
677 230 340
677 231 702
677 232 935
677 233 581
677 234 446
677 235 428
677 236 27
677 237 806
677 238 388
677 239 805
677 240 689
677 241 156
677 242 797
677 243 151
677 244 626
677 245 586
677 246 114
677 247 947
677 248 795
677 249 48
677 250 39
677 251 3
677 252 522
677 253 331
677 254 843
677 255 25
677 256 19
677 257 152
677 258 176
677 259 820
677 260 735
677 261 399
677 262 703
677 263 5
677 264 597
677 265 952
677 266 166
677 267 13
677 268 789
677 269 578
677 270 395
677 271 141
677 272 578
677 273 897
677 274 372
677 275 474
677 276 430
677 277 899
677 278 167
677 279 231
677 280 360
677 281 243
677 282 989
677 283 174
677 284 336
677 285 288
677 286 650
677 287 246
677 288 231
677 289 45
677 290 407
677 291 694
677 292 640
677 293 909
677 294 981
677 295 494
677 296 24
677 297 968
677 298 336
677 299 639
677 300 956
677 301 899
677 302 965
677 303 248
677 304 696
677 305 655
677 306 162
677 307 942
677 308 798
677 309 178
677 310 164
677 311 150
677 312 712
677 313 561
677 314 967
677 315 160
677 316 345
677 317 385
677 318 0
677 319 37
677 320 982
677 321 293
677 322 824
677 323 640
677 324 528
677 325 930
677 326 157
677 327 33
677 328 991
677 329 482
677 330 100
677 331 978
677 332 367
677 333 341
677 334 82
677 335 846
677 336 856
677 337 98
677 338 528
677 339 663
677 340 28
677 341 268
677 342 947
677 343 879
677 344 802
677 345 809
677 346 411
677 347 882
677 348 548
677 349 52
677 350 878
677 351 82
677 352 487
677 353 507
677 354 711
677 355 892
677 356 763
677 357 567
677 358 809
677 359 467
677 360 330
677 361 13
677 362 918
677 363 669
677 364 707
677 365 630
677 366 413
677 367 181
677 368 21
677 369 359
677 370 26
677 371 126
677 372 98
677 373 366
677 374 65
677 375 396
677 376 972
677 377 195
677 378 270
677 379 821
677 380 464
677 381 31
677 382 185
677 383 422
677 384 464
677 385 823
677 386 869
677 387 576
677 388 317
677 389 688
677 390 261
677 391 774
677 392 635
677 393 923
677 394 618
677 395 363
677 396 451
677 397 55
677 398 418
677 399 79
677 400 949
677 401 855
677 402 940
677 403 366
677 404 172
677 405 728
677 406 813
677 407 785
677 408 614
677 409 53
677 410 933
677 411 398
677 412 815
677 413 318
677 414 715
677 415 63
677 416 660
677 417 423
677 418 45
677 419 197
677 420 622
677 421 907
677 422 345
677 423 19
677 424 128
677 425 751
677 426 186
677 427 23
677 428 947
677 429 324
677 430 139
677 431 121
677 432 651
677 433 882
677 434 861
677 435 370
677 436 524
677 437 387
677 438 853
677 439 343
677 440 462
677 441 583
677 442 360
677 443 622
677 444 437
677 445 106
677 446 81
677 447 793
677 448 832
677 449 2
677 450 351
677 451 530
677 452 840
677 453 84
677 454 556
677 455 58
677 456 569
677 457 790
677 458 487
677 459 138
677 460 670
677 461 934
677 462 341
677 463 726
677 464 163
677 465 534
677 466 469
677 467 831
677 468 244
677 469 625
677 470 467
677 471 810
677 472 663
677 473 197
677 474 73
677 475 969
677 476 837
677 477 323
677 478 775
677 479 917
677 480 34
677 481 524
677 482 656
677 483 181
677 484 599
677 485 647
677 486 39
677 487 156
677 488 565
677 489 459
677 490 921
677 491 774
677 492 158
677 493 931
677 494 467
677 495 957
677 496 529
677 497 265
677 498 801
677 499 259
677 500 725
677 501 717
677 502 335
677 503 267
677 504 819
677 505 206
677 506 271
677 507 832
677 508 178
677 509 573
677 510 82
677 511 84
677 512 832
677 513 599
677 514 819
677 515 352
677 516 184
677 517 972
677 518 396
677 519 646
677 520 714
677 521 762
677 522 707
677 523 568
677 524 843
677 525 44
677 526 532
677 527 843
677 528 747
677 529 47
677 530 740
677 531 782
677 532 733
677 533 657
677 534 722
677 535 492
677 536 932
677 537 137
677 538 914
677 539 128
677 540 166
677 541 61
677 542 523
677 543 313
677 544 887
677 545 413
677 546 151
677 547 609
677 548 145
677 549 686
677 550 416
677 551 281
677 552 650
677 553 783
677 554 128
677 555 926
677 556 402
677 557 322
677 558 25
677 559 967
677 560 977
677 561 865
677 562 861
677 563 950
677 564 322
677 565 44
677 566 482
677 567 553
677 568 687
677 569 113
677 570 734
677 571 195
677 572 71
677 573 4
677 574 369
677 575 355
677 576 885
677 577 579
677 578 83
677 579 42
677 580 138
677 581 534
677 582 943
677 583 485
677 584 407
677 585 24
677 586 841
677 587 335
677 588 285
677 589 727
677 590 577
677 591 129
677 592 582
677 593 849
677 594 363
677 595 476
677 596 596
677 597 39
677 598 842
677 599 901
677 600 713
677 601 398
677 602 689
677 603 640
677 604 650
677 605 794
677 606 446
677 607 395
677 608 407
677 609 780
677 610 207
677 611 256
677 612 780
677 613 11
677 614 504
677 615 30
677 616 314
677 617 92
677 618 335
677 619 624
677 620 364
677 621 792
677 622 775
677 623 902
677 624 447
677 625 258
677 626 278
677 627 962
677 628 404
677 629 649
677 630 436
677 631 950
677 632 66
677 633 945
677 634 451
677 635 168
677 636 192
677 637 980
677 638 102
677 639 721
677 640 829
677 641 826
677 642 916
677 643 521
677 644 884
677 645 460
677 646 730
677 647 761
677 648 242
677 649 458
677 650 586
677 651 79
677 652 430
677 653 948
677 654 776
677 655 967
677 656 189
677 657 281
677 658 247
677 659 913
677 660 585
677 661 255
677 662 752
677 663 748
677 664 19
677 665 508
677 666 716
677 667 642
677 668 362
677 669 646
677 670 199
677 671 696
677 672 162
677 673 963
677 674 541
677 675 370
677 676 16
677 677 921
678 1 233
678 2 778
678 3 823
678 4 817
678 5 628
678 6 651
678 7 421
678 8 934
678 9 575
678 10 37
678 11 972
678 12 475
678 13 369
678 14 393
678 15 576
678 16 800
678 17 945
678 18 718
678 19 676
678 20 803
678 21 159
678 22 523
678 23 768
678 24 6
678 25 865
678 26 145
678 27 810
678 28 442
678 29 801
678 30 722
678 31 194
678 32 350
678 33 325
678 34 567
678 35 539
678 36 550
678 37 264
678 38 968
678 39 287
678 40 735
678 41 839
678 42 797
678 43 438
678 44 13
678 45 291
678 46 318
678 47 272
678 48 445
678 49 772
678 50 393
678 51 619
678 52 556
678 53 815
678 54 647
678 55 516
678 56 964
678 57 112
678 58 593
678 59 161
678 60 654
678 61 674
678 62 64
678 63 173
678 64 542
678 65 178
678 66 850
678 67 972
678 68 285
678 69 434
678 70 958
678 71 562
678 72 71
678 73 192
678 74 626
678 75 765
678 76 263
678 77 797
678 78 678
678 79 838
678 80 680
678 81 969
678 82 931
678 83 491
678 84 738
678 85 971
678 86 9
678 87 951
678 88 349
678 89 128
678 90 452
678 91 44
678 92 582
678 93 144
678 94 807
678 95 1
678 96 174
678 97 441
678 98 615
678 99 413
678 100 801
678 101 506
678 102 330
678 103 300
678 104 640
678 105 298
678 106 371
678 107 352
678 108 975
678 109 159
678 110 578
678 111 52
678 112 835
678 113 598
678 114 9
678 115 839
678 116 765
678 117 866
678 118 338
678 119 156
678 120 921
678 121 888
678 122 938
678 123 166
678 124 361
678 125 896
678 126 697
678 127 545
678 128 737
678 129 690
678 130 600
678 131 248
678 132 946
678 133 965
678 134 991
678 135 824
678 136 337
678 137 579
678 138 118
678 139 213
678 140 256
678 141 995
678 142 854
678 143 395
678 144 348
678 145 528
678 146 541
678 147 780
678 148 212
678 149 780
678 150 702
678 151 296
678 152 951
678 153 794
678 154 719
678 155 595
678 156 696
678 157 697
678 158 260
678 159 35
678 160 757
678 161 279
678 162 21
678 163 52
678 164 507
678 165 354
678 166 413
678 167 122
678 168 738
678 169 404
678 170 466
678 171 39
678 172 703
678 173 956
678 174 268
678 175 565
678 176 584
678 177 544
678 178 791
678 179 35
678 180 1000
678 181 480
678 182 563
678 183 295
678 184 922
678 185 543
678 186 318
678 187 15
678 188 402
678 189 967
678 190 504
678 191 822
678 192 276
678 193 345
678 194 414
678 195 771
678 196 753
678 197 166
678 198 364
678 199 519
678 200 241
678 201 469
678 202 154
678 203 687
678 204 299
678 205 366
678 206 91
678 207 508
678 208 37
678 209 910
678 210 954
678 211 640
678 212 27
678 213 385
678 214 750
678 215 755
678 216 825
678 217 348
678 218 258
678 219 41
678 220 616
678 221 629
678 222 153
678 223 727
678 224 468
678 225 643
678 226 635
678 227 106
678 228 612
678 229 885
678 230 949
678 231 437
678 232 80
678 233 735
678 234 172
678 235 574
678 236 700
678 237 858
678 238 806
678 239 760
678 240 172
678 241 917
678 242 825
678 243 979
678 244 22
678 245 968
678 246 252
678 247 180
678 248 840
678 249 848
678 250 860
678 251 243
678 252 337
678 253 81
678 254 151
678 255 716
678 256 750
678 257 860
678 258 526
678 259 677
678 260 889
678 261 636
678 262 141
678 263 512
678 264 3
678 265 175
678 266 399
678 267 976
678 268 418
678 269 125
678 270 943
678 271 578
678 272 42
678 273 777
678 274 473
678 275 721
678 276 703
678 277 753
678 278 823
678 279 544
678 280 546
678 281 270
678 282 912
678 283 419
678 284 9
678 285 391
678 286 418
678 287 765
678 288 804
678 289 745
678 290 336
678 291 664
678 292 181
678 293 319
678 294 366
678 295 145
678 296 445
678 297 459
678 298 221
678 299 944
678 300 913
678 301 139
678 302 432
678 303 679
678 304 995
678 305 353
678 306 63
678 307 840
678 308 68
678 309 334
678 310 669
678 311 968
678 312 231
678 313 12
678 314 46
678 315 247
678 316 25
678 317 62
678 318 642
678 319 502
678 320 22
678 321 361
678 322 154
678 323 645
678 324 749
678 325 59
678 326 552
678 327 587
678 328 364
678 329 17
678 330 312
678 331 166
678 332 687
678 333 352
678 334 266
678 335 231
678 336 673
678 337 675
678 338 743
678 339 684
678 340 451
678 341 883
678 342 351
678 343 255
678 344 984
678 345 765
678 346 743
678 347 322
678 348 39
678 349 213
678 350 60
678 351 966
678 352 393
678 353 298
678 354 804
678 355 324
678 356 841
678 357 195
678 358 720
678 359 411
678 360 618
678 361 140
678 362 265
678 363 80
678 364 868
678 365 721
678 366 321
678 367 559
678 368 492
678 369 755
678 370 976
678 371 828
678 372 506
678 373 900
678 374 676
678 375 166
678 376 668
678 377 568
678 378 225
678 379 981
678 380 12
678 381 316
678 382 466
678 383 500
678 384 367
678 385 610
678 386 539
678 387 26
678 388 853
678 389 630
678 390 110
678 391 939
678 392 922
678 393 510
678 394 644
678 395 135
678 396 605
678 397 623
678 398 361
678 399 393
678 400 778
678 401 239
678 402 835
678 403 135
678 404 750
678 405 240
678 406 218
678 407 992
678 408 712
678 409 785
678 410 583
678 411 508
678 412 793
678 413 937
678 414 800
678 415 211
678 416 783
678 417 138
678 418 78
678 419 522
678 420 181
678 421 999
678 422 158
678 423 405
678 424 897
678 425 132
678 426 831
678 427 25
678 428 650
678 429 599
678 430 375
678 431 335
678 432 516
678 433 566
678 434 15
678 435 829
678 436 140
678 437 175
678 438 596
678 439 293
678 440 491
678 441 643
678 442 382
678 443 239
678 444 335
678 445 690
678 446 314
678 447 530
678 448 66
678 449 245
678 450 923
678 451 851
678 452 757
678 453 226
678 454 288
678 455 676
678 456 559
678 457 720
678 458 733
678 459 691
678 460 235
678 461 367
678 462 578
678 463 754
678 464 994
678 465 121
678 466 279
678 467 660
678 468 393
678 469 124
678 470 50
678 471 879
678 472 438
678 473 527
678 474 548
678 475 759
678 476 6
678 477 675
678 478 753
678 479 900
678 480 291
678 481 223
678 482 254
678 483 424
678 484 750
678 485 176
678 486 101
678 487 728
678 488 802
678 489 629
678 490 121
678 491 16
678 492 237
678 493 279
678 494 267
678 495 649
678 496 549
678 497 473
678 498 619
678 499 526
678 500 452
678 501 796
678 502 303
678 503 728
678 504 206
678 505 807
678 506 554
678 507 624
678 508 292
678 509 921
678 510 570
678 511 109
678 512 445
678 513 327
678 514 360
678 515 956
678 516 285
678 517 891
678 518 860
678 519 131
678 520 225
678 521 501
678 522 255
678 523 184
678 524 981
678 525 40
678 526 403
678 527 849
678 528 907
678 529 772
678 530 572
678 531 437
678 532 837
678 533 78
678 534 627
678 535 451
678 536 218
678 537 941
678 538 905
678 539 423
678 540 157
678 541 783
678 542 846
678 543 101
678 544 246
678 545 83
678 546 87
678 547 120
678 548 450
678 549 471
678 550 505
678 551 422
678 552 828
678 553 939
678 554 48
678 555 448
678 556 741
678 557 507
678 558 471
678 559 9
678 560 74
678 561 565
678 562 956
678 563 313
678 564 45
678 565 245
678 566 729
678 567 892
678 568 352
678 569 493
678 570 260
678 571 393
678 572 880
678 573 529
678 574 319
678 575 308
678 576 753
678 577 746
678 578 688
678 579 257
678 580 206
678 581 857
678 582 192
678 583 354
678 584 537
678 585 890
678 586 214
678 587 82
678 588 377
678 589 194
678 590 45
678 591 534
678 592 29
678 593 261
678 594 332
678 595 914
678 596 466
678 597 548
678 598 330
678 599 326
678 600 813
678 601 87
678 602 904
678 603 620
678 604 104
678 605 622
678 606 347
678 607 197
678 608 464
678 609 226
678 610 943
678 611 571
678 612 406
678 613 623
678 614 993
678 615 227
678 616 696
678 617 438
678 618 805
678 619 65
678 620 143
678 621 7
678 622 670
678 623 296
678 624 3
678 625 358
678 626 166
678 627 53
678 628 44
678 629 43
678 630 272
678 631 345
678 632 220
678 633 487
678 634 721
678 635 260
678 636 501
678 637 465
678 638 594
678 639 440
678 640 956
678 641 752
678 642 952
678 643 560
678 644 977
678 645 664
678 646 979
678 647 681
678 648 528
678 649 713
678 650 647
678 651 55
678 652 469
678 653 421
678 654 361
678 655 904
678 656 898
678 657 789
678 658 291
678 659 769
678 660 524
678 661 889
678 662 721
678 663 88
678 664 627
678 665 304
678 666 625
678 667 238
678 668 177
678 669 693
678 670 653
678 671 760
678 672 58
678 673 372
678 674 191
678 675 891
678 676 86
678 677 648
678 678 239
679 1 34
679 2 397
679 3 927
679 4 50
679 5 727
679 6 600
679 7 209
679 8 962
679 9 449
679 10 200
679 11 814
679 12 225
679 13 747
679 14 398
679 15 503
679 16 826
679 17 437
679 18 398
679 19 808
679 20 357
679 21 454
679 22 191
679 23 932
679 24 213
679 25 132
679 26 323
679 27 536
679 28 151
679 29 725
679 30 955
679 31 458
679 32 151
679 33 445
679 34 703
679 35 918
679 36 663
679 37 431
679 38 338
679 39 172
679 40 393
679 41 338
679 42 733
679 43 471
679 44 444
679 45 107
679 46 195
679 47 294
679 48 586
679 49 769
679 50 144
679 51 232
679 52 922
679 53 744
679 54 299
679 55 716
679 56 655
679 57 894
679 58 276
679 59 3
679 60 635
679 61 118
679 62 42
679 63 369
679 64 6
679 65 404
679 66 685
679 67 946
679 68 759
679 69 972
679 70 702
679 71 83
679 72 887
679 73 703
679 74 68
679 75 539
679 76 866
679 77 10
679 78 909
679 79 400
679 80 482
679 81 363
679 82 26
679 83 220
679 84 636
679 85 908
679 86 53
679 87 507
679 88 763
679 89 146
679 90 307
679 91 454
679 92 61
679 93 981
679 94 667
679 95 504
679 96 325
679 97 513
679 98 711
679 99 500
679 100 488
679 101 223
679 102 425
679 103 760
679 104 484
679 105 647
679 106 362
679 107 306
679 108 684
679 109 573
679 110 142
679 111 479
679 112 605
679 113 410
679 114 390
679 115 123
679 116 713
679 117 126
679 118 160
679 119 141
679 120 643
679 121 581
679 122 380
679 123 452
679 124 299
679 125 285
679 126 807
679 127 925
679 128 797
679 129 759
679 130 413
679 131 556
679 132 649
679 133 978
679 134 420
679 135 107
679 136 544
679 137 215
679 138 642
679 139 535
679 140 587
679 141 137
679 142 532
679 143 289
679 144 296
679 145 881
679 146 424
679 147 69
679 148 167
679 149 780
679 150 942
679 151 912
679 152 255
679 153 880
679 154 542
679 155 121
679 156 348
679 157 546
679 158 312
679 159 268
679 160 811
679 161 72
679 162 36
679 163 87
679 164 609
679 165 200
679 166 930
679 167 688
679 168 773
679 169 892
679 170 290
679 171 362
679 172 258
679 173 764
679 174 104
679 175 455
679 176 405
679 177 727
679 178 595
679 179 911
679 180 538
679 181 407
679 182 262
679 183 0
679 184 41
679 185 684
679 186 904
679 187 276
679 188 123
679 189 22
679 190 647
679 191 286
679 192 415
679 193 780
679 194 556
679 195 237
679 196 983
679 197 778
679 198 509
679 199 694
679 200 94
679 201 482
679 202 769
679 203 723
679 204 434
679 205 159
679 206 623
679 207 558
679 208 308
679 209 644
679 210 787
679 211 117
679 212 305
679 213 223
679 214 7
679 215 473
679 216 633
679 217 459
679 218 715
679 219 850
679 220 1
679 221 301
679 222 208
679 223 773
679 224 494
679 225 88
679 226 652
679 227 646
679 228 473
679 229 363
679 230 145
679 231 535
679 232 959
679 233 348
679 234 464
679 235 982
679 236 253
679 237 178
679 238 442
679 239 431
679 240 786
679 241 189
679 242 408
679 243 950
679 244 456
679 245 719
679 246 814
679 247 157
679 248 704
679 249 620
679 250 571
679 251 114
679 252 283
679 253 111
679 254 815
679 255 189
679 256 973
679 257 93
679 258 482
679 259 975
679 260 300
679 261 380
679 262 208
679 263 451
679 264 328
679 265 922
679 266 745
679 267 985
679 268 427
679 269 8
679 270 418
679 271 385
679 272 59
679 273 541
679 274 971
679 275 652
679 276 378
679 277 647
679 278 455
679 279 254
679 280 86
679 281 363
679 282 652
679 283 305
679 284 432
679 285 605
679 286 145
679 287 948
679 288 758
679 289 426
679 290 563
679 291 306
679 292 430
679 293 135
679 294 74
679 295 719
679 296 79
679 297 403
679 298 21
679 299 615
679 300 135
679 301 881
679 302 47
679 303 679
679 304 429
679 305 381
679 306 298
679 307 188
679 308 772
679 309 242
679 310 248
679 311 520
679 312 323
679 313 228
679 314 823
679 315 128
679 316 968
679 317 150
679 318 919
679 319 385
679 320 160
679 321 315
679 322 594
679 323 546
679 324 105
679 325 82
679 326 607
679 327 188
679 328 334
679 329 651
679 330 566
679 331 981
679 332 899
679 333 959
679 334 303
679 335 299
679 336 983
679 337 484
679 338 343
679 339 370
679 340 213
679 341 989
679 342 28
679 343 133
679 344 264
679 345 982
679 346 724
679 347 352
679 348 488
679 349 115
679 350 464
679 351 191
679 352 145
679 353 879
679 354 238
679 355 619
679 356 955
679 357 25
679 358 706
679 359 377
679 360 300
679 361 7
679 362 765
679 363 126
679 364 922
679 365 960
679 366 749
679 367 689
679 368 674
679 369 209
679 370 3
679 371 212
679 372 146
679 373 914
679 374 610
679 375 72
679 376 374
679 377 838
679 378 236
679 379 997
679 380 850
679 381 10
679 382 182
679 383 356
679 384 353
679 385 30
679 386 708
679 387 367
679 388 124
679 389 72
679 390 360
679 391 80
679 392 258
679 393 739
679 394 332
679 395 985
679 396 884
679 397 941
679 398 508
679 399 30
679 400 427
679 401 702
679 402 441
679 403 457
679 404 810
679 405 31
679 406 977
679 407 751
679 408 159
679 409 792
679 410 425
679 411 101
679 412 64
679 413 425
679 414 107
679 415 958
679 416 86
679 417 945
679 418 432
679 419 579
679 420 913
679 421 436
679 422 149
679 423 116
679 424 968
679 425 312
679 426 519
679 427 430
679 428 536
679 429 715
679 430 514
679 431 798
679 432 642
679 433 910
679 434 905
679 435 839
679 436 794
679 437 95
679 438 235
679 439 221
679 440 896
679 441 585
679 442 582
679 443 682
679 444 532
679 445 967
679 446 27
679 447 922
679 448 261
679 449 497
679 450 40
679 451 956
679 452 923
679 453 45
679 454 979
679 455 77
679 456 647
679 457 808
679 458 365
679 459 466
679 460 195
679 461 774
679 462 380
679 463 455
679 464 401
679 465 800
679 466 39
679 467 193
679 468 804
679 469 881
679 470 531
679 471 124
679 472 829
679 473 697
679 474 980
679 475 893
679 476 763
679 477 938
679 478 300
679 479 818
679 480 396
679 481 933
679 482 981
679 483 130
679 484 869
679 485 807
679 486 303
679 487 636
679 488 730
679 489 698
679 490 992
679 491 127
679 492 666
679 493 345
679 494 956
679 495 647
679 496 629
679 497 478
679 498 717
679 499 624
679 500 61
679 501 902
679 502 113
679 503 502
679 504 796
679 505 795
679 506 802
679 507 392
679 508 199
679 509 354
679 510 664
679 511 562
679 512 716
679 513 107
679 514 331
679 515 645
679 516 135
679 517 632
679 518 612
679 519 33
679 520 20
679 521 155
679 522 796
679 523 482
679 524 103
679 525 48
679 526 469
679 527 395
679 528 477
679 529 626
679 530 36
679 531 421
679 532 361
679 533 829
679 534 155
679 535 715
679 536 689
679 537 83
679 538 734
679 539 616
679 540 884
679 541 911
679 542 503
679 543 144
679 544 427
679 545 492
679 546 36
679 547 964
679 548 56
679 549 342
679 550 849
679 551 746
679 552 293
679 553 244
679 554 130
679 555 957
679 556 656
679 557 167
679 558 63
679 559 392
679 560 829
679 561 393
679 562 417
679 563 791
679 564 310
679 565 844
679 566 965
679 567 268
679 568 880
679 569 505
679 570 67
679 571 340
679 572 260
679 573 583
679 574 519
679 575 309
679 576 186
679 577 758
679 578 0
679 579 906
679 580 672
679 581 20
679 582 817
679 583 885
679 584 871
679 585 239
679 586 600
679 587 622
679 588 397
679 589 995
679 590 810
679 591 865
679 592 493
679 593 995
679 594 845
679 595 427
679 596 612
679 597 922
679 598 548
679 599 296
679 600 211
679 601 772
679 602 927
679 603 436
679 604 764
679 605 78
679 606 614
679 607 776
679 608 530
679 609 824
679 610 813
679 611 694
679 612 92
679 613 587
679 614 34
679 615 514
679 616 542
679 617 922
679 618 391
679 619 517
679 620 380
679 621 991
679 622 471
679 623 671
679 624 889
679 625 152
679 626 819
679 627 164
679 628 882
679 629 338
679 630 459
679 631 864
679 632 777
679 633 15
679 634 307
679 635 41
679 636 133
679 637 230
679 638 67
679 639 40
679 640 937
679 641 889
679 642 528
679 643 86
679 644 819
679 645 67
679 646 481
679 647 826
679 648 723
679 649 735
679 650 301
679 651 596
679 652 388
679 653 862
679 654 159
679 655 802
679 656 617
679 657 263
679 658 895
679 659 151
679 660 537
679 661 36
679 662 329
679 663 837
679 664 325
679 665 920
679 666 764
679 667 985
679 668 722
679 669 348
679 670 9
679 671 224
679 672 953
679 673 624
679 674 555
679 675 206
679 676 895
679 677 686
679 678 650
679 679 510
678 679 510
677 678 853
676 677 330
675 676 909
674 675 939
673 674 695
672 673 507
671 672 533
670 671 898
669 670 433
668 669 696
667 668 653
666 667 415
665 666 577
664 665 151
663 664 499
662 663 610
661 662 107
660 661 154
659 660 846
658 659 559
657 658 370
656 657 387
655 656 469
654 655 202
653 654 107
652 653 149
651 652 638
650 651 221
649 650 816
648 649 970
647 648 43
646 647 656
645 646 212
644 645 262
643 644 407
642 643 509
641 642 121
640 641 206
639 640 693
638 639 770
637 638 462
636 637 538
635 636 924
634 635 28
633 634 718
632 633 873
631 632 884
630 631 841
629 630 65
628 629 117
627 628 367
626 627 196
625 626 441
624 625 170
623 624 795
622 623 599
621 622 267
620 621 225
619 620 377
618 619 85
617 618 433
616 617 222
615 616 695
614 615 731
613 614 598
612 613 807
611 612 500
610 611 942
609 610 459
608 609 296
607 608 531
606 607 569
605 606 403
604 605 100
603 604 8
602 603 394
601 602 62
600 601 226
599 600 767
598 599 202
597 598 86
596 597 827
595 596 67
594 595 89
593 594 654
592 593 997
591 592 825
590 591 384
589 590 578
588 589 641
587 588 170
586 587 941
585 586 159
584 585 915
583 584 703
582 583 752
581 582 343
580 581 309
579 580 38
578 579 436
577 578 509
576 577 716
575 576 118
574 575 490
573 574 127
572 573 351
571 572 831
570 571 999
569 570 817
568 569 861
567 568 345
566 567 485
565 566 492
564 565 930
563 564 574
562 563 101
561 562 111
560 561 424
559 560 306
558 559 336
557 558 855
556 557 412
555 556 309
554 555 72
553 554 746
552 553 535
551 552 877
550 551 183
549 550 315
548 549 49
547 548 956
546 547 245
545 546 748
544 545 489
543 544 117
542 543 300
541 542 132
540 541 561
539 540 404
538 539 369
537 538 296
536 537 597
535 536 153
534 535 167
533 534 276
532 533 42
531 532 36
530 531 635
529 530 798
528 529 346
527 528 95
526 527 735
525 526 376
524 525 808
523 524 345
522 523 341
521 522 277
520 521 154
519 520 141
518 519 9
517 518 298
516 517 601
515 516 384
514 515 212
513 514 182
512 513 550
511 512 892
510 511 381
509 510 445
508 509 655
507 508 469
506 507 924
505 506 659
504 505 729
503 504 506
502 503 671
501 502 622
500 501 718
499 500 984
498 499 767
497 498 866
496 497 43
495 496 869
494 495 931
493 494 581
492 493 960
491 492 375
490 491 969
489 490 322
488 489 571
487 488 265
486 487 697
485 486 210
484 485 41
483 484 43
482 483 19
481 482 871
480 481 285
479 480 158
478 479 892
477 478 117
476 477 355
475 476 660
474 475 666
473 474 836
472 473 533
471 472 669
470 471 136
469 470 262
468 469 882
467 468 118
466 467 811
465 466 819
464 465 463
463 464 935
462 463 281
461 462 22
460 461 83
459 460 642
458 459 406
457 458 944
456 457 874
455 456 487
454 455 102
453 454 186
452 453 705
451 452 286
450 451 309
449 450 894
448 449 203
447 448 664
446 447 622
445 446 121
444 445 195
443 444 100
442 443 626
441 442 541
440 441 691
439 440 842
438 439 2
437 438 772
436 437 734
435 436 14
434 435 218
433 434 3
432 433 323
431 432 427
430 431 694
429 430 972
428 429 411
427 428 15
426 427 133
425 426 742
424 425 857
423 424 85
422 423 648
421 422 986
420 421 561
419 420 192
418 419 425
417 418 831
416 417 997
415 416 896
414 415 842
413 414 828
412 413 51
411 412 478
410 411 857
409 410 319
408 409 333
407 408 506
406 407 39
405 406 905
404 405 0
403 404 773
402 403 618
401 402 574
400 401 929
399 400 498
398 399 906
397 398 540
396 397 457
395 396 161
394 395 718
393 394 265
392 393 65
391 392 456
390 391 169
389 390 47
388 389 726
387 388 678
386 387 790
385 386 428
384 385 581
383 384 718
382 383 892
381 382 411
380 381 32
379 380 424
378 379 895
377 378 581
376 377 689
375 376 896
374 375 727
373 374 387
372 373 458
371 372 652
370 371 228
369 370 245
368 369 163
367 368 342
366 367 715
365 366 196
364 365 608
363 364 1
362 363 82
361 362 666
360 361 848
359 360 424
358 359 766
357 358 397
356 357 317
355 356 732
354 355 135
353 354 635
352 353 874
351 352 648
350 351 913
349 350 969
348 349 604
347 348 367
346 347 689
345 346 294
344 345 624
343 344 360
342 343 493
341 342 976
340 341 780
339 340 245
338 339 138
337 338 287
336 337 557
335 336 46
334 335 756
333 334 343
332 333 80
331 332 759
330 331 468
329 330 12
328 329 707
327 328 574
326 327 157
325 326 256
324 325 673
323 324 857
322 323 397
321 322 365
320 321 664
319 320 318
318 319 939
317 318 520
316 317 895
315 316 582
314 315 921
313 314 419
312 313 697
311 312 482
310 311 13
309 310 179
308 309 681
307 308 452
306 307 943
305 306 611
304 305 120
303 304 256
302 303 542
301 302 350
300 301 165
299 300 865
298 299 162
297 298 692
296 297 807
295 296 59
294 295 785
293 294 989
292 293 208
291 292 688
290 291 714
289 290 173
288 289 583
287 288 940
286 287 923
285 286 858
284 285 481
283 284 749
282 283 926
281 282 367
280 281 266
279 280 204
278 279 400
277 278 716
276 277 103
275 276 610
274 275 40
273 274 478
272 273 515
271 272 62
270 271 184
269 270 446
268 269 358
267 268 308
266 267 662
265 266 73
264 265 226
263 264 71
262 263 266
261 262 855
260 261 103
259 260 635
258 259 435
257 258 557
256 257 23
255 256 695
254 255 959
253 254 62
252 253 819
251 252 744
250 251 215
249 250 490
248 249 126
247 248 735
246 247 189
245 246 993
244 245 984
243 244 199
242 243 22
241 242 620
240 241 37
239 240 118
238 239 853
237 238 379
236 237 93
235 236 400
234 235 122
233 234 589
232 233 850
231 232 620
230 231 193
229 230 650
228 229 127
227 228 27
226 227 75
225 226 696
224 225 616
223 224 547
222 223 958
221 222 931
220 221 649
219 220 587
218 219 836
217 218 46
216 217 224
215 216 714
214 215 875
213 214 149
212 213 801
211 212 103
210 211 63
209 210 835
208 209 436
207 208 340
206 207 174
205 206 813
204 205 380
203 204 225
202 203 722
201 202 119
200 201 277
199 200 749
198 199 16
197 198 248
196 197 194
195 196 865
194 195 343
193 194 645
192 193 601
191 192 498
190 191 118
189 190 627
188 189 332
187 188 84
186 187 365
185 186 812
184 185 938
183 184 717
182 183 656
181 182 676
180 181 504
179 180 461
178 179 281
177 178 593
176 177 429
175 176 972
174 175 845
173 174 603
172 173 695
171 172 916
170 171 220
169 170 869
168 169 241
167 168 831
166 167 534
165 166 282
164 165 537
163 164 722
162 163 857
161 162 400
160 161 699
159 160 553
158 159 849
157 158 945
156 157 716
155 156 919
154 155 82
153 154 862
152 153 39
151 152 945
150 151 153
149 150 897
148 149 133
147 148 775
146 147 695
145 146 91
144 145 70
143 144 487
142 143 266
141 142 672
140 141 627
139 140 33
138 139 191
137 138 841
136 137 193
135 136 188
134 135 297
133 134 247
132 133 589
131 132 324
130 131 394
129 130 817
128 129 610
127 128 93
126 127 455
125 126 294
124 125 601
123 124 560
122 123 617
121 122 818
120 121 986
119 120 208
118 119 553
117 118 944
116 117 834
115 116 340
114 115 560
113 114 127
112 113 723
111 112 298
110 111 564
109 110 308
108 109 111
107 108 501
106 107 955
105 106 520
104 105 896
103 104 327
102 103 82
101 102 93
100 101 458
99 100 556
98 99 822
97 98 145
96 97 990
95 96 822
94 95 244
93 94 227
92 93 581
91 92 939
90 91 195
89 90 64
88 89 891
87 88 720
86 87 333
85 86 747
84 85 249
83 84 341
82 83 888
81 82 847
80 81 505
79 80 626
78 79 1
77 78 640
76 77 684
75 76 803
74 75 844
73 74 727
72 73 408
71 72 860
70 71 736
69 70 95
68 69 14
67 68 937
66 67 561
65 66 940
64 65 824
63 64 63
62 63 266
61 62 533
60 61 886
59 60 453
58 59 488
57 58 565
56 57 989
55 56 209
54 55 934
53 54 655
52 53 625
51 52 323
50 51 444
49 50 362
48 49 103
47 48 573
46 47 483
45 46 338
44 45 700
43 44 870
42 43 920
41 42 75
40 41 747
39 40 101
38 39 317
37 38 150
36 37 923
35 36 616
34 35 829
33 34 722
32 33 545
31 32 931
30 31 256
29 30 818
28 29 633
27 28 97
26 27 773
25 26 143
24 25 288
23 24 142
22 23 516
21 22 223
20 21 929
19 20 913
18 19 597
17 18 366
16 17 488
15 16 991
14 15 310
13 14 849
12 13 802
11 12 940
10 11 414
9 10 497
8 9 523
7 8 988
6 7 265
5 6 41
4 5 430
3 4 911
2 3 776
1 2 394
0 1 864