720 675 986
720 676 218
720 677 758
720 678 133
720 679 249
720 680 51
720 681 794
720 682 863
720 683 847
720 684 517
720 685 631
720 686 948
720 687 509
720 688 715
720 689 787
720 690 670
720 691 321
720 692 549
720 693 670
720 694 754
720 695 383
720 696 809
720 697 579
720 698 319
720 699 261
720 700 508
720 701 231
720 702 885
720 703 229
720 704 683
720 705 55
720 706 786
720 707 378
720 708 94
720 709 50
720 710 932
720 711 696
720 712 585
720 713 170
720 714 2
720 715 886
720 716 161
720 717 11
720 718 463
720 719 934
720 720 742
721 1 164
721 2 218
721 3 390
721 4 964
721 5 647
721 6 281
721 7 471
721 8 66
721 9 21
721 10 293
721 11 643
721 12 712
721 13 648
721 14 659
721 15 325
721 16 443
721 17 683
721 18 228
721 19 782
721 20 84
721 21 578
721 22 248
721 23 370
721 24 670
721 25 771
721 26 201
721 27 986
721 28 298
721 29 569
721 30 935
721 31 672
721 32 51
721 33 128
721 34 855
721 35 94
721 36 146
721 37 444
721 38 24
721 39 321
721 40 121
721 41 905
721 42 875
721 43 558
721 44 22
721 45 617
721 46 812
721 47 410
721 48 315
721 49 551
721 50 594
721 51 643
721 52 988
721 53 403
721 54 17
721 55 206
721 56 384
721 57 735
721 58 970
721 59 931
721 60 367
721 61 1000
721 62 370
721 63 748
721 64 361
721 65 835
721 66 248
721 67 653
721 68 329
721 69 750
721 70 351
721 71 18
721 72 454
721 73 260
721 74 342
721 75 781
721 76 287
721 77 725
721 78 956
721 79 449
721 80 99
721 81 687
721 82 39
721 83 130
721 84 818
721 85 460
721 86 848
721 87 822
721 88 67
721 89 923
721 90 717
721 91 762
721 92 801
721 93 740
721 94 266
721 95 348
721 96 925
721 97 602
721 98 225
721 99 348
721 100 727
721 101 524
721 102 265
721 103 413
721 104 947
721 105 649
721 106 42
721 107 213
721 108 92
721 109 631
721 110 902
721 111 343
721 112 293
721 113 505
721 114 955
721 115 944
721 116 714
721 117 629
721 118 535
721 119 488
721 120 699
721 121 753
721 122 106
721 123 945
721 124 993
721 125 575
721 126 913
721 127 762
721 128 752
721 129 104
721 130 253
721 131 912
721 132 620
721 133 322
721 134 525
721 135 105
721 136 153
721 137 342
721 138 22
721 139 888
721 140 674
721 141 779
721 142 185
721 143 349
721 144 995
721 145 191
721 146 901
721 147 613
721 148 612
721 149 953
721 150 152
721 151 796
721 152 442
721 153 252
721 154 523
721 155 497
721 156 366
721 157 303
721 158 148
721 159 619
721 160 548
721 161 119
721 162 972
721 163 110
721 164 667
721 165 669
721 166 166
721 167 251
721 168 794
721 169 908
721 170 232
721 171 376
721 172 536
721 173 422
721 174 759
721 175 413
721 176 50
721 177 579
721 178 31
721 179 931
721 180 554
721 181 302
721 182 985
721 183 597
721 184 969
721 185 641
721 186 964
721 187 435
721 188 109
721 189 640
721 190 298
721 191 236
721 192 403
721 193 889
721 194 115
721 195 781
721 196 69
721 197 181
721 198 607
721 199 474
721 200 67
721 201 819
721 202 706
721 203 420
721 204 46
721 205 290
721 206 144
721 207 495
721 208 319
721 209 624
721 210 841
721 211 326
721 212 493
721 213 786
721 214 410
721 215 471
721 216 784
721 217 956
721 218 64
721 219 132
721 220 518
721 221 359
721 222 642
721 223 836
721 224 474
721 225 143
721 226 810
721 227 105
721 228 910
721 229 950
721 230 335
721 231 953
721 232 275
721 233 436
721 234 366
721 235 197
721 236 819
721 237 489
721 238 79
721 239 246
721 240 706
721 241 594
721 242 551
721 243 944
721 244 869
721 245 938
721 246 962
721 247 253
721 248 301
721 249 921
721 250 497
721 251 178
721 252 301
721 253 777
721 254 756
721 255 817
721 256 867
721 257 749
721 258 294
721 259 124
721 260 816
721 261 150
721 262 183
721 263 361
721 264 566
721 265 690
721 266 432
721 267 998
721 268 512
721 269 107
721 270 991
721 271 920
721 272 87
721 273 754
721 274 307
721 275 523
721 276 205
721 277 726
721 278 823
721 279 260
721 280 112
721 281 701
721 282 444
721 283 547
721 284 44
721 285 685
721 286 546
721 287 898
721 288 27
721 289 400
721 290 925
721 291 354
721 292 984
721 293 993
721 294 172
721 295 680
721 296 257
721 297 547
721 298 124
721 299 387
721 300 701
721 301 192
721 302 204
721 303 850
721 304 246
721 305 238
721 306 348
721 307 938
721 308 199
721 309 291
721 310 367
721 311 110
721 312 713
721 313 271
721 314 59
721 315 300
721 316 851
721 317 380
721 318 503
721 319 274
721 320 859
721 321 711
721 322 107
721 323 682
721 324 345
721 325 197
721 326 272
721 327 603
721 328 255
721 329 769
721 330 61
721 331 792
721 332 958
721 333 882
721 334 426
721 335 798
721 336 276
721 337 627
721 338 683
721 339 455
721 340 732
721 341 221
721 342 527
721 343 45
721 344 141
721 345 375
721 346 807
721 347 783
721 348 13
721 349 262
721 350 426
721 351 559
721 352 184
721 353 808
721 354 633
721 355 540
721 356 652
721 357 986
721 358 634
721 359 134
721 360 116
721 361 326
721 362 28
721 363 310
721 364 169
721 365 900
721 366 156
721 367 113
721 368 553
721 369 80
721 370 746
721 371 585
721 372 229
721 373 497
721 374 409
721 375 525
721 376 221
721 377 233
721 378 537
721 379 631
721 380 658
721 381 47
721 382 941
721 383 371
721 384 833
721 385 705
721 386 637
721 387 904
721 388 453
721 389 646
721 390 573
721 391 131
721 392 396
721 393 780
721 394 419
721 395 227
721 396 804
721 397 389
721 398 811
721 399 166
721 400 509
721 401 939
721 402 878
721 403 811
721 404 998
721 405 582
721 406 774
721 407 113
721 408 826
721 409 816
721 410 391
721 411 967
721 412 56
721 413 282
721 414 425
721 415 737
721 416 590
721 417 184
721 418 147
721 419 813
721 420 312
721 421 750
721 422 337
721 423 331
721 424 775
721 425 300
721 426 122
721 427 204
721 428 36
721 429 217
721 430 201
721 431 581
721 432 188
721 433 745
721 434 468
721 435 346
721 436 204
721 437 848
721 438 857
721 439 48
721 440 645
721 441 997
721 442 525
721 443 504
721 444 425
721 445 33
721 446 693
721 447 251
721 448 610
721 449 364
721 450 831
721 451 526
721 452 945
721 453 205
721 454 531
721 455 430
721 456 645
721 457 326
721 458 686
721 459 26
721 460 389
721 461 862
721 462 175
721 463 289
721 464 835
721 465 415
721 466 403
721 467 41
721 468 886
721 469 30
721 470 110
721 471 561
721 472 666
721 473 225
721 474 751
721 475 179
721 476 612
721 477 392
721 478 402
721 479 130
721 480 93
721 481 816
721 482 44
721 483 684
721 484 14
721 485 795
721 486 663
721 487 69
721 488 550
721 489 465
721 490 586
721 491 706
721 492 179
721 493 4
721 494 832
721 495 300
721 496 476
721 497 583
721 498 440
721 499 840
721 500 239
721 501 442
721 502 8
721 503 410
721 504 837
721 505 930
721 506 611
721 507 657
721 508 857
721 509 14
721 510 740
721 511 39
721 512 360
721 513 152
721 514 577
721 515 307
721 516 102
721 517 840
721 518 354
721 519 784
721 520 846
721 521 286
721 522 986
721 523 336
721 524 72
721 525 362
721 526 422
721 527 587
721 528 12
721 529 311
721 530 594
721 531 231
721 532 810
721 533 559
721 534 915
721 535 317
721 536 671
721 537 342
721 538 635
721 539 904
721 540 0
721 541 809
721 542 827
721 543 558
721 544 866
721 545 381
721 546 153
721 547 89
721 548 581
721 549 758
721 550 588
721 551 297
721 552 533
721 553 204
721 554 674
721 555 772
721 556 504
721 557 175
721 558 192
721 559 608
721 560 49
721 561 664
721 562 17
721 563 75
721 564 505
721 565 62
721 566 549
721 567 218
721 568 266
721 569 794
721 570 448
721 571 981
721 572 895
721 573 49
721 574 622
721 575 602
721 576 620
721 577 784
721 578 163
721 579 917
721 580 829
721 581 173
721 582 791
721 583 100
721 584 813
721 585 622
721 586 733
721 587 571
721 588 463
721 589 760
721 590 331
721 591 221
721 592 69
721 593 548
721 594 255
721 595 583
721 596 692
721 597 78
721 598 80
721 599 421
721 600 399
721 601 948
721 602 190
721 603 843
721 604 79
721 605 843
721 606 928
721 607 975
721 608 683
721 609 28
721 610 415
721 611 885
721 612 171
721 613 847
721 614 637
721 615 727
721 616 261
721 617 831
721 618 309
721 619 158
721 620 387
721 621 753
721 622 360
721 623 121
721 624 969
721 625 993
721 626 828
721 627 204
721 628 287
721 629 733
721 630 743
721 631 181
721 632 166
721 633 820
721 634 300
721 635 357
721 636 576
721 637 994
721 638 977
721 639 219
721 640 345
721 641 831
721 642 875
721 643 819
721 644 730
721 645 405
721 646 747
721 647 610
721 648 839
721 649 534
721 650 15
721 651 485
721 652 762
721 653 754
721 654 775
721 655 897
721 656 228
721 657 866
721 658 933
721 659 443
721 660 456
721 661 894
721 662 319
721 663 39
721 664 971
721 665 993
721 666 767
721 667 531
721 668 930
721 669 453
721 670 258
721 671 604
721 672 363
721 673 270
721 674 337
721 675 385
721 676 877
721 677 812
721 678 28
721 679 196
721 680 965
721 681 670
721 682 865
721 683 993
721 684 734
721 685 926
721 686 489
721 687 207
721 688 115
721 689 248
721 690 95
721 691 84
721 692 832
721 693 172
721 694 605
721 695 368
721 696 575
721 697 955
721 698 708
721 699 135
721 700 347
721 701 982
721 702 841
721 703 430
721 704 929
721 705 141
721 706 797
721 707 657
721 708 547
721 709 945
721 710 834
721 711 890
721 712 463
721 713 884
721 714 524
721 715 775
721 716 885
721 717 431
721 718 80
721 719 160
721 720 831
721 721 826
722 1 591
722 2 974
722 3 182
722 4 871
722 5 305
722 6 27
722 7 826
722 8 424
722 9 158
722 10 929
722 11 332
722 12 623
722 13 7
722 14 455
722 15 819
722 16 500
722 17 159
722 18 621
722 19 304
722 20 337
722 21 307
722 22 838
722 23 826
722 24 134
722 25 113
722 26 830
722 27 466
722 28 926
722 29 828
722 30 24
722 31 879
722 32 414
722 33 29
722 34 290
722 35 479
722 36 278
722 37 998
722 38 838
722 39 398
722 40 810
722 41 69
722 42 709
722 43 890
722 44 864
722 45 465
722 46 761
722 47 696
722 48 345
722 49 580
722 50 571
722 51 752
722 52 144
722 53 876
722 54 163
722 55 640
722 56 635
722 57 831
722 58 810
722 59 6
722 60 469
722 61 966
722 62 282
722 63 573
722 64 91
722 65 173
722 66 339
722 67 353
722 68 60
722 69 731
722 70 892
722 71 392
722 72 250
722 73 304
722 74 505
722 75 622
722 76 493
722 77 67
722 78 336
722 79 126
722 80 603
722 81 437
722 82 948
722 83 338
722 84 821
722 85 254
722 86 905
722 87 445
722 88 351
722 89 193
722 90 63
722 91 11
722 92 405
722 93 92
722 94 772
722 95 102
722 96 559
722 97 344
722 98 727
722 99 456
722 100 173
722 101 332
722 102 692
722 103 811
722 104 282
722 105 272
722 106 704
722 107 946
722 108 182
722 109 133
722 110 734
722 111 963
722 112 193
722 113 925
722 114 767
722 115 97
722 116 859
722 117 428
722 118 143
722 119 97
722 120 293
722 121 617
722 122 454
722 123 583
722 124 611
722 125 781
722 126 229
722 127 621
722 128 208
722 129 534
722 130 912
722 131 587
722 132 343
722 133 128
722 134 500
722 135 385
722 136 98
722 137 102
722 138 374
722 139 367
722 140 661
722 141 214
722 142 576
722 143 150
722 144 140
722 145 605
722 146 962
722 147 904
722 148 96
722 149 740
722 150 764
722 151 808
722 152 92
722 153 754
722 154 719
722 155 39
722 156 528
722 157 55
722 158 961
722 159 863
722 160 119
722 161 188
722 162 991
722 163 444
722 164 254
722 165 959
722 166 492
722 167 124
722 168 496
722 169 677
722 170 189
722 171 875
722 172 601
722 173 167
722 174 518
722 175 861
722 176 514
722 177 277
722 178 954
722 179 890
722 180 79
722 181 197
722 182 947
722 183 963
722 184 639
722 185 174
722 186 973
722 187 194
722 188 488
722 189 183
722 190 990
722 191 941
722 192 132
722 193 698
722 194 832
722 195 950
722 196 876
722 197 847
722 198 757
722 199 757
722 200 438
722 201 412
722 202 305
722 203 770
722 204 478
722 205 730
722 206 931
722 207 860
722 208 219
722 209 14
722 210 713
722 211 950
722 212 287
722 213 773
722 214 916
722 215 413
722 216 952
722 217 343
722 218 686
722 219 410
722 220 340
722 221 547
722 222 810
722 223 454
722 224 311
722 225 890
722 226 528
722 227 272
722 228 828
722 229 337
722 230 502
722 231 423
722 232 536
722 233 350
722 234 463
722 235 907
722 236 795
722 237 301
722 238 904
722 239 287
722 240 768
722 241 324
722 242 806
722 243 913
722 244 933
722 245 953
722 246 132
722 247 651
722 248 592
722 249 64
722 250 205
722 251 794
722 252 157
722 253 424
722 254 11
722 255 755
722 256 456
722 257 907
722 258 7
722 259 582
722 260 228
722 261 754
722 262 610
722 263 40
722 264 736
722 265 401
722 266 214
722 267 428
722 268 917
722 269 376
722 270 694
722 271 634
722 272 542
722 273 974
722 274 665
722 275 392
722 276 978
722 277 368
722 278 803
722 279 916
722 280 181
722 281 749
722 282 235
722 283 776
722 284 49
722 285 691
722 286 64
722 287 784
722 288 198
722 289 683
722 290 319
722 291 929
722 292 328
722 293 56
722 294 112
722 295 892
722 296 783
722 297 141
722 298 872
722 299 19
722 300 870
722 301 575
722 302 86
722 303 1
722 304 143
722 305 825
722 306 493
722 307 756
722 308 998
722 309 26
722 310 864
722 311 755
722 312 739
722 313 532
722 314 148
722 315 506
722 316 338
722 317 232
722 318 345
722 319 815
722 320 622
722 321 325
722 322 429
722 323 891
722 324 384
722 325 674
722 326 755
722 327 559
722 328 576
722 329 627
722 330 574
722 331 541
722 332 542
722 333 466
722 334 49
722 335 112
722 336 178
722 337 450
722 338 319
722 339 112
722 340 853
722 341 726
722 342 561
722 343 512
722 344 200
722 345 278
722 346 184
722 347 938
722 348 636
722 349 700
722 350 637
722 351 18
722 352 303
722 353 792
722 354 276
722 355 899
722 356 678
722 357 516
722 358 923
722 359 492
722 360 877
722 361 652
722 362 997
722 363 603
722 364 351
722 365 881
722 366 508
722 367 676
722 368 322
722 369 560
722 370 631
722 371 242
722 372 204
722 373 137
722 374 330
722 375 123
722 376 230
722 377 769
722 378 369
722 379 101
722 380 444
722 381 450
722 382 783
722 383 937
722 384 128
722 385 66
722 386 236
722 387 951
722 388 231
722 389 511
722 390 179
722 391 357
722 392 143
722 393 57
722 394 828
722 395 469
722 396 309
722 397 807
722 398 816
722 399 434
722 400 528
722 401 339
722 402 92
722 403 854
722 404 674
722 405 922
722 406 889
722 407 466
722 408 753
722 409 691
722 410 366
722 411 784
722 412 923
722 413 836
722 414 532
722 415 652
722 416 216
722 417 87
722 418 741
722 419 844
722 420 165
722 421 938
722 422 181
722 423 916
722 424 914
722 425 267
722 426 413
722 427 827
722 428 662
722 429 178
722 430 641
722 431 345
722 432 782
722 433 273
722 434 719
722 435 463
722 436 543
722 437 176
722 438 923
722 439 412
722 440 845
722 441 865
722 442 309
722 443 921
722 444 765
722 445 873
722 446 222
722 447 102
722 448 594
722 449 590
722 450 83
722 451 288
722 452 96
722 453 913
722 454 622
722 455 413
722 456 854
722 457 122
722 458 647
722 459 154
722 460 115
722 461 943
722 462 59
722 463 144
722 464 723
722 465 144
722 466 679
722 467 496
722 468 474
722 469 400
722 470 91
722 471 762
722 472 387
722 473 52
722 474 108
722 475 722
722 476 918
722 477 265
722 478 916
722 479 536
722 480 730
722 481 81
722 482 246
722 483 981
722 484 486
722 485 162
722 486 571
722 487 868
722 488 173
722 489 191
722 490 654
722 491 309
722 492 665
722 493 674
722 494 193
722 495 1
722 496 884
722 497 780
722 498 876
722 499 341
722 500 317
722 501 335
722 502 777
722 503 329
722 504 387
722 505 115
722 506 119
722 507 730
722 508 678
722 509 364
722 510 957
722 511 278
722 512 167
722 513 323
722 514 676
722 515 89
722 516 178
722 517 325
722 518 746
722 519 455
722 520 619
722 521 600
722 522 549
722 523 99
722 524 158
722 525 509
722 526 224
722 527 822
722 528 348
722 529 721
722 530 130
722 531 999
722 532 472
722 533 166
722 534 251
722 535 351
722 536 460
722 537 829
722 538 819
722 539 298
722 540 371
722 541 329
722 542 476
722 543 140
722 544 828
722 545 73
722 546 274
722 547 196
722 548 789
722 549 643
722 550 434
722 551 780
722 552 210
722 553 829
722 554 439
722 555 148
722 556 385
722 557 908
722 558 504
722 559 685
722 560 442
722 561 497
722 562 966
722 563 273
722 564 875
722 565 427
722 566 93
722 567 219
722 568 648
722 569 414
722 570 414
722 571 486
722 572 772
722 573 672
722 574 7
722 575 789
722 576 184
722 577 374
722 578 594
722 579 315
722 580 673
722 581 313
722 582 112
722 583 693
722 584 639
722 585 103
722 586 902
722 587 105
722 588 337
722 589 43
722 590 379
722 591 934
722 592 479
722 593 902
722 594 133
722 595 942
722 596 365
722 597 309
722 598 82
722 599 264
722 600 576
722 601 138
722 602 576
722 603 477
722 604 643
722 605 142
722 606 51
722 607 536
722 608 587
722 609 79
722 610 482
722 611 501
722 612 27
722 613 45
722 614 199
722 615 348
722 616 956
722 617 65
722 618 148
722 619 143
722 620 516
722 621 132
722 622 915
722 623 314
722 624 98
722 625 609
722 626 917
722 627 665
722 628 547
722 629 832
722 630 403
722 631 270
722 632 522
722 633 944
722 634 369
722 635 45
722 636 793
722 637 229
722 638 819
722 639 740
722 640 537
722 641 726
722 642 349
722 643 503
722 644 258
722 645 865
722 646 978
722 647 801
722 648 500
722 649 158
722 650 711
722 651 880
722 652 450
722 653 866
722 654 323
722 655 509
722 656 956
722 657 131
722 658 643
722 659 464
722 660 620
722 661 807
722 662 169
722 663 99
722 664 224
722 665 68
722 666 440
722 667 315
722 668 215
722 669 364
722 670 621
722 671 25
722 672 772
722 673 601
722 674 825
722 675 189
722 676 592
722 677 486
722 678 921
722 679 720
722 680 750
722 681 761
722 682 569
722 683 455
722 684 536
722 685 483
722 686 562
722 687 358
722 688 546
722 689 971
722 690 399
722 691 829
722 692 695
722 693 504
722 694 30
722 695 26
722 696 830
722 697 729
722 698 284
722 699 817
722 700 974
722 701 87
722 702 568
722 703 424
722 704 22
722 705 988
722 706 37
722 707 739
722 708 416
722 709 779
722 710 671
722 711 748
722 712 278
722 713 432
722 714 207
722 715 514
722 716 970
722 717 526
722 718 661
722 719 959
722 720 511
722 721 23
722 722 526
723 1 622
723 2 384
723 3 291
723 4 739
723 5 258
723 6 263
723 7 322
723 8 619
723 9 256
723 10 122
723 11 475
723 12 502
723 13 434
723 14 745
723 15 551
723 16 328
723 17 431
723 18 660
723 19 924
723 20 534
723 21 262
723 22 407
723 23 180
723 24 256
723 25 157
723 26 101
723 27 189
723 28 766
723 29 932
723 30 308
723 31 2
723 32 582
723 33 930
723 34 162
723 35 955
723 36 717
723 37 64
723 38 258
723 39 219
723 40 766
723 41 658
723 42 737
723 43 754
723 44 983
723 45 847
723 46 455
723 47 390
723 48 439
723 49 695
723 50 157
723 51 165
723 52 401
723 53 775
723 54 423
723 55 506
723 56 766
723 57 629
723 58 192
723 59 953
723 60 889
723 61 682
723 62 15
723 63 614
723 64 782
723 65 394
723 66 942
723 67 923
723 68 646
723 69 910
723 70 742
723 71 766
723 72 922
723 73 824
723 74 651
723 75 882
723 76 751
723 77 697
723 78 739
723 79 233
723 80 922
723 81 890
723 82 491
723 83 190
723 84 372
723 85 428
723 86 17
723 87 810
723 88 789
723 89 119
723 90 373
723 91 354
723 92 841
723 93 986
723 94 342
723 95 984
723 96 633
723 97 607
723 98 460
723 99 674
723 100 559
723 101 896
723 102 464
723 103 194
723 104 912
723 105 878
723 106 771
723 107 556
723 108 658
723 109 32
723 110 989
723 111 936
723 112 202
723 113 838
723 114 561
723 115 597
723 116 239
723 117 414
723 118 911
723 119 176
723 120 337
723 121 162
723 122 621
723 123 818
723 124 30
723 125 5
723 126 264
723 127 43
723 128 694
723 129 710
723 130 833
723 131 292
723 132 417
723 133 75
723 134 607
723 135 624
723 136 580
723 137 892
723 138 204
723 139 509
723 140 175
723 141 116
723 142 649
723 143 536
723 144 842
723 145 973
723 146 948
723 147 378
723 148 259
723 149 183
723 150 725
723 151 797
723 152 881
723 153 838
723 154 954
723 155 999
723 156 671
723 157 232
723 158 273
723 159 694
723 160 792
723 161 7
723 162 426
723 163 664
723 164 342
723 165 81
723 166 740
723 167 274
723 168 762
723 169 47
723 170 268
723 171 941
723 172 163
723 173 818
723 174 797
723 175 276
723 176 549
723 177 431
723 178 775
723 179 989
723 180 34
723 181 403
723 182 237
723 183 339
723 184 653
723 185 32
723 186 365
723 187 570
723 188 397
723 189 950
723 190 793
723 191 281
723 192 980
723 193 105
723 194 787
723 195 408
723 196 818
723 197 361
723 198 248
723 199 706
723 200 686
723 201 632
723 202 118
723 203 650
723 204 194
723 205 328
723 206 257
723 207 647
723 208 148
723 209 506
723 210 812
723 211 513
723 212 97
723 213 647
723 214 204
723 215 331
723 216 764
723 217 832
723 218 359
723 219 672
723 220 939
723 221 176
723 222 41
723 223 893
723 224 142
723 225 836
723 226 267
723 227 989
723 228 282
723 229 128
723 230 682
723 231 495
723 232 752
723 233 501
723 234 848
723 235 118
723 236 190
723 237 140
723 238 924
723 239 668
723 240 214
723 241 709
723 242 697
723 243 758
723 244 263
723 245 146
723 246 1
723 247 8
723 248 21
723 249 382
723 250 517
723 251 361
723 252 964
723 253 290
723 254 752
723 255 373
723 256 989
723 257 796
723 258 870
723 259 414
723 260 619
723 261 156
723 262 93
723 263 710
723 264 579
723 265 247
723 266 314
723 267 930
723 268 401
723 269 559
723 270 585
723 271 715
723 272 575
723 273 331
723 274 936
723 275 541
723 276 380
723 277 917
723 278 387
723 279 810
723 280 746
723 281 96
723 282 254
723 283 566
723 284 900
723 285 747
723 286 35
723 287 981
723 288 518
723 289 641
723 290 82
723 291 133
723 292 523
723 293 432
723 294 870
723 295 747
723 296 381
723 297 875
723 298 141
723 299 104
723 300 552
723 301 172
723 302 909
723 303 744
723 304 513
723 305 456
723 306 880
723 307 734
723 308 484
723 309 117
723 310 82
723 311 443
723 312 498
723 313 956
723 314 102
723 315 840
723 316 206
723 317 118
723 318 676
723 319 795
723 320 622
723 321 66
723 322 726
723 323 78
723 324 104
723 325 814
723 326 138
723 327 574
723 328 760
723 329 970
723 330 20
723 331 142
723 332 599
723 333 83
723 334 664
723 335 481
723 336 173
723 337 888
723 338 608
723 339 895
723 340 159
723 341 44
723 342 639
723 343 33
723 344 1
723 345 59
723 346 316
723 347 301
723 348 7
723 349 377
723 350 93
723 351 947
723 352 813
723 353 43
723 354 41
723 355 434
723 356 69
723 357 897
723 358 386
723 359 210
723 360 949
723 361 561
723 362 316
723 363 648
723 364 465
723 365 955
723 366 952
723 367 225
723 368 300
723 369 848
723 370 728
723 371 666
723 372 783
723 373 61
723 374 69
723 375 472
723 376 778
723 377 339
723 378 273
723 379 839
723 380 600
723 381 33
723 382 400
723 383 309
723 384 312
723 385 817
723 386 751
723 387 289
723 388 750
723 389 834
723 390 484
723 391 119
723 392 676
723 393 109
723 394 917
723 395 917
723 396 161
723 397 490
723 398 163
723 399 38
723 400 544
723 401 980
723 402 318
723 403 450
723 404 406
723 405 296
723 406 183
723 407 441
723 408 691
723 409 447
723 410 695
723 411 940
723 412 933
723 413 532
723 414 669
723 415 10
723 416 183
723 417 664
723 418 234
723 419 32
723 420 618
723 421 965
723 422 181
723 423 101
723 424 794
723 425 70
723 426 898
723 427 509
723 428 912
723 429 841
723 430 187
723 431 159
723 432 346
723 433 639
723 434 24
723 435 385
723 436 236
723 437 339
723 438 232
723 439 698
723 440 67
723 441 317
723 442 451
723 443 981
723 444 449
723 445 434
723 446 38
723 447 354
723 448 174
723 449 790
723 450 661
723 451 599
723 452 935
723 453 837
723 454 428
723 455 311
723 456 378
723 457 560
723 458 480
723 459 309
723 460 615
723 461 739
723 462 600
723 463 993
723 464 854
723 465 785
723 466 915
723 467 997
723 468 941
723 469 731
723 470 404
723 471 991
723 472 939
723 473 441
723 474 844
723 475 690
723 476 408
723 477 157
723 478 496
723 479 689
723 480 295
723 481 650
723 482 445
723 483 642
723 484 0
723 485 567
723 486 410
723 487 995
723 488 496
723 489 289
723 490 237
723 491 789
723 492 655
723 493 779
723 494 712
723 495 660
723 496 800
723 497 390
723 498 422
723 499 658
723 500 388
723 501 354
723 502 88
723 503 39
723 504 65
723 505 290
723 506 718
723 507 526
723 508 720
723 509 459
723 510 428
723 511 821
723 512 788
723 513 908
723 514 887
723 515 782
723 516 851
723 517 302
723 518 631
723 519 202
723 520 2
723 521 936
723 522 756
723 523 350
723 524 761
723 525 734
723 526 488
723 527 557
723 528 23
723 529 438
723 530 80
723 531 212
723 532 285
723 533 628
723 534 414
723 535 567
723 536 963
723 537 687
723 538 710
723 539 531
723 540 736
723 541 89
723 542 675
723 543 134
723 544 502
723 545 69
723 546 208
723 547 580
723 548 202
723 549 12
723 550 376
723 551 451
723 552 898
723 553 976
723 554 811
723 555 478
723 556 913
723 557 423
723 558 503
723 559 33
723 560 136
723 561 564
723 562 339
723 563 616
723 564 716
723 565 974
723 566 398
723 567 835
723 568 202
723 569 186
723 570 922
723 571 838
723 572 529
723 573 746
723 574 470
723 575 104
723 576 21
723 577 253
723 578 691
723 579 293
723 580 719
723 581 964
723 582 807
723 583 636
723 584 485
723 585 381
723 586 23
723 587 658
723 588 331
723 589 473
723 590 921
723 591 227
723 592 900
723 593 190
723 594 167
723 595 794
723 596 279
723 597 352
723 598 259
723 599 925
723 600 735
723 601 762
723 602 901
723 603 478
723 604 755
723 605 781
723 606 873
723 607 643
723 608 484
723 609 321
723 610 525
723 611 355
723 612 290
723 613 239
723 614 616
723 615 969
723 616 993
723 617 431
723 618 603
723 619 8
723 620 825
723 621 655
723 622 435
723 623 191
723 624 376
723 625 857
723 626 573
723 627 516
723 628 608
723 629 660
723 630 474
723 631 235
723 632 393
723 633 740
723 634 262
723 635 213
723 636 390
723 637 786
723 638 645
723 639 84
723 640 317
723 641 102
723 642 125
723 643 983
723 644 16
723 645 387
723 646 574
723 647 27
723 648 584
723 649 851
723 650 721
723 651 450
723 652 171
723 653 710
723 654 849
723 655 925
723 656 264
723 657 476
723 658 169
723 659 169
723 660 455
723 661 168
723 662 700
723 663 113
723 664 856
723 665 943
723 666 251
723 667 62
723 668 758
723 669 295
723 670 631
723 671 557
723 672 104
723 673 94
723 674 910
723 675 308
723 676 796
723 677 513
723 678 117
723 679 557
723 680 319
723 681 212
723 682 742
723 683 337
723 684 109
723 685 4
723 686 105
723 687 15
723 688 409
723 689 460
723 690 960
723 691 175
723 692 558
723 693 267
723 694 472
723 695 585
723 696 685
723 697 902
723 698 383
723 699 248
723 700 203
723 701 867
723 702 463
723 703 345
723 704 771
723 705 347
723 706 95
723 707 1
723 708 147
723 709 992
723 710 0
723 711 345
723 712 694
723 713 684
723 714 571
723 715 127
723 716 539
723 717 285
723 718 308
723 719 174
723 720 615
723 721 303
723 722 861
723 723 691
724 1 58
724 2 431
724 3 98
724 4 738
724 5 652
724 6 402
724 7 243
724 8 491
724 9 670
724 10 395
724 11 717
724 12 879
724 13 537
724 14 822
724 15 972
724 16 15
724 17 98
724 18 134
724 19 463
724 20 820
724 21 571
724 22 89
724 23 108
724 24 598
724 25 373
724 26 419
724 27 446
724 28 869
724 29 437
724 30 362
724 31 857
724 32 703
724 33 177
724 34 452
724 35 483
724 36 934
724 37 738
724 38 779
724 39 366
724 40 255
724 41 126
724 42 656
724 43 985
724 44 130
724 45 953
724 46 798
724 47 420
724 48 338
724 49 197
724 50 942
724 51 737
724 52 636
724 53 330
724 54 317
724 55 446
724 56 31
724 57 673
724 58 111
724 59 833
724 60 881
724 61 723
724 62 725
724 63 267
724 64 347
724 65 212
724 66 15
724 67 710
724 68 176
724 69 894
724 70 973
724 71 274
724 72 509
724 73 623
724 74 135
724 75 413
724 76 527
724 77 271
724 78 482
724 79 901
724 80 496
724 81 202
724 82 263
724 83 724
724 84 394
724 85 859
724 86 109
724 87 273
724 88 7
724 89 857
724 90 164
724 91 199
724 92 529
724 93 761
724 94 582
724 95 863
724 96 625
724 97 479
724 98 434
724 99 790
724 100 636
724 101 522
724 102 292
724 103 789
724 104 795
724 105 646
724 106 53
724 107 458
724 108 658
724 109 989
724 110 395
724 111 26
724 112 460
724 113 148
724 114 376
724 115 86
724 116 313
724 117 793
724 118 924
724 119 268
724 120 662
724 121 820
724 122 242
724 123 276
724 124 650
724 125 664
724 126 455
724 127 97
724 128 305
724 129 205
724 130 946
724 131 397
724 132 546
724 133 671
724 134 583
724 135 732
724 136 339
724 137 727
724 138 132
724 139 560
724 140 531
724 141 592
724 142 430
724 143 256
724 144 783
724 145 10
724 146 895
724 147 997
724 148 327
724 149 463
724 150 218
724 151 535
724 152 893
724 153 253
724 154 147
724 155 738
724 156 606
724 157 91
724 158 794
724 159 217
724 160 247
724 161 668
724 162 303
724 163 22
724 164 927
724 165 399
724 166 417
724 167 652
724 168 260
724 169 340
724 170 355
724 171 60
724 172 462
724 173 847
724 174 144
724 175 76
724 176 725
724 177 42
724 178 429
724 179 592
724 180 264
724 181 798
724 182 591
724 183 479
724 184 637
724 185 276
724 186 97
724 187 286
724 188 108
724 189 69
724 190 181
724 191 635
724 192 606
724 193 840
724 194 830
724 195 781
724 196 868
724 197 158
724 198 994
724 199 652
724 200 884
724 201 147
724 202 892
724 203 785
724 204 691
724 205 615
724 206 723
724 207 146
724 208 231
724 209 13
724 210 249
724 211 643
724 212 955
724 213 665
724 214 508
724 215 977
724 216 163
724 217 530
724 218 798
724 219 745
724 220 970
724 221 595
724 222 842
724 223 695
724 224 124
724 225 640
724 226 243
724 227 166
724 228 385
724 229 812
724 230 575
724 231 719
724 232 263
724 233 599
724 234 754
724 235 266
724 236 841
724 237 476
724 238 88
724 239 603
724 240 823
724 241 699
724 242 727
724 243 881
724 244 30
724 245 43
724 246 532
724 247 251
724 248 506
724 249 103
724 250 100
724 251 948
724 252 662
724 253 375
724 254 698
724 255 87
724 256 586
724 257 481
724 258 768
724 259 306
724 260 39
724 261 859
724 262 183
724 263 959
724 264 433
724 265 549
724 266 869
724 267 938
724 268 452
724 269 142
724 270 161
724 271 964
724 272 119
724 273 216
724 274 758
724 275 271
724 276 439
724 277 586
724 278 897
724 279 152
724 280 599
724 281 159
724 282 358
724 283 501
724 284 616
724 285 850
724 286 192
724 287 539
724 288 158
724 289 677
724 290 644
724 291 294
724 292 78
724 293 451
724 294 146
724 295 36
724 296 404
724 297 387
724 298 755
724 299 743
724 300 666
724 301 434
724 302 714
724 303 533
724 304 302
724 305 205
724 306 196
724 307 861
724 308 830
724 309 925
724 310 368
724 311 77
724 312 742
724 313 699
724 314 327
724 315 329
724 316 520
724 317 118
724 318 149
724 319 693
724 320 756
724 321 379
724 322 648
724 323 864
724 324 529
724 325 147
724 326 289
724 327 496
724 328 18
724 329 877
724 330 245
724 331 900
724 332 943
724 333 419
724 334 139
724 335 881
724 336 235
724 337 90
724 338 669
724 339 636
724 340 627
724 341 379
724 342 508
724 343 846
724 344 127
724 345 629
724 346 90
724 347 686
724 348 898
724 349 304
724 350 731
724 351 918
724 352 680
724 353 959
724 354 737
724 355 755
724 356 336
724 357 401
724 358 296
724 359 664
724 360 855
724 361 282
724 362 618
724 363 93
724 364 483
724 365 464
724 366 242
724 367 146
724 368 7
724 369 845
724 370 217
724 371 698
724 372 530
724 373 220
724 374 451
724 375 202
724 376 998
724 377 35
724 378 659
724 379 718
724 380 210
724 381 807
724 382 787
724 383 353
724 384 359
724 385 29
724 386 807
724 387 617
724 388 645
724 389 655
724 390 482
724 391 819
724 392 688
724 393 268
724 394 934
724 395 656
724 396 885
724 397 404
724 398 615
724 399 441
724 400 635
724 401 654
724 402 532
724 403 590
724 404 563
724 405 199
724 406 618
724 407 133
724 408 525
724 409 102
724 410 879
724 411 946
724 412 196
724 413 93
724 414 503
724 415 223
724 416 203
724 417 538
724 418 217
724 419 561
724 420 848
724 421 908
724 422 71
724 423 416
724 424 387
724 425 612
724 426 97
724 427 246
724 428 238
724 429 206
724 430 33
724 431 171
724 432 669
724 433 767
724 434 477
724 435 689
724 436 518
724 437 124
724 438 411
724 439 548
724 440 99
724 441 89
724 442 400
724 443 208
724 444 479
724 445 215
724 446 425
724 447 589
724 448 779
724 449 528
724 450 454
724 451 631
724 452 312
724 453 35
724 454 671
724 455 155
724 456 582
724 457 554
724 458 729
724 459 726
724 460 790
724 461 128
724 462 562
724 463 393
724 464 739
724 465 753
724 466 399
724 467 883
724 468 853
724 469 352
724 470 52
724 471 524
724 472 385
724 473 334
724 474 997
724 475 451
724 476 271
724 477 70
724 478 756
724 479 181
724 480 810
724 481 779
724 482 199
724 483 549
724 484 751
724 485 917
724 486 267
724 487 432
724 488 147
724 489 471
724 490 937
724 491 939
724 492 891
724 493 732
724 494 141
724 495 872
724 496 529
724 497 97
724 498 667
724 499 930
724 500 604
724 501 977
724 502 116
724 503 384
724 504 179
724 505 67
724 506 401
724 507 565
724 508 292
724 509 223
724 510 289
724 511 992
724 512 602
724 513 551
724 514 361
724 515 278
724 516 501
724 517 358
724 518 102
724 519 193
724 520 724
724 521 691
724 522 281
724 523 751
724 524 652
724 525 664
724 526 963
724 527 236
724 528 453
724 529 902
724 530 680
724 531 324
724 532 467
724 533 178
724 534 685
724 535 225
724 536 972
724 537 326
724 538 515
724 539 42
724 540 551
724 541 496
724 542 148
724 543 130
724 544 428
724 545 3
724 546 691
724 547 591
724 548 758
724 549 212
724 550 843
724 551 146
724 552 915
724 553 4
724 554 225
724 555 754
724 556 613
724 557 810
724 558 285
724 559 887
724 560 707
724 561 872
724 562 632
724 563 716
724 564 737
724 565 919
724 566 83
724 567 277
724 568 759
724 569 834
724 570 773
724 571 129
724 572 694
724 573 491
724 574 674
724 575 550
724 576 359
724 577 17
724 578 602
724 579 891
724 580 203
724 581 186
724 582 975
724 583 997
724 584 416
724 585 679
724 586 863
724 587 919
724 588 139
724 589 80
724 590 209
724 591 277
724 592 630
724 593 752
724 594 148
724 595 310
724 596 807
724 597 507
724 598 264
724 599 233
724 600 896
724 601 133
724 602 140
724 603 231
724 604 974
724 605 604
724 606 188
724 607 930
724 608 162
724 609 302
724 610 284
724 611 202
724 612 902
724 613 885
724 614 981
724 615 543
724 616 625
724 617 944
724 618 949
724 619 964
724 620 589
724 621 913
724 622 790
724 623 131
724 624 726
724 625 400
724 626 891
724 627 602
724 628 835
724 629 93
724 630 319
724 631 747
724 632 955
724 633 843
724 634 97
724 635 807
724 636 42
724 637 20
724 638 240
724 639 577
724 640 922
724 641 98
724 642 610
724 643 836
724 644 750
724 645 978
724 646 338
724 647 525
724 648 596
724 649 675
724 650 875
724 651 17
724 652 518
724 653 93
724 654 643
724 655 809
724 656 997
724 657 82
724 658 743
724 659 91
724 660 692
724 661 968
724 662 225
724 663 383
724 664 493
724 665 938
724 666 873
724 667 424
724 668 920
724 669 561
724 670 316
724 671 448
724 672 572
724 673 737
724 674 629
724 675 272
724 676 781
724 677 163
724 678 342
724 679 60
724 680 913
724 681 117
724 682 936
724 683 884
724 684 55
724 685 394
724 686 713
724 687 894
724 688 716
724 689 957
724 690 760
724 691 689
724 692 868
724 693 321
724 694 833
724 695 429
724 696 498
724 697 705
724 698 294
724 699 513
724 700 256
724 701 82
724 702 469
724 703 570
724 704 867
724 705 167
724 706 851
724 707 618
724 708 201
724 709 979
724 710 196
724 711 44
724 712 21
724 713 748
724 714 322
724 715 416
724 716 864
724 717 362
724 718 206
724 719 524
724 720 279
724 721 399
724 722 300
724 723 215
724 724 926
725 1 508
725 2 553
725 3 90
725 4 821
725 5 726
725 6 255
725 7 619
725 8 366
725 9 614
725 10 185
725 11 708
725 12 209
725 13 491
725 14 457
725 15 944
725 16 915
725 17 117
725 18 610
725 19 727
725 20 721
725 21 549
725 22 177
725 23 563
725 24 262
725 25 778
725 26 864
725 27 147
725 28 249
725 29 329
725 30 149
725 31 648
725 32 638
725 33 345
725 34 613
725 35 243
725 36 466
725 37 964
725 38 380
725 39 906
725 40 950
725 41 886
725 42 601
725 43 549
725 44 247
725 45 985
725 46 261
725 47 216
725 48 246
725 49 302
725 50 390
725 51 377
725 52 242
725 53 400
725 54 439
725 55 524
725 56 147
725 57 643
725 58 885
725 59 886
725 60 787
725 61 581
725 62 440
725 63 335
725 64 592
725 65 322
725 66 452
725 67 626
725 68 177
725 69 686
725 70 999
725 71 845
725 72 614
725 73 638
725 74 465
725 75 724
725 76 27
725 77 935
725 78 218
725 79 495
725 80 594
725 81 899
725 82 701
725 83 294
725 84 712
725 85 394
725 86 853
725 87 168
725 88 950
725 89 674
725 90 538
725 91 491
725 92 756
725 93 779
725 94 44
725 95 944
725 96 164
725 97 743
725 98 803
725 99 845
725 100 867
725 101 822
725 102 699
725 103 352
725 104 908
725 105 742
725 106 760
725 107 488
725 108 670
725 109 670
725 110 241
725 111 788
725 112 663
725 113 830
725 114 1
725 115 429
725 116 969
725 117 903
725 118 936
725 119 774
725 120 494
725 121 497
725 122 275
725 123 349
725 124 184
725 125 374
725 126 965
725 127 40
725 128 367
725 129 583
725 130 41
725 131 997
725 132 114
725 133 519
725 134 531
725 135 24
725 136 558
725 137 249
725 138 633
725 139 784
725 140 445
725 141 376
725 142 113
725 143 486
725 144 78
725 145 588
725 146 255
725 147 7
725 148 524
725 149 811
725 150 350
725 151 374
725 152 1000
725 153 800
725 154 393
725 155 742
725 156 38
725 157 514
725 158 795
725 159 237
725 160 353
725 161 524
725 162 477
725 163 637
725 164 926
725 165 685
725 166 761
725 167 326
725 168 834
725 169 605
725 170 411
725 171 488
725 172 744
725 173 890
725 174 681
725 175 960
725 176 360
725 177 309
725 178 578
725 179 274
725 180 536
725 181 69
725 182 680
725 183 118
725 184 578
725 185 660
725 186 393
725 187 35
725 188 159
725 189 146
725 190 72
725 191 900
725 192 151
725 193 320
725 194 523
725 195 895
725 196 848
725 197 409
725 198 659
725 199 147
725 200 224
725 201 928
725 202 75
725 203 531
725 204 436
725 205 564
725 206 491
725 207 555
725 208 412
725 209 795
725 210 392
725 211 449
725 212 323
725 213 82
725 214 86
725 215 539
725 216 548
725 217 481
725 218 496
725 219 698
725 220 339
725 221 461
725 222 259
725 223 212
725 224 381
725 225 88
725 226 64
725 227 769
725 228 592
725 229 338
725 230 148
725 231 857
725 232 331
725 233 840
725 234 758
725 235 6
725 236 340
725 237 976
725 238 117
725 239 960
725 240 137
725 241 519
725 242 779
725 243 852
725 244 144
725 245 791
725 246 158
725 247 291
725 248 654
725 249 10
725 250 897
725 251 71
725 252 796
725 253 792
725 254 536
725 255 52
725 256 882
725 257 651
725 258 885
725 259 9
725 260 701
725 261 412
725 262 216
725 263 258
725 264 274
725 265 294
725 266 480
725 267 590
725 268 91
725 269 850
725 270 172
725 271 978
725 272 602
725 273 212
725 274 659
725 275 130
725 276 923
725 277 964
725 278 574
725 279 148
725 280 555
725 281 899
725 282 456
725 283 856
725 284 760
725 285 56
725 286 559
725 287 853
725 288 978
725 289 913
725 290 414
725 291 416
725 292 304
725 293 720
725 294 748
725 295 573
725 296 135
725 297 408
725 298 800
725 299 613
725 300 48
725 301 28
725 302 924
725 303 941
725 304 936
725 305 422
725 306 214
725 307 49
725 308 230
725 309 767
725 310 593
725 311 659
725 312 401
725 313 719
725 314 87
725 315 143
725 316 839
725 317 647
725 318 320
725 319 27
725 320 907
725 321 492
725 322 802
725 323 394
725 324 417
725 325 125
725 326 909
725 327 141
725 328 976
725 329 794
725 330 997
725 331 15
725 332 622
725 333 41
725 334 8
725 335 76
725 336 821
725 337 548
725 338 845
725 339 521
725 340 364
725 341 650
725 342 113
725 343 803
725 344 282
725 345 268
725 346 435
725 347 782
725 348 701
725 349 102
725 350 746
725 351 702
725 352 301
725 353 493
725 354 986
725 355 764
725 356 190
725 357 858
725 358 114
725 359 791
725 360 598
725 361 115
725 362 806
725 363 792
725 364 960
725 365 832
725 366 672
725 367 702
725 368 129
725 369 784
725 370 429
725 371 945
725 372 622
725 373 162
725 374 687
725 375 431
725 376 458
725 377 622
725 378 414
725 379 731
725 380 572
725 381 265
725 382 524
725 383 110
725 384 919
725 385 163
725 386 772
725 387 823
725 388 469
725 389 79
725 390 661
725 391 917
725 392 276
725 393 338
725 394 934
725 395 623
725 396 492
725 397 1000
725 398 497
725 399 280
725 400 764
725 401 672
725 402 323
725 403 141
725 404 994
725 405 347
725 406 62
725 407 731
725 408 193
725 409 633
725 410 846
725 411 948
725 412 641
725 413 938
725 414 648
725 415 339
725 416 317
725 417 429
725 418 87
725 419 514
725 420 138
725 421 953
725 422 663
725 423 663
725 424 661
725 425 32
725 426 618
725 427 918
725 428 446
725 429 55
725 430 2
725 431 927
725 432 232
725 433 881
725 434 932
725 435 963
725 436 642
725 437 600
725 438 417
725 439 517
725 440 605
725 441 626
725 442 154
725 443 673
725 444 508
725 445 183
725 446 814
725 447 188
725 448 326
725 449 201
725 450 393
725 451 942
725 452 891
725 453 213
725 454 756
725 455 361
725 456 279
725 457 544
725 458 608
725 459 14
725 460 176
725 461 786
725 462 25
725 463 716
725 464 118
725 465 800
725 466 442
725 467 596
725 468 89
725 469 363
725 470 878
725 471 371
725 472 756
725 473 511
725 474 842
725 475 402
725 476 241
725 477 841
725 478 985
725 479 317
725 480 891
725 481 851
725 482 171
725 483 950
725 484 938
725 485 622
725 486 21
725 487 16
725 488 672
725 489 690
725 490 9
725 491 274
725 492 831
725 493 624
725 494 369
725 495 677
725 496 988
725 497 928
725 498 177
725 499 632
725 500 189
725 501 917
725 502 962
725 503 221
725 504 894
725 505 845
725 506 1
725 507 965
725 508 812
725 509 262
725 510 876
725 511 105
725 512 611
725 513 206
725 514 18
725 515 70
725 516 707
725 517 469
725 518 263
725 519 991
725 520 198
725 521 747
725 522 808
725 523 53
725 524 539
725 525 666
725 526 928
725 527 467
725 528 308
725 529 443
725 530 265
725 531 349
725 532 939
725 533 487
725 534 663
725 535 846
725 536 856
725 537 518
725 538 933
725 539 796
725 540 544
725 541 921
725 542 774
725 543 529
725 544 611
725 545 827
725 546 143
725 547 521
725 548 171
725 549 526
725 550 271
725 551 221
725 552 441
725 553 193
725 554 240
725 555 863
725 556 578
725 557 775
725 558 834
725 559 690
725 560 305
725 561 513
725 562 916
725 563 712
725 564 410
725 565 592
725 566 405
725 567 389
725 568 617
725 569 653
725 570 873
725 571 357
725 572 339
725 573 934
725 574 717
725 575 828
725 576 960
725 577 303
725 578 838
725 579 486
725 580 142
725 581 450
725 582 308
725 583 484
725 584 347
725 585 406
725 586 623
725 587 204
725 588 875
725 589 853
725 590 957
725 591 751
725 592 826
725 593 490
725 594 23
725 595 136
725 596 259
725 597 704
725 598 657
725 599 513
725 600 304
725 601 986
725 602 849
725 603 375
725 604 366
725 605 682
725 606 359
725 607 151
725 608 612
725 609 13
725 610 296
725 611 521
725 612 901
725 613 641
725 614 614
725 615 137
725 616 677
725 617 779
725 618 918
725 619 796
725 620 727
725 621 461
725 622 254
725 623 456
725 624 709
725 625 68
725 626 828
725 627 523
725 628 54
725 629 874
725 630 779
725 631 46
725 632 878
725 633 214
725 634 758
725 635 248
725 636 600
725 637 161
725 638 780
725 639 913
725 640 78
725 641 743
725 642 264
725 643 405
725 644 677
725 645 353
725 646 996
725 647 422
725 648 282
725 649 690
725 650 461
725 651 405
725 652 763
725 653 248
725 654 764
725 655 984
725 656 10
725 657 83
725 658 915
725 659 844
725 660 920
725 661 11
725 662 545
725 663 88
725 664 876
725 665 129
725 666 105
725 667 505
725 668 538
725 669 546
725 670 394
725 671 217
725 672 397
725 673 517
725 674 390
725 675 171
725 676 421
725 677 63
725 678 204
725 679 867
725 680 926
725 681 808
725 682 471
725 683 739
725 684 21
725 685 759
725 686 725
725 687 814
725 688 876
725 689 888
725 690 817
725 691 306
725 692 792
725 693 536
725 694 253
725 695 762
725 696 172
725 697 697
725 698 595
725 699 853
725 700 902
725 701 131
725 702 573
725 703 776
725 704 249
725 705 160
725 706 966
725 707 722
725 708 904
725 709 947
725 710 427
725 711 739
725 712 840
725 713 884
725 714 238
725 715 185
725 716 27
725 717 557
725 718 256
725 719 564
725 720 190
725 721 148
725 722 807
725 723 308
725 724 818
725 725 226
726 1 154
726 2 255
726 3 207
726 4 365
726 5 536
726 6 874
726 7 908
726 8 726
726 9 168
726 10 59
726 11 949
726 12 959
726 13 714
726 14 482
726 15 441
726 16 413
726 17 274
726 18 288
726 19 511
726 20 252
726 21 539
726 22 127
726 23 423
726 24 538
726 25 370
726 26 771
726 27 914
726 28 15
726 29 448
726 30 983
726 31 131
726 32 925
726 33 187
726 34 844
726 35 100
726 36 315
726 37 83
726 38 244
726 39 31
726 40 392
726 41 488
726 42 827
726 43 723
726 44 236
726 45 52
726 46 533
726 47 173
726 48 383
726 49 433
726 50 125
726 51 725
726 52 459
726 53 910
726 54 501
726 55 545
726 56 827
726 57 932
726 58 320
726 59 973
726 60 259
726 61 230
726 62 596
726 63 287
726 64 428
726 65 397
726 66 804
726 67 57
726 68 611
726 69 265
726 70 143
726 71 529
726 72 708
726 73 909
726 74 869
726 75 254
726 76 725
726 77 802
726 78 49
726 79 294
726 80 669
726 81 560
726 82 324
726 83 320
726 84 677
726 85 999
726 86 891
726 87 78
726 88 275
726 89 865
726 90 653
726 91 8
726 92 855
726 93 23
726 94 32
726 95 293
726 96 715
726 97 689
726 98 447
726 99 643
726 100 246
726 101 303
726 102 178
726 103 331
726 104 474
726 105 607
726 106 82
726 107 125
726 108 418
726 109 851
726 110 544
726 111 514
726 112 424
726 113 91
726 114 459
726 115 885
726 116 354
726 117 567
726 118 525
726 119 206
726 120 281
726 121 728
726 122 170
726 123 117
726 124 822
726 125 299
726 126 14
726 127 626
726 128 86
726 129 35
726 130 331
726 131 972
726 132 800
726 133 723
726 134 893
726 135 315
726 136 335
726 137 838
726 138 676
726 139 85
726 140 0
726 141 788
726 142 794
726 143 680
726 144 574
726 145 283
726 146 131
726 147 321
726 148 848
726 149 476
726 150 221
726 151 205
726 152 872
726 153 560
726 154 997
726 155 356
726 156 916
726 157 996
726 158 738
726 159 275
726 160 161
726 161 356
726 162 449
726 163 763
726 164 715
726 165 623
726 166 206
726 167 408
726 168 235
726 169 984
726 170 679
726 171 710
726 172 181
726 173 222
726 174 724
726 175 856
726 176 571
726 177 99
726 178 355
726 179 228
726 180 800
726 181 860
726 182 532
726 183 35
726 184 496
726 185 131
726 186 600
726 187 881
726 188 76
726 189 533
726 190 106
726 191 584
726 192 257
726 193 69
726 194 776
726 195 809
726 196 978
726 197 427
726 198 574
726 199 628
726 200 101
726 201 352
726 202 140
726 203 339
726 204 264
726 205 883
726 206 652
726 207 22
726 208 839
726 209 507
726 210 929
726 211 165
726 212 14
726 213 565
726 214 527
726 215 346
726 216 61
726 217 554
726 218 554
726 219 844
726 220 762
726 221 194
726 222 652
726 223 822
726 224 630
726 225 382
726 226 298
726 227 352
726 228 118
726 229 393
726 230 270
726 231 278
726 232 644
726 233 32
726 234 253
726 235 440
726 236 722
726 237 121
726 238 31
726 239 906
726 240 145
726 241 779
726 242 136
726 243 985
726 244 958
726 245 680
726 246 621
726 247 444
726 248 119
726 249 24
726 250 893
726 251 746
726 252 394
726 253 327
726 254 445
726 255 490
726 256 539
726 257 978
726 258 64
726 259 496
726 260 577
726 261 598
726 262 641
726 263 323
726 264 158
726 265 45
726 266 91
726 267 958
726 268 270
726 269 604
726 270 843
726 271 233
726 272 347
726 273 949
726 274 518
726 275 763
726 276 393
726 277 391
726 278 224
726 279 858
726 280 899
726 281 285
726 282 457
726 283 607
726 284 112
726 285 264
726 286 476
726 287 157
726 288 376
726 289 524
726 290 981
726 291 884
726 292 602
726 293 28
726 294 886
726 295 991
726 296 628
726 297 244
726 298 827
726 299 785
726 300 23
726 301 762
726 302 85
726 303 319
726 304 368
726 305 775
726 306 631
726 307 429
726 308 208
726 309 15
726 310 770
726 311 504
726 312 748
726 313 993
726 314 619
726 315 80
726 316 67
726 317 550
726 318 556
726 319 389
726 320 316
726 321 501
726 322 928
726 323 658
726 324 543
726 325 139
726 326 684
726 327 983
726 328 4
726 329 648
726 330 215
726 331 553
726 332 421
726 333 809
726 334 894
726 335 583
726 336 599
726 337 422
726 338 874
726 339 89
726 340 212
726 341 415
726 342 21
726 343 47
726 344 721
726 345 376
726 346 913
726 347 215
726 348 553
726 349 724
726 350 475
726 351 973
726 352 403
726 353 958
726 354 976
726 355 159
726 356 769
726 357 116
726 358 772
726 359 225
726 360 150
726 361 68
726 362 479
726 363 866
726 364 325
726 365 679
726 366 449
726 367 400
726 368 448
726 369 734
726 370 365
726 371 863
726 372 570
726 373 381
726 374 167
726 375 196
726 376 701
726 377 505
726 378 346
726 379 699
726 380 906
726 381 293
726 382 649
726 383 661
726 384 946
726 385 435
726 386 528
726 387 775
726 388 988
726 389 882
726 390 111
726 391 700
726 392 676
726 393 229
726 394 624
726 395 690
726 396 895
726 397 453
726 398 248
726 399 137
726 400 63
726 401 44
726 402 0
726 403 201
726 404 748
726 405 569
726 406 325
726 407 863
726 408 618
726 409 926
726 410 499
726 411 248
726 412 33
726 413 451
726 414 612
726 415 218
726 416 951
726 417 584
726 418 679
726 419 920
726 420 505
726 421 632
726 422 705
726 423 648
726 424 155
726 425 444
726 426 596
726 427 608
726 428 871
726 429 729
726 430 555
726 431 945
726 432 531
726 433 187
726 434 335
726 435 741
726 436 192
726 437 533
726 438 849
726 439 698
726 440 778
726 441 908
726 442 347
726 443 984
726 444 790
726 445 821
726 446 970
726 447 805
726 448 48
726 449 400
726 450 171
726 451 196
726 452 508
726 453 421
726 454 192
726 455 694
726 456 399
726 457 479
726 458 921
726 459 784
726 460 164
726 461 824
726 462 636
726 463 890
726 464 342
726 465 37
726 466 351
726 467 158
726 468 60
726 469 968
726 470 125
726 471 689
726 472 646
726 473 530
726 474 955
726 475 307
726 476 192
726 477 89
726 478 700
726 479 534
726 480 851
726 481 992
726 482 152
726 483 951
726 484 954
726 485 613
726 486 497
726 487 668
726 488 368
726 489 290
726 490 451
726 491 233
726 492 144
726 493 486
726 494 488
726 495 259
726 496 246
726 497 439
726 498 229
726 499 456
726 500 793
726 501 782
726 502 981
726 503 414
726 504 565
726 505 6
726 506 909
726 507 740
726 508 457
726 509 24
726 510 420
726 511 957
726 512 793
726 513 492
726 514 359
726 515 254
726 516 464
726 517 239
726 518 883
726 519 841
726 520 839
726 521 343
726 522 517
726 523 578
726 524 80
726 525 386
726 526 260
726 527 426
726 528 131
726 529 347
726 530 560
726 531 465
726 532 182
726 533 481
726 534 458
726 535 914
726 536 521
726 537 127
726 538 486
726 539 932
726 540 709
726 541 108
726 542 573
726 543 123
726 544 512
726 545 520
726 546 431
726 547 206
726 548 327
726 549 675
726 550 999
726 551 586
726 552 212
726 553 388
726 554 139
726 555 674
726 556 790
726 557 635
726 558 145
726 559 708
726 560 24
726 561 279
726 562 105
726 563 731
726 564 105
726 565 967
726 566 257
726 567 94
726 568 529
726 569 610
726 570 137
726 571 656
726 572 464
726 573 693
726 574 345
726 575 846
726 576 376
726 577 720
726 578 355
726 579 596
726 580 29
726 581 275
726 582 977
726 583 630
726 584 42
726 585 783
726 586 999
726 587 390
726 588 215
726 589 446
726 590 0
726 591 826
726 592 486
726 593 391
726 594 425
726 595 950
726 596 232
726 597 239
726 598 948
726 599 181
726 600 549
726 601 68
726 602 425
726 603 866
726 604 636
726 605 918
726 606 532
726 607 1
726 608 868
726 609 202
726 610 477
726 611 758
726 612 83
726 613 204
726 614 934
726 615 957
726 616 620
726 617 619
726 618 841
726 619 119
726 620 132
726 621 4
726 622 547
726 623 391
726 624 8
726 625 44
726 626 975
726 627 239
726 628 28
726 629 372
726 630 715
726 631 816
726 632 185
726 633 115
726 634 182
726 635 334
726 636 742
726 637 205
726 638 269
726 639 95
726 640 416
726 641 41
726 642 789
726 643 589
726 644 49
726 645 441
726 646 990
726 647 840
726 648 232
726 649 972
726 650 912
726 651 403
726 652 324
726 653 483
726 654 94
726 655 1
726 656 700
726 657 530
726 658 322
726 659 238
726 660 498
726 661 318
726 662 514
726 663 408
726 664 691
726 665 225
726 666 632
726 667 848
726 668 579
726 669 1000
726 670 958
726 671 472
726 672 525
726 673 475
726 674 398
726 675 998
726 676 393
726 677 697
726 678 112
726 679 234
726 680 511
726 681 346
726 682 978
726 683 951
726 684 191
726 685 761
726 686 249
726 687 955
726 688 352
726 689 157
726 690 456
726 691 123
726 692 298
726 693 925
726 694 491
726 695 107
726 696 887
726 697 289
726 698 731
726 699 784
726 700 785
726 701 410
726 702 996
726 703 367
726 704 284
726 705 442
726 706 367
726 707 937
726 708 647
726 709 382
726 710 726
726 711 671
726 712 234
726 713 482
726 714 889
726 715 512
726 716 363
726 717 410
726 718 122
726 719 797
726 720 851
726 721 132
726 722 627
726 723 393
726 724 289
726 725 367
726 726 800
727 1 901
727 2 675
727 3 492
727 4 794
727 5 760
727 6 204
727 7 958
727 8 294
727 9 237
727 10 148
727 11 776
727 12 881
727 13 390
727 14 986
727 15 376
727 16 756
727 17 231
727 18 432
727 19 587
727 20 312
727 21 79
727 22 93
727 23 349
727 24 948
727 25 521
727 26 977
727 27 969
727 28 363
727 29 507
727 30 9
727 31 230
727 32 281
727 33 318
727 34 858
727 35 509
727 36 232
727 37 247
727 38 5
727 39 702
727 40 99
727 41 893
727 42 351
727 43 798
727 44 895
727 45 355
727 46 572
727 47 484
727 48 953
727 49 109
727 50 706
727 51 731
727 52 502
727 53 616
727 54 773
727 55 716
727 56 571
727 57 414
727 58 882
727 59 33
727 60 7
727 61 203
727 62 572
727 63 600
727 64 140
727 65 681
727 66 842
727 67 58
727 68 884
727 69 674
727 70 141
727 71 96
727 72 831
727 73 368
727 74 144
727 75 303
727 76 113
727 77 834
727 78 235
727 79 493
727 80 271
727 81 94
727 82 569
727 83 419
727 84 975
727 85 579
727 86 402
727 87 489
727 88 70
727 89 985
727 90 70
727 91 467
727 92 147
727 93 938
727 94 851
727 95 623
727 96 872
727 97 309
727 98 163
727 99 373
727 100 553
727 101 235
727 102 185
727 103 271
727 104 484
727 105 403
727 106 660
727 107 564
727 108 502
727 109 519
727 110 853
727 111 275
727 112 104
727 113 634
727 114 491
727 115 40
727 116 466
727 117 894
727 118 518
727 119 238
727 120 342
727 121 414
727 122 602
727 123 659
727 124 88
727 125 821
727 126 951
727 127 384
727 128 938
727 129 54
727 130 578
727 131 451
727 132 906
727 133 175
727 134 397
727 135 941
727 136 137
727 137 601
727 138 21
727 139 270
727 140 414
727 141 700
727 142 725
727 143 448
727 144 213
727 145 676
727 146 622
727 147 418
727 148 529
727 149 899
727 150 170
727 151 869
727 152 658
727 153 847
727 154 26
727 155 172
727 156 907
727 157 942
727 158 520
727 159 876
727 160 799
727 161 79
727 162 916
727 163 847
727 164 564
727 165 575
727 166 162
727 167 944
727 168 234
727 169 794
727 170 831
727 171 498
727 172 682
727 173 259
727 174 713
727 175 598
727 176 377
727 177 463
727 178 692
727 179 110
727 180 325
727 181 492
727 182 739
727 183 836
727 184 370
727 185 913
727 186 118
727 187 10
727 188 36
727 189 812
727 190 87
727 191 384
727 192 172
727 193 629
727 194 749
727 195 705
727 196 273
727 197 113
727 198 525
727 199 617
727 200 659
727 201 610
727 202 209
727 203 714
727 204 662
727 205 797
727 206 713
727 207 109
727 208 529
727 209 902
727 210 957
727 211 721
727 212 649
727 213 609
727 214 597
727 215 5
727 216 151
727 217 157
727 218 996
727 219 699
727 220 100
727 221 832
727 222 416
727 223 419
727 224 987
727 225 313
727 226 523
727 227 482
727 228 971
727 229 399
727 230 354
727 231 387
727 232 936
727 233 901
727 234 240
727 235 312
727 236 568
727 237 761
727 238 757
727 239 385
727 240 934
727 241 148
727 242 711
727 243 545
727 244 339
727 245 991
727 246 513
727 247 643
727 248 350
727 249 162
727 250 920
727 251 268
727 252 883
727 253 791
727 254 418
727 255 858
727 256 875
727 257 936
727 258 985
727 259 821
727 260 121
727 261 700
727 262 343
727 263 812
727 264 733
727 265 294
727 266 753
727 267 638
727 268 903
727 269 921
727 270 365
727 271 504
727 272 838
727 273 138
727 274 537
727 275 30
727 276 233
727 277 168
727 278 212
727 279 156
727 280 173
727 281 141
727 282 567
727 283 743
727 284 557
727 285 435
727 286 796
727 287 79
727 288 697
727 289 724
727 290 727
727 291 657
727 292 77
727 293 474
727 294 407
727 295 590
727 296 440
727 297 31
727 298 169
727 299 365
727 300 627
727 301 112
727 302 135
727 303 137
727 304 355
727 305 213
727 306 745
727 307 384
727 308 275
727 309 420
727 310 698
727 311 35
727 312 441
727 313 564
727 314 298
727 315 42
727 316 649
727 317 389
727 318 303
727 319 332
727 320 597
727 321 740
727 322 181
727 323 263
727 324 980
727 325 898
727 326 200
727 327 55
727 328 771
727 329 531
727 330 645
727 331 484
727 332 784
727 333 366
727 334 643
727 335 146
727 336 353
727 337 377
727 338 955
727 339 115
727 340 515
727 341 780
727 342 290
727 343 885
727 344 940
727 345 604
727 346 162
727 347 420
727 348 485
727 349 348
727 350 173
727 351 165
727 352 473
727 353 618
727 354 471
727 355 730
727 356 107
727 357 946
727 358 443
727 359 402
727 360 999
727 361 891
727 362 748
727 363 431
727 364 786
727 365 27
727 366 401
727 367 730
727 368 147
727 369 49
727 370 873
727 371 898
727 372 547
727 373 109
727 374 641
727 375 987
727 376 400
727 377 817
727 378 888
727 379 329
727 380 625
727 381 41
727 382 282
727 383 242
727 384 897
727 385 485
727 386 798
727 387 626
727 388 618
727 389 22
727 390 555
727 391 380
727 392 539
727 393 906
727 394 282
727 395 258
727 396 855
727 397 70
727 398 595
727 399 942
727 400 406
727 401 492
727 402 660
727 403 245
727 404 404
727 405 938
727 406 230
727 407 390
727 408 482
727 409 251
727 410 446
727 411 917
727 412 441
727 413 98
727 414 989
727 415 359
727 416 674
727 417 579
727 418 417
727 419 132
727 420 74
727 421 409
727 422 546
727 423 221
727 424 522
727 425 372
727 426 141
727 427 944
727 428 253
727 429 728
727 430 340
727 431 702
727 432 935
727 433 581
727 434 446
727 435 428
727 436 27
727 437 806
727 438 388
727 439 805
727 440 689
727 441 156
727 442 797
727 443 151
727 444 626
727 445 586
727 446 114
727 447 947
727 448 795
727 449 48
727 450 39
727 451 3
727 452 522
727 453 331
727 454 843
727 455 25
727 456 19
727 457 152
727 458 176
727 459 820
727 460 735
727 461 399
727 462 703
727 463 5
727 464 597
727 465 952
727 466 166
727 467 13
727 468 789
727 469 578
727 470 395
727 471 141
727 472 578
727 473 897
727 474 372
727 475 474
727 476 430
727 477 899
727 478 167
727 479 231
727 480 360
727 481 243
727 482 989
727 483 174
727 484 336
727 485 288
727 486 650
727 487 246
727 488 231
727 489 45
727 490 407
727 491 694
727 492 640
727 493 909
727 494 981
727 495 494
727 496 24
727 497 968
727 498 336
727 499 639
727 500 956
727 501 899
727 502 965
727 503 248
727 504 696
727 505 655
727 506 162
727 507 942
727 508 798
727 509 178
727 510 164
727 511 150
727 512 712
727 513 561
727 514 967
727 515 160
727 516 345
727 517 385
727 518 0
727 519 37
727 520 982
727 521 293
727 522 824
727 523 640
727 524 528
727 525 930
727 526 157
727 527 33
727 528 991
727 529 482
727 530 100
727 531 978
727 532 367
727 533 341
727 534 82
727 535 846
727 536 856
727 537 98
727 538 528
727 539 663
727 540 28
727 541 268
727 542 947
727 543 879
727 544 802
727 545 809
727 546 411
727 547 882
727 548 548
727 549 52
727 550 878
727 551 82
727 552 487
727 553 507
727 554 711
727 555 892
727 556 763
727 557 567
727 558 809
727 559 467
727 560 330
727 561 13
727 562 918
727 563 669
727 564 707
727 565 630
727 566 413
727 567 181
727 568 21
727 569 359
727 570 26
727 571 126
727 572 98
727 573 366
727 574 65
727 575 396
727 576 972
727 577 195
727 578 270
727 579 821
727 580 464
727 581 31
727 582 185
727 583 422
727 584 464
727 585 823
727 586 869
727 587 576
727 588 317
727 589 688
727 590 261
727 591 774
727 592 635
727 593 923
727 594 618
727 595 363
727 596 451
727 597 55
727 598 418
727 599 79
727 600 949
727 601 855
727 602 940
727 603 366
727 604 172
727 605 728
727 606 813
727 607 785
727 608 614
727 609 53
727 610 933
727 611 398
727 612 815
727 613 318
727 614 715
727 615 63
727 616 660
727 617 423
727 618 45
727 619 197
727 620 622
727 621 907
727 622 345
727 623 19
727 624 128
727 625 751
727 626 186
727 627 23
727 628 947
727 629 324
727 630 139
727 631 121
727 632 651
727 633 882
727 634 861
727 635 370
727 636 524
727 637 387
727 638 853
727 639 343
727 640 462
727 641 583
727 642 360
727 643 622
727 644 437
727 645 106
727 646 81
727 647 793
727 648 832
727 649 2
727 650 351
727 651 530
727 652 840
727 653 84
727 654 556
727 655 58
727 656 569
727 657 790
727 658 487
727 659 138
727 660 670
727 661 934
727 662 341
727 663 726
727 664 163
727 665 534
727 666 469
727 667 831
727 668 244
727 669 625
727 670 467
727 671 810
727 672 663
727 673 197
727 674 73
727 675 969
727 676 837
727 677 323
727 678 775
727 679 917
727 680 34
727 681 524
727 682 656
727 683 181
727 684 599
727 685 647
727 686 39
727 687 156
727 688 565
727 689 459
727 690 921
727 691 774
727 692 158
727 693 931
727 694 467
727 695 957
727 696 529
727 697 265
727 698 801
727 699 259
727 700 725
727 701 717
727 702 335
727 703 267
727 704 819
727 705 206
727 706 271
727 707 832
727 708 178
727 709 573
727 710 82
727 711 84
727 712 832
727 713 599
727 714 819
727 715 352
727 716 184
727 717 972
727 718 396
727 719 646
727 720 714
727 721 762
727 722 707
727 723 568
727 724 843
727 725 44
727 726 532
727 727 843
728 1 747
728 2 47
728 3 740
728 4 782
728 5 733
728 6 657
728 7 722
728 8 492
728 9 932
728 10 137
728 11 914
728 12 128
728 13 166
728 14 61
728 15 523
728 16 313
728 17 887
728 18 413
728 19 151
728 20 609
728 21 145
728 22 686
728 23 416
728 24 281
728 25 650
728 26 783
728 27 128
728 28 926
728 29 402
728 30 322
728 31 25
728 32 967
728 33 977
728 34 865
728 35 861
728 36 950
728 37 322
728 38 44
728 39 482
728 40 553
728 41 687
728 42 113
728 43 734
728 44 195
728 45 71
728 46 4
728 47 369
728 48 355
728 49 885
728 50 579
728 51 83
728 52 42
728 53 138
728 54 534
728 55 943
728 56 485
728 57 407
728 58 24
728 59 841
728 60 335
728 61 285
728 62 727
728 63 577
728 64 129
728 65 582
728 66 849
728 67 363
728 68 476
728 69 596
728 70 39
728 71 842
728 72 901
728 73 713
728 74 398
728 75 689
728 76 640
728 77 650
728 78 794
728 79 446
728 80 395
728 81 407
728 82 780
728 83 207
728 84 256
728 85 780
728 86 11
728 87 504
728 88 30
728 89 314
728 90 92
728 91 335
728 92 624
728 93 364
728 94 792
728 95 775
728 96 902
728 97 447
728 98 258
728 99 278
728 100 962
728 101 404
728 102 649
728 103 436
728 104 950
728 105 66
728 106 945
728 107 451
728 108 168
728 109 192
728 110 980
728 111 102
728 112 721
728 113 829
728 114 826
728 115 916
728 116 521
728 117 884
728 118 460
728 119 730
728 120 761
728 121 242
728 122 458
728 123 586
728 124 79
728 125 430
728 126 948
728 127 776
728 128 967
728 129 189
728 130 281
728 131 247
728 132 913
728 133 585
728 134 255
728 135 752
728 136 748
728 137 19
728 138 508
728 139 716
728 140 642
728 141 362
728 142 646
728 143 199
728 144 696
728 145 162
728 146 963
728 147 541
728 148 370
728 149 16
728 150 921
728 151 233
728 152 778
728 153 823
728 154 817
728 155 628
728 156 651
728 157 421
728 158 934
728 159 575
728 160 37
728 161 972
728 162 475
728 163 369
728 164 393
728 165 576
728 166 800
728 167 945
728 168 718
728 169 676
728 170 803
728 171 159
728 172 523
728 173 768
728 174 6
728 175 865
728 176 145
728 177 810
728 178 442
728 179 801
728 180 722
728 181 194
728 182 350
728 183 325
728 184 567
728 185 539
728 186 550
728 187 264
728 188 968
728 189 287
728 190 735
728 191 839
728 192 797
728 193 438
728 194 13
728 195 291
728 196 318
728 197 272
728 198 445
728 199 772
728 200 393
728 201 619
728 202 556
728 203 815
728 204 647
728 205 516
728 206 964
728 207 112
728 208 593
728 209 161
728 210 654
728 211 674
728 212 64
728 213 173
728 214 542
728 215 178
728 216 850
728 217 972
728 218 285
728 219 434
728 220 958
728 221 562
728 222 71
728 223 192
728 224 626
728 225 765
728 226 263
728 227 797
728 228 678
728 229 838
728 230 680
728 231 969
728 232 931
728 233 491
728 234 738
728 235 971
728 236 9
728 237 951
728 238 349
728 239 128
728 240 452
728 241 44
728 242 582
728 243 144
728 244 807
728 245 1
728 246 174
728 247 441
728 248 615
728 249 413
728 250 801
728 251 506
728 252 330
728 253 300
728 254 640
728 255 298
728 256 371
728 257 352
728 258 975
728 259 159
728 260 578
728 261 52
728 262 835
728 263 598
728 264 9
728 265 839
728 266 765
728 267 866
728 268 338
728 269 156
728 270 921
728 271 888
728 272 938
728 273 166
728 274 361
728 275 896
728 276 697
728 277 545
728 278 737
728 279 690
728 280 600
728 281 248
728 282 946
728 283 965
728 284 991
728 285 824
728 286 337
728 287 579
728 288 118
728 289 213
728 290 256
728 291 995
728 292 854
728 293 395
728 294 348
728 295 528
728 296 541
728 297 780
728 298 212
728 299 780
728 300 702
728 301 296
728 302 951
728 303 794
728 304 719
728 305 595
728 306 696
728 307 697
728 308 260
728 309 35
728 310 757
728 311 279
728 312 21
728 313 52
728 314 507
728 315 354
728 316 413
728 317 122
728 318 738
728 319 404
728 320 466
728 321 39
728 322 703
728 323 956
728 324 268
728 325 565
728 326 584
728 327 544
728 328 791
728 329 35
728 330 1000
728 331 480
728 332 563
728 333 295
728 334 922
728 335 543
728 336 318
728 337 15
728 338 402
728 339 967
728 340 504
728 341 822
728 342 276
728 343 345
728 344 414
728 345 771
728 346 753
728 347 166
728 348 364
728 349 519
728 350 241
728 351 469
728 352 154
728 353 687
728 354 299
728 355 366
728 356 91
728 357 508
728 358 37
728 359 910
728 360 954
728 361 640
728 362 27
728 363 385
728 364 750
728 365 755
728 366 825
728 367 348
728 368 258
728 369 41
728 370 616
728 371 629
728 372 153
728 373 727
728 374 468
728 375 643
728 376 635
728 377 106
728 378 612
728 379 885
728 380 949
728 381 437
728 382 80
728 383 735
728 384 172
728 385 574
728 386 700
728 387 858
728 388 806
728 389 760
728 390 172
728 391 917
728 392 825
728 393 979
728 394 22
728 395 968
728 396 252
728 397 180
728 398 840
728 399 848
728 400 860
728 401 243
728 402 337
728 403 81
728 404 151
728 405 716
728 406 750
728 407 860
728 408 526
728 409 677
728 410 889
728 411 636
728 412 141
728 413 512
728 414 3
728 415 175
728 416 399
728 417 976
728 418 418
728 419 125
728 420 943
728 421 578
728 422 42
728 423 777
728 424 473
728 425 721
728 426 703
728 427 753
728 428 823
728 429 544
728 430 546
728 431 270
728 432 912
728 433 419
728 434 9
728 435 391
728 436 418
728 437 765
728 438 804
728 439 745
728 440 336
728 441 664
728 442 181
728 443 319
728 444 366
728 445 145
728 446 445
728 447 459
728 448 221
728 449 944
728 450 913
728 451 139
728 452 432
728 453 679
728 454 995
728 455 353
728 456 63
728 457 840
728 458 68
728 459 334
728 460 669
728 461 968
728 462 231
728 463 12
728 464 46
728 465 247
728 466 25
728 467 62
728 468 642
728 469 502
728 470 22
728 471 361
728 472 154
728 473 645
728 474 749
728 475 59
728 476 552
728 477 587
728 478 364
728 479 17
728 480 312
728 481 166
728 482 687
728 483 352
728 484 266
728 485 231
728 486 673
728 487 675
728 488 743
728 489 684
728 490 451
728 491 883
728 492 351
728 493 255
728 494 984
728 495 765
728 496 743
728 497 322
728 498 39
728 499 213
728 500 60
728 501 966
728 502 393
728 503 298
728 504 804
728 505 324
728 506 841
728 507 195
728 508 720
728 509 411
728 510 618
728 511 140
728 512 265
728 513 80
728 514 868
728 515 721
728 516 321
728 517 559
728 518 492
728 519 755
728 520 976
728 521 828
728 522 506
728 523 900
728 524 676
728 525 166
728 526 668
728 527 568
728 528 225
728 529 981
728 530 12
728 531 316
728 532 466
728 533 500
728 534 367
728 535 610
728 536 539
728 537 26
728 538 853
728 539 630
728 540 110
728 541 939
728 542 922
728 543 510
728 544 644
728 545 135
728 546 605
728 547 623
728 548 361
728 549 393
728 550 778
728 551 239
728 552 835
728 553 135
728 554 750
728 555 240
728 556 218
728 557 992
728 558 712
728 559 785
728 560 583
728 561 508
728 562 793
728 563 937
728 564 800
728 565 211
728 566 783
728 567 138
728 568 78
728 569 522
728 570 181
728 571 999
728 572 158
728 573 405
728 574 897
728 575 132
728 576 831
728 577 25
728 578 650
728 579 599
728 580 375
728 581 335
728 582 516
728 583 566
728 584 15
728 585 829
728 586 140
728 587 175
728 588 596
728 589 293
728 590 491
728 591 643
728 592 382
728 593 239
728 594 335
728 595 690
728 596 314
728 597 530
728 598 66
728 599 245
728 600 923
728 601 851
728 602 757
728 603 226
728 604 288
728 605 676
728 606 559
728 607 720
728 608 733
728 609 691
728 610 235
728 611 367
728 612 578
728 613 754
728 614 994
728 615 121
728 616 279
728 617 660
728 618 393
728 619 124
728 620 50
728 621 879
728 622 438
728 623 527
728 624 548
728 625 759
728 626 6
728 627 675
728 628 753
728 629 900
728 630 291
728 631 223
728 632 254
728 633 424
728 634 750
728 635 176
728 636 101
728 637 728
728 638 802
728 639 629
728 640 121
728 641 16
728 642 237
728 643 279
728 644 267
728 645 649
728 646 549
728 647 473
728 648 619
728 649 526
728 650 452
728 651 796
728 652 303
728 653 728
728 654 206
728 655 807
728 656 554
728 657 624
728 658 292
728 659 921
728 660 570
728 661 109
728 662 445
728 663 327
728 664 360
728 665 956
728 666 285
728 667 891
728 668 860
728 669 131
728 670 225
728 671 501
728 672 255
728 673 184
728 674 981
728 675 40
728 676 403
728 677 849
728 678 907
728 679 772
728 680 572
728 681 437
728 682 837
728 683 78
728 684 627
728 685 451
728 686 218
728 687 941
728 688 905
728 689 423
728 690 157
728 691 783
728 692 846
728 693 101
728 694 246
728 695 83
728 696 87
728 697 120
728 698 450
728 699 471
728 700 505
728 701 422
728 702 828
728 703 939
728 704 48
728 705 448
728 706 741
728 707 507
728 708 471
728 709 9
728 710 74
728 711 565
728 712 956
728 713 313
728 714 45
728 715 245
728 716 729
728 717 892
728 718 352
728 719 493
728 720 260
728 721 393
728 722 880
728 723 529
728 724 319
728 725 308
728 726 753
728 727 746
728 728 688
729 1 257
729 2 206
729 3 857
729 4 192
729 5 354
729 6 537
729 7 890
729 8 214
729 9 82
729 10 377
729 11 194
729 12 45
729 13 534
729 14 29
729 15 261
729 16 332
729 17 914
729 18 466
729 19 548
729 20 330
729 21 326
729 22 813
729 23 87
729 24 904
729 25 620
729 26 104
729 27 622
729 28 347
729 29 197
729 30 464
729 31 226
729 32 943
729 33 571
729 34 406
729 35 623
729 36 993
729 37 227
729 38 696
729 39 438
729 40 805
729 41 65
729 42 143
729 43 7
729 44 670
729 45 296
729 46 3
729 47 358
729 48 166
729 49 53
729 50 44
729 51 43
729 52 272
729 53 345
729 54 220
729 55 487
729 56 721
729 57 260
729 58 501
729 59 465
729 60 594
729 61 440
729 62 956
729 63 752
729 64 952
729 65 560
729 66 977
729 67 664
729 68 979
729 69 681
729 70 528
729 71 713
729 72 647
729 73 55
729 74 469
729 75 421
729 76 361
729 77 904
729 78 898
729 79 789
729 80 291
729 81 769
729 82 524
729 83 889
729 84 721
729 85 88
729 86 627
729 87 304
729 88 625
729 89 238
729 90 177
729 91 693
729 92 653
729 93 760
729 94 58
729 95 372
729 96 191
729 97 891
729 98 86
729 99 648
729 100 239
729 101 34
729 102 397
729 103 927
729 104 50
729 105 727
729 106 600
729 107 209
729 108 962
729 109 449
729 110 200
729 111 814
729 112 225
729 113 747
729 114 398
729 115 503
729 116 826
729 117 437
729 118 398
729 119 808
729 120 357
729 121 454
729 122 191
729 123 932
729 124 213
729 125 132
729 126 323
729 127 536
729 128 151
729 129 725
729 130 955
729 131 458
729 132 151
729 133 445
729 134 703
729 135 918
729 136 663
729 137 431
729 138 338
729 139 172
729 140 393
729 141 338
729 142 733
729 143 471
729 144 444
729 145 107
729 146 195
729 147 294
729 148 586
729 149 769
729 150 144
729 151 232
729 152 922
729 153 744
729 154 299
729 155 716
729 156 655
729 157 894
729 158 276
729 159 3
729 160 635
729 161 118
729 162 42
729 163 369
729 164 6
729 165 404
729 166 685
729 167 946
729 168 759
729 169 972
729 170 702
729 171 83
729 172 887
729 173 703
729 174 68
729 175 539
729 176 866
729 177 10
729 178 909
729 179 400
729 180 482
729 181 363
729 182 26
729 183 220
729 184 636
729 185 908
729 186 53
729 187 507
729 188 763
729 189 146
729 190 307
729 191 454
729 192 61
729 193 981
729 194 667
729 195 504
729 196 325
729 197 513
729 198 711
729 199 500
729 200 488
729 201 223
729 202 425
729 203 760
729 204 484
729 205 647
729 206 362
729 207 306
729 208 684
729 209 573
729 210 142
729 211 479
729 212 605
729 213 410
729 214 390
729 215 123
729 216 713
729 217 126
729 218 160
729 219 141
729 220 643
729 221 581
729 222 380
729 223 452
729 224 299
729 225 285
729 226 807
729 227 925
729 228 797
729 229 759
729 230 413
729 231 556
729 232 649
729 233 978
729 234 420
729 235 107
729 236 544
729 237 215
729 238 642
729 239 535
729 240 587
729 241 137
729 242 532
729 243 289
729 244 296
729 245 881
729 246 424
729 247 69
729 248 167
729 249 780
729 250 942
729 251 912
729 252 255
729 253 880
729 254 542
729 255 121
729 256 348
729 257 546
729 258 312
729 259 268
729 260 811
729 261 72
729 262 36
729 263 87
729 264 609
729 265 200
729 266 930
729 267 688
729 268 773
729 269 892
729 270 290
729 271 362
729 272 258
729 273 764
729 274 104
729 275 455
729 276 405
729 277 727
729 278 595
729 279 911
729 280 538
729 281 407
729 282 262
729 283 0
729 284 41
729 285 684
729 286 904
729 287 276
729 288 123
729 289 22
729 290 647
729 291 286
729 292 415
729 293 780
729 294 556
729 295 237
729 296 983
729 297 778
729 298 509
729 299 694
729 300 94
729 301 482
729 302 769
729 303 723
729 304 434
729 305 159
729 306 623
729 307 558
729 308 308
729 309 644
729 310 787
729 311 117
729 312 305
729 313 223
729 314 7
729 315 473
729 316 633
729 317 459
729 318 715
729 319 850
729 320 1
729 321 301
729 322 208
729 323 773
729 324 494
729 325 88
729 326 652
729 327 646
729 328 473
729 329 363
729 330 145
729 331 535
729 332 959
729 333 348
729 334 464
729 335 982
729 336 253
729 337 178
729 338 442
729 339 431
729 340 786
729 341 189
729 342 408
729 343 950
729 344 456
729 345 719
729 346 814
729 347 157
729 348 704
729 349 620
729 350 571
729 351 114
729 352 283
729 353 111
729 354 815
729 355 189
729 356 973
729 357 93
729 358 482
729 359 975
729 360 300
729 361 380
729 362 208
729 363 451
729 364 328
729 365 922
729 366 745
729 367 985
729 368 427
729 369 8
729 370 418
729 371 385
729 372 59
729 373 541
729 374 971
729 375 652
729 376 378
729 377 647
729 378 455
729 379 254
729 380 86
729 381 363
729 382 652
729 383 305
729 384 432
729 385 605
729 386 145
729 387 948
729 388 758
729 389 426
729 390 563
729 391 306
729 392 430
729 393 135
729 394 74
729 395 719
729 396 79
729 397 403
729 398 21
729 399 615
729 400 135
729 401 881
729 402 47
729 403 679
729 404 429
729 405 381
729 406 298
729 407 188
729 408 772
729 409 242
729 410 248
729 411 520
729 412 323
729 413 228
729 414 823
729 415 128
729 416 968
729 417 150
729 418 919
729 419 385
729 420 160
729 421 315
729 422 594
729 423 546
729 424 105
729 425 82
729 426 607
729 427 188
729 428 334
729 429 651
729 430 566
729 431 981
729 432 899
729 433 959
729 434 303
729 435 299
729 436 983
729 437 484
729 438 343
729 439 370
729 440 213
729 441 989
729 442 28
729 443 133
729 444 264
729 445 982
729 446 724
729 447 352
729 448 488
729 449 115
729 450 464
729 451 191
729 452 145
729 453 879
729 454 238
729 455 619
729 456 955
729 457 25
729 458 706
729 459 377
729 460 300
729 461 7
729 462 765
729 463 126
729 464 922
729 465 960
729 466 749
729 467 689
729 468 674
729 469 209
729 470 3
729 471 212
729 472 146
729 473 914
729 474 610
729 475 72
729 476 374
729 477 838
729 478 236
729 479 997
729 480 850
729 481 10
729 482 182
729 483 356
729 484 353
729 485 30
729 486 708
729 487 367
729 488 124
729 489 72
729 490 360
729 491 80
729 492 258
729 493 739
729 494 332
729 495 985
729 496 884
729 497 941
729 498 508
729 499 30
729 500 427
729 501 702
729 502 441
729 503 457
729 504 810
729 505 31
729 506 977
729 507 751
729 508 159
729 509 792
729 510 425
729 511 101
729 512 64
729 513 425
729 514 107
729 515 958
729 516 86
729 517 945
729 518 432
729 519 579
729 520 913
729 521 436
729 522 149
729 523 116
729 524 968
729 525 312
729 526 519
729 527 430
729 528 536
729 529 715
729 530 514
729 531 798
729 532 642
729 533 910
729 534 905
729 535 839
729 536 794
729 537 95
729 538 235
729 539 221
729 540 896
729 541 585
729 542 582
729 543 682
729 544 532
729 545 967
729 546 27
729 547 922
729 548 261
729 549 497
729 550 40
729 551 956
729 552 923
729 553 45
729 554 979
729 555 77
729 556 647
729 557 808
729 558 365
729 559 466
729 560 195
729 561 774
729 562 380
729 563 455
729 564 401
729 565 800
729 566 39
729 567 193
729 568 804
729 569 881
729 570 531
729 571 124
729 572 829
729 573 697
729 574 980
729 575 893
729 576 763
729 577 938
729 578 300
729 579 818
729 580 396
729 581 933
729 582 981
729 583 130
729 584 869
729 585 807
729 586 303
729 587 636
729 588 730
729 589 698
729 590 992
729 591 127
729 592 666
729 593 345
729 594 956
729 595 647
729 596 629
729 597 478
729 598 717
729 599 624
729 600 61
729 601 902
729 602 113
729 603 502
729 604 796
729 605 795
729 606 802
729 607 392
729 608 199
729 609 354
729 610 664
729 611 562
729 612 716
729 613 107
729 614 331
729 615 645
729 616 135
729 617 632
729 618 612
729 619 33
729 620 20
729 621 155
729 622 796
729 623 482
729 624 103
729 625 48
729 626 469
729 627 395
729 628 477
729 629 626
729 630 36
729 631 421
729 632 361
729 633 829
729 634 155
729 635 715
729 636 689
729 637 83
729 638 734
729 639 616
729 640 884
729 641 911
729 642 503
729 643 144
729 644 427
729 645 492
729 646 36
729 647 964
729 648 56
729 649 342
729 650 849
729 651 746
729 652 293
729 653 244
729 654 130
729 655 957
729 656 656
729 657 167
729 658 63
729 659 392
729 660 829
729 661 393
729 662 417
729 663 791
729 664 310
729 665 844
729 666 965
729 667 268
729 668 880
729 669 505
729 670 67
729 671 340
729 672 260
729 673 583
729 674 519
729 675 309
729 676 186
729 677 758
729 678 0
729 679 906
729 680 672
729 681 20
729 682 817
729 683 885
729 684 871
729 685 239
729 686 600
729 687 622
729 688 397
729 689 995
729 690 810
729 691 865
729 692 493
729 693 995
729 694 845
729 695 427
729 696 612
729 697 922
729 698 548
729 699 296
729 700 211
729 701 772
729 702 927
729 703 436
729 704 764
729 705 78
729 706 614
729 707 776
729 708 530
729 709 824
729 710 813
729 711 694
729 712 92
729 713 587
729 714 34
729 715 514
729 716 542
729 717 922
729 718 391
729 719 517
729 720 380
729 721 991
729 722 471
729 723 671
729 724 889
729 725 152
729 726 819
729 727 164
729 728 882
729 729 338
728 729 459
727 728 864
726 727 777
725 726 15
724 725 307
723 724 41
722 723 133
721 722 230
720 721 67
719 720 40
718 719 937
717 718 889
716 717 528
715 716 86
714 715 819
713 714 67
712 713 481
711 712 826
710 711 723
709 710 735
708 709 301
707 708 596
706 707 388
705 706 862
704 705 159
703 704 802
702 703 617
701 702 263
700 701 895
699 700 151
698 699 537
697 698 36
696 697 329
695 696 837
694 695 325
693 694 920
692 693 764
691 692 985
690 691 722
689 690 348
688 689 9
687 688 224
686 687 953
685 686 624
684 685 555
683 684 206
682 683 895
681 682 686
680 681 650
679 680 510
678 679 510
677 678 853
676 677 330
675 676 909
674 675 939
673 674 695
672 673 507
671 672 533
670 671 898
669 670 433
668 669 696
667 668 653
666 667 415
665 666 577
664 665 151
663 664 499
662 663 610
661 662 107
660 661 154
659 660 846
658 659 559
657 658 370
656 657 387
655 656 469
654 655 202
653 654 107
652 653 149
651 652 638
650 651 221
649 650 816
648 649 970
647 648 43
646 647 656
645 646 212
644 645 262
643 644 407
642 643 509
641 642 121
640 641 206
639 640 693
638 639 770
637 638 462
636 637 538
635 636 924
634 635 28
633 634 718
632 633 873
631 632 884
630 631 841
629 630 65
628 629 117
627 628 367
626 627 196
625 626 441
624 625 170
623 624 795
622 623 599
621 622 267
620 621 225
619 620 377
618 619 85
617 618 433
616 617 222
615 616 695
614 615 731
613 614 598
612 613 807
611 612 500
610 611 942
609 610 459
608 609 296
607 608 531
606 607 569
605 606 403
604 605 100
603 604 8
602 603 394
601 602 62
600 601 226
599 600 767
598 599 202
597 598 86
596 597 827
595 596 67
594 595 89
593 594 654
592 593 997
591 592 825
590 591 384
589 590 578
588 589 641
587 588 170
586 587 941
585 586 159
584 585 915
583 584 703
582 583 752
581 582 343
580 581 309
579 580 38
578 579 436
577 578 509
576 577 716
575 576 118
574 575 490
573 574 127
572 573 351
571 572 831
570 571 999
569 570 817
568 569 861
567 568 345
566 567 485
565 566 492
564 565 930
563 564 574
562 563 101
561 562 111
560 561 424
559 560 306
558 559 336
557 558 855
556 557 412
555 556 309
554 555 72
553 554 746
552 553 535
551 552 877
550 551 183
549 550 315
548 549 49
547 548 956
546 547 245
545 546 748
544 545 489
543 544 117
542 543 300
541 542 132
540 541 561
539 540 404
538 539 369
537 538 296
536 537 597
535 536 153
534 535 167
533 534 276
532 533 42
531 532 36
530 531 635
529 530 798
528 529 346
527 528 95
526 527 735
525 526 376
524 525 808
523 524 345
522 523 341
521 522 277
520 521 154
519 520 141
518 519 9
517 518 298
516 517 601
515 516 384
514 515 212
513 514 182
512 513 550
511 512 892
510 511 381
509 510 445
508 509 655
507 508 469
506 507 924
505 506 659
504 505 729
503 504 506
502 503 671
501 502 622
500 501 718
499 500 984
498 499 767
497 498 866
496 497 43
495 496 869
494 495 931
493 494 581
492 493 960
491 492 375
490 491 969
489 490 322
488 489 571
487 488 265
486 487 697
485 486 210
484 485 41
483 484 43
482 483 19
481 482 871
480 481 285
479 480 158
478 479 892
477 478 117
476 477 355
475 476 660
474 475 666
473 474 836
472 473 533
471 472 669
470 471 136
469 470 262
468 469 882
467 468 118
466 467 811
465 466 819
464 465 463
463 464 935
462 463 281
461 462 22
460 461 83
459 460 642
458 459 406
457 458 944
456 457 874
455 456 487
454 455 102
453 454 186
452 453 705
451 452 286
450 451 309
449 450 894
448 449 203
447 448 664
446 447 622
445 446 121
444 445 195
443 444 100
442 443 626
441 442 541
440 441 691
439 440 842
438 439 2
437 438 772
436 437 734
435 436 14
434 435 218
433 434 3
432 433 323
431 432 427
430 431 694
429 430 972
428 429 411
427 428 15
426 427 133
425 426 742
424 425 857
423 424 85
422 423 648
421 422 986
420 421 561
419 420 192
418 419 425
417 418 831
416 417 997
415 416 896
414 415 842
413 414 828
412 413 51
411 412 478
410 411 857
409 410 319
408 409 333
407 408 506
406 407 39
405 406 905
404 405 0
403 404 773
402 403 618
401 402 574
400 401 929
399 400 498
398 399 906
397 398 540
396 397 457
395 396 161
394 395 718
393 394 265
392 393 65
391 392 456
390 391 169
389 390 47
388 389 726
387 388 678
386 387 790
385 386 428
384 385 581
383 384 718
382 383 892
381 382 411
380 381 32
379 380 424
378 379 895
377 378 581
376 377 689
375 376 896
374 375 727
373 374 387
372 373 458
371 372 652
370 371 228
369 370 245
368 369 163
367 368 342
366 367 715
365 366 196
364 365 608
363 364 1
362 363 82
361 362 666
360 361 848
359 360 424
358 359 766
357 358 397
356 357 317
355 356 732
354 355 135
353 354 635
352 353 874
351 352 648
350 351 913
349 350 969
348 349 604
347 348 367
346 347 689
345 346 294
344 345 624
343 344 360
342 343 493
341 342 976
340 341 780
339 340 245
338 339 138
337 338 287
336 337 557
335 336 46
334 335 756
333 334 343
332 333 80
331 332 759
330 331 468
329 330 12
328 329 707
327 328 574
326 327 157
325 326 256
324 325 673
323 324 857
322 323 397
321 322 365
320 321 664
319 320 318
318 319 939
317 318 520
316 317 895
315 316 582
314 315 921
313 314 419
312 313 697
311 312 482
310 311 13
309 310 179
308 309 681
307 308 452
306 307 943
305 306 611
304 305 120
303 304 256
302 303 542
301 302 350
300 301 165
299 300 865
298 299 162
297 298 692
296 297 807
295 296 59
294 295 785
293 294 989
292 293 208
291 292 688
290 291 714
289 290 173
288 289 583
287 288 940
286 287 923
285 286 858
284 285 481
283 284 749
282 283 926
281 282 367
280 281 266
279 280 204
278 279 400
277 278 716
276 277 103
275 276 610
274 275 40
273 274 478
272 273 515
271 272 62
270 271 184
269 270 446
268 269 358
267 268 308
266 267 662
265 266 73
264 265 226
263 264 71
262 263 266
261 262 855
260 261 103
259 260 635
258 259 435
257 258 557
256 257 23
255 256 695
254 255 959
253 254 62
252 253 819
251 252 744
250 251 215
249 250 490
248 249 126
247 248 735
246 247 189
245 246 993
244 245 984
243 244 199
242 243 22
241 242 620
240 241 37
239 240 118
238 239 853
237 238 379
236 237 93
235 236 400
234 235 122
233 234 589
232 233 850
231 232 620
230 231 193
229 230 650
228 229 127
227 228 27
226 227 75
225 226 696
224 225 616
223 224 547
222 223 958
221 222 931
220 221 649
219 220 587
218 219 836
217 218 46
216 217 224
215 216 714
214 215 875
213 214 149
212 213 801
211 212 103
210 211 63
209 210 835
208 209 436
207 208 340
206 207 174
205 206 813
204 205 380
203 204 225
202 203 722
201 202 119
200 201 277
199 200 749
198 199 16
197 198 248
196 197 194
195 196 865
194 195 343
193 194 645
192 193 601
191 192 498
190 191 118
189 190 627
188 189 332
187 188 84
186 187 365
185 186 812
184 185 938
183 184 717
182 183 656
181 182 676
180 181 504
179 180 461
178 179 281
177 178 593
176 177 429
175 176 972
174 175 845
173 174 603
172 173 695
171 172 916
170 171 220
169 170 869
168 169 241
167 168 831
166 167 534
165 166 282
164 165 537
163 164 722
162 163 857
161 162 400
160 161 699
159 160 553
158 159 849
157 158 945
156 157 716
155 156 919
154 155 82
153 154 862
152 153 39
151 152 945
150 151 153
149 150 897
148 149 133
147 148 775
146 147 695
145 146 91
144 145 70
143 144 487
142 143 266
141 142 672
140 141 627
139 140 33
138 139 191
137 138 841
136 137 193
135 136 188
134 135 297
133 134 247
132 133 589
131 132 324
130 131 394
129 130 817
128 129 610
127 128 93
126 127 455
125 126 294
124 125 601
123 124 560
122 123 617
121 122 818
120 121 986
119 120 208
118 119 553
117 118 944
116 117 834
115 116 340
114 115 560
113 114 127
112 113 723
111 112 298
110 111 564
109 110 308
108 109 111
107 108 501
106 107 955
105 106 520
104 105 896
103 104 327
102 103 82
101 102 93
100 101 458
99 100 556
98 99 822
97 98 145
96 97 990
95 96 822
94 95 244
93 94 227
92 93 581
91 92 939
90 91 195
89 90 64
88 89 891
87 88 720
86 87 333
85 86 747
84 85 249
83 84 341
82 83 888
81 82 847
80 81 505
79 80 626
78 79 1
77 78 640
76 77 684
75 76 803
74 75 844
73 74 727
72 73 408
71 72 860
70 71 736
69 70 95
68 69 14
67 68 937
66 67 561
65 66 940
64 65 824
63 64 63
62 63 266
61 62 533
60 61 886
59 60 453
58 59 488
57 58 565
56 57 989
55 56 209
54 55 934
53 54 655
52 53 625
51 52 323
50 51 444
49 50 362
48 49 103
47 48 573
46 47 483
45 46 338
44 45 700
43 44 870
42 43 920
41 42 75
40 41 747
39 40 101
38 39 317
37 38 150
36 37 923
35 36 616
34 35 829
33 34 722
32 33 545
31 32 931
30 31 256
29 30 818
28 29 633
27 28 97
26 27 773
25 26 143
24 25 288
23 24 142
22 23 516
21 22 223
20 21 929
19 20 913
18 19 597
17 18 366
16 17 488
15 16 991
14 15 310
13 14 849
12 13 802
11 12 940
10 11 414
9 10 497
8 9 523
7 8 988
6 7 265
5 6 41
4 5 430
3 4 911
2 3 776
1 2 394
0 1 864