170 125 858
170 126 806
170 127 760
170 128 172
170 129 917
170 130 825
170 131 979
170 132 22
170 133 968
170 134 252
170 135 180
170 136 840
170 137 848
170 138 860
170 139 243
170 140 337
170 141 81
170 142 151
170 143 716
170 144 750
170 145 860
170 146 526
170 147 677
170 148 889
170 149 636
170 150 141
170 151 512
170 152 3
170 153 175
170 154 399
170 155 976
170 156 418
170 157 125
170 158 943
170 159 578
170 160 42
170 161 777
170 162 473
170 163 721
170 164 703
170 165 753
170 166 823
170 167 544
170 168 546
170 169 270
170 170 912
171 1 419
171 2 9
171 3 391
171 4 418
171 5 765
171 6 804
171 7 745
171 8 336
171 9 664
171 10 181
171 11 319
171 12 366
171 13 145
171 14 445
171 15 459
171 16 221
171 17 944
171 18 913
171 19 139
171 20 432
171 21 679
171 22 995
171 23 353
171 24 63
171 25 840
171 26 68
171 27 334
171 28 669
171 29 968
171 30 231
171 31 12
171 32 46
171 33 247
171 34 25
171 35 62
171 36 642
171 37 502
171 38 22
171 39 361
171 40 154
171 41 645
171 42 749
171 43 59
171 44 552
171 45 587
171 46 364
171 47 17
171 48 312
171 49 166
171 50 687
171 51 352
171 52 266
171 53 231
171 54 673
171 55 675
171 56 743
171 57 684
171 58 451
171 59 883
171 60 351
171 61 255
171 62 984
171 63 765
171 64 743
171 65 322
171 66 39
171 67 213
171 68 60
171 69 966
171 70 393
171 71 298
171 72 804
171 73 324
171 74 841
171 75 195
171 76 720
171 77 411
171 78 618
171 79 140
171 80 265
171 81 80
171 82 868
171 83 721
171 84 321
171 85 559
171 86 492
171 87 755
171 88 976
171 89 828
171 90 506
171 91 900
171 92 676
171 93 166
171 94 668
171 95 568
171 96 225
171 97 981
171 98 12
171 99 316
171 100 466
171 101 500
171 102 367
171 103 610
171 104 539
171 105 26
171 106 853
171 107 630
171 108 110
171 109 939
171 110 922
171 111 510
171 112 644
171 113 135
171 114 605
171 115 623
171 116 361
171 117 393
171 118 778
171 119 239
171 120 835
171 121 135
171 122 750
171 123 240
171 124 218
171 125 992
171 126 712
171 127 785
171 128 583
171 129 508
171 130 793
171 131 937
171 132 800
171 133 211
171 134 783
171 135 138
171 136 78
171 137 522
171 138 181
171 139 999
171 140 158
171 141 405
171 142 897
171 143 132
171 144 831
171 145 25
171 146 650
171 147 599
171 148 375
171 149 335
171 150 516
171 151 566
171 152 15
171 153 829
171 154 140
171 155 175
171 156 596
171 157 293
171 158 491
171 159 643
171 160 382
171 161 239
171 162 335
171 163 690
171 164 314
171 165 530
171 166 66
171 167 245
171 168 923
171 169 851
171 170 757
171 171 226
172 1 288
172 2 676
172 3 559
172 4 720
172 5 733
172 6 691
172 7 235
172 8 367
172 9 578
172 10 754
172 11 994
172 12 121
172 13 279
172 14 660
172 15 393
172 16 124
172 17 50
172 18 879
172 19 438
172 20 527
172 21 548
172 22 759
172 23 6
172 24 675
172 25 753
172 26 900
172 27 291
172 28 223
172 29 254
172 30 424
172 31 750
172 32 176
172 33 101
172 34 728
172 35 802
172 36 629
172 37 121
172 38 16
172 39 237
172 40 279
172 41 267
172 42 649
172 43 549
172 44 473
172 45 619
172 46 526
172 47 452
172 48 796
172 49 303
172 50 728
172 51 206
172 52 807
172 53 554
172 54 624
172 55 292
172 56 921
172 57 570
172 58 109
172 59 445
172 60 327
172 61 360
172 62 956
172 63 285
172 64 891
172 65 860
172 66 131
172 67 225
172 68 501
172 69 255
172 70 184
172 71 981
172 72 40
172 73 403
172 74 849
172 75 907
172 76 772
172 77 572
172 78 437
172 79 837
172 80 78
172 81 627
172 82 451
172 83 218
172 84 941
172 85 905
172 86 423
172 87 157
172 88 783
172 89 846
172 90 101
172 91 246
172 92 83
172 93 87
172 94 120
172 95 450
172 96 471
172 97 505
172 98 422
172 99 828
172 100 939
172 101 48
172 102 448
172 103 741
172 104 507
172 105 471
172 106 9
172 107 74
172 108 565
172 109 956
172 110 313
172 111 45
172 112 245
172 113 729
172 114 892
172 115 352
172 116 493
172 117 260
172 118 393
172 119 880
172 120 529
172 121 319
172 122 308
172 123 753
172 124 746
172 125 688
172 126 257
172 127 206
172 128 857
172 129 192
172 130 354
172 131 537
172 132 890
172 133 214
172 134 82
172 135 377
172 136 194
172 137 45
172 138 534
172 139 29
172 140 261
172 141 332
172 142 914
172 143 466
172 144 548
172 145 330
172 146 326
172 147 813
172 148 87
172 149 904
172 150 620
172 151 104
172 152 622
172 153 347
172 154 197
172 155 464
172 156 226
172 157 943
172 158 571
172 159 406
172 160 623
172 161 993
172 162 227
172 163 696
172 164 438
172 165 805
172 166 65
172 167 143
172 168 7
172 169 670
172 170 296
172 171 3
172 172 358
173 1 166
173 2 53
173 3 44
173 4 43
173 5 272
173 6 345
173 7 220
173 8 487
173 9 721
173 10 260
173 11 501
173 12 465
173 13 594
173 14 440
173 15 956
173 16 752
173 17 952
173 18 560
173 19 977
173 20 664
173 21 979
173 22 681
173 23 528
173 24 713
173 25 647
173 26 55
173 27 469
173 28 421
173 29 361
173 30 904
173 31 898
173 32 789
173 33 291
173 34 769
173 35 524
173 36 889
173 37 721
173 38 88
173 39 627
173 40 304
173 41 625
173 42 238
173 43 177
173 44 693
173 45 653
173 46 760
173 47 58
173 48 372
173 49 191
173 50 891
173 51 86
173 52 648
173 53 239
173 54 34
173 55 397
173 56 927
173 57 50
173 58 727
173 59 600
173 60 209
173 61 962
173 62 449
173 63 200
173 64 814
173 65 225
173 66 747
173 67 398
173 68 503
173 69 826
173 70 437
173 71 398
173 72 808
173 73 357
173 74 454
173 75 191
173 76 932
173 77 213
173 78 132
173 79 323
173 80 536
173 81 151
173 82 725
173 83 955
173 84 458
173 85 151
173 86 445
173 87 703
173 88 918
173 89 663
173 90 431
173 91 338
173 92 172
173 93 393
173 94 338
173 95 733
173 96 471
173 97 444
173 98 107
173 99 195
173 100 294
173 101 586
173 102 769
173 103 144
173 104 232
173 105 922
173 106 744
173 107 299
173 108 716
173 109 655
173 110 894
173 111 276
173 112 3
173 113 635
173 114 118
173 115 42
173 116 369
173 117 6
173 118 404
173 119 685
173 120 946
173 121 759
173 122 972
173 123 702
173 124 83
173 125 887
173 126 703
173 127 68
173 128 539
173 129 866
173 130 10
173 131 909
173 132 400
173 133 482
173 134 363
173 135 26
173 136 220
173 137 636
173 138 908
173 139 53
173 140 507
173 141 763
173 142 146
173 143 307
173 144 454
173 145 61
173 146 981
173 147 667
173 148 504
173 149 325
173 150 513
173 151 711
173 152 500
173 153 488
173 154 223
173 155 425
173 156 760
173 157 484
173 158 647
173 159 362
173 160 306
173 161 684
173 162 573
173 163 142
173 164 479
173 165 605
173 166 410
173 167 390
173 168 123
173 169 713
173 170 126
173 171 160
173 172 141
173 173 643
174 1 581
174 2 380
174 3 452
174 4 299
174 5 285
174 6 807
174 7 925
174 8 797
174 9 759
174 10 413
174 11 556
174 12 649
174 13 978
174 14 420
174 15 107
174 16 544
174 17 215
174 18 642
174 19 535
174 20 587
174 21 137
174 22 532
174 23 289
174 24 296
174 25 881
174 26 424
174 27 69
174 28 167
174 29 780
174 30 942
174 31 912
174 32 255
174 33 880
174 34 542
174 35 121
174 36 348
174 37 546
174 38 312
174 39 268
174 40 811
174 41 72
174 42 36
174 43 87
174 44 609
174 45 200
174 46 930
174 47 688
174 48 773
174 49 892
174 50 290
174 51 362
174 52 258
174 53 764
174 54 104
174 55 455
174 56 405
174 57 727
174 58 595
174 59 911
174 60 538
174 61 407
174 62 262
174 63 0
174 64 41
174 65 684
174 66 904
174 67 276
174 68 123
174 69 22
174 70 647
174 71 286
174 72 415
174 73 780
174 74 556
174 75 237
174 76 983
174 77 778
174 78 509
174 79 694
174 80 94
174 81 482
174 82 769
174 83 723
174 84 434
174 85 159
174 86 623
174 87 558
174 88 308
174 89 644
174 90 787
174 91 117
174 92 305
174 93 223
174 94 7
174 95 473
174 96 633
174 97 459
174 98 715
174 99 850
174 100 1
174 101 301
174 102 208
174 103 773
174 104 494
174 105 88
174 106 652
174 107 646
174 108 473
174 109 363
174 110 145
174 111 535
174 112 959
174 113 348
174 114 464
174 115 982
174 116 253
174 117 178
174 118 442
174 119 431
174 120 786
174 121 189
174 122 408
174 123 950
174 124 456
174 125 719
174 126 814
174 127 157
174 128 704
174 129 620
174 130 571
174 131 114
174 132 283
174 133 111
174 134 815
174 135 189
174 136 973
174 137 93
174 138 482
174 139 975
174 140 300
174 141 380
174 142 208
174 143 451
174 144 328
174 145 922
174 146 745
174 147 985
174 148 427
174 149 8
174 150 418
174 151 385
174 152 59
174 153 541
174 154 971
174 155 652
174 156 378
174 157 647
174 158 455
174 159 254
174 160 86
174 161 363
174 162 652
174 163 305
174 164 432
174 165 605
174 166 145
174 167 948
174 168 758
174 169 426
174 170 563
174 171 306
174 172 430
174 173 135
174 174 74
175 1 719
175 2 79
175 3 403
175 4 21
175 5 615
175 6 135
175 7 881
175 8 47
175 9 679
175 10 429
175 11 381
175 12 298
175 13 188
175 14 772
175 15 242
175 16 248
175 17 520
175 18 323
175 19 228
175 20 823
175 21 128
175 22 968
175 23 150
175 24 919
175 25 385
175 26 160
175 27 315
175 28 594
175 29 546
175 30 105
175 31 82
175 32 607
175 33 188
175 34 334
175 35 651
175 36 566
175 37 981
175 38 899
175 39 959
175 40 303
175 41 299
175 42 983
175 43 484
175 44 343
175 45 370
175 46 213
175 47 989
175 48 28
175 49 133
175 50 264
175 51 982
175 52 724
175 53 352
175 54 488
175 55 115
175 56 464
175 57 191
175 58 145
175 59 879
175 60 238
175 61 619
175 62 955
175 63 25
175 64 706
175 65 377
175 66 300
175 67 7
175 68 765
175 69 126
175 70 922
175 71 960
175 72 749
175 73 689
175 74 674
175 75 209
175 76 3
175 77 212
175 78 146
175 79 914
175 80 610
175 81 72
175 82 374
175 83 838
175 84 236
175 85 997
175 86 850
175 87 10
175 88 182
175 89 356
175 90 353
175 91 30
175 92 708
175 93 367
175 94 124
175 95 72
175 96 360
175 97 80
175 98 258
175 99 739
175 100 332
175 101 985
175 102 884
175 103 941
175 104 508
175 105 30
175 106 427
175 107 702
175 108 441
175 109 457
175 110 810
175 111 31
175 112 977
175 113 751
175 114 159
175 115 792
175 116 425
175 117 101
175 118 64
175 119 425
175 120 107
175 121 958
175 122 86
175 123 945
175 124 432
175 125 579
175 126 913
175 127 436
175 128 149
175 129 116
175 130 968
175 131 312
175 132 519
175 133 430
175 134 536
175 135 715
175 136 514
175 137 798
175 138 642
175 139 910
175 140 905
175 141 839
175 142 794
175 143 95
175 144 235
175 145 221
175 146 896
175 147 585
175 148 582
175 149 682
175 150 532
175 151 967
175 152 27
175 153 922
175 154 261
175 155 497
175 156 40
175 157 956
175 158 923
175 159 45
175 160 979
175 161 77
175 162 647
175 163 808
175 164 365
175 165 466
175 166 195
175 167 774
175 168 380
175 169 455
175 170 401
175 171 800
175 172 39
175 173 193
175 174 804
175 175 881
176 1 531
176 2 124
176 3 829
176 4 697
176 5 980
176 6 893
176 7 763
176 8 938
176 9 300
176 10 818
176 11 396
176 12 933
176 13 981
176 14 130
176 15 869
176 16 807
176 17 303
176 18 636
176 19 730
176 20 698
176 21 992
176 22 127
176 23 666
176 24 345
176 25 956
176 26 647
176 27 629
176 28 478
176 29 717
176 30 624
176 31 61
176 32 902
176 33 113
176 34 502
176 35 796
176 36 795
176 37 802
176 38 392
176 39 199
176 40 354
176 41 664
176 42 562
176 43 716
176 44 107
176 45 331
176 46 645
176 47 135
176 48 632
176 49 612
176 50 33
176 51 20
176 52 155
176 53 796
176 54 482
176 55 103
176 56 48
176 57 469
176 58 395
176 59 477
176 60 626
176 61 36
176 62 421
176 63 361
176 64 829
176 65 155
176 66 715
176 67 689
176 68 83
176 69 734
176 70 616
176 71 884
176 72 911
176 73 503
176 74 144
176 75 427
176 76 492
176 77 36
176 78 964
176 79 56
176 80 342
176 81 849
176 82 746
176 83 293
176 84 244
176 85 130
176 86 957
176 87 656
176 88 167
176 89 63
176 90 392
176 91 829
176 92 393
176 93 417
176 94 791
176 95 310
176 96 844
176 97 965
176 98 268
176 99 880
176 100 505
176 101 67
176 102 340
176 103 260
176 104 583
176 105 519
176 106 309
176 107 186
176 108 758
176 109 0
176 110 906
176 111 672
176 112 20
176 113 817
176 114 885
176 115 871
176 116 239
176 117 600
176 118 622
176 119 397
176 120 995
176 121 810
176 122 865
176 123 493
176 124 995
176 125 845
176 126 427
176 127 612
176 128 922
176 129 548
176 130 296
176 131 211
176 132 772
176 133 927
176 134 436
176 135 764
176 136 78
176 137 614
176 138 776
176 139 530
176 140 824
176 141 813
176 142 694
176 143 92
176 144 587
176 145 34
176 146 514
176 147 542
176 148 922
176 149 391
176 150 517
176 151 380
176 152 991
176 153 471
176 154 671
176 155 889
176 156 152
176 157 819
176 158 164
176 159 882
176 160 338
176 161 459
176 162 864
176 163 777
176 164 15
176 165 307
176 166 41
176 167 133
176 168 230
176 169 67
176 170 40
176 171 937
176 172 889
176 173 528
176 174 86
176 175 819
176 176 67
177 1 481
177 2 826
177 3 723
177 4 735
177 5 301
177 6 596
177 7 388
177 8 862
177 9 159
177 10 802
177 11 617
177 12 263
177 13 895
177 14 151
177 15 537
177 16 36
177 17 329
177 18 837
177 19 325
177 20 920
177 21 764
177 22 985
177 23 722
177 24 348
177 25 9
177 26 224
177 27 953
177 28 624
177 29 555
177 30 206
177 31 895
177 32 686
177 33 650
177 34 510
177 35 510
177 36 853
177 37 330
177 38 909
177 39 939
177 40 695
177 41 507
177 42 533
177 43 898
177 44 433
177 45 696
177 46 653
177 47 415
177 48 577
177 49 151
177 50 499
177 51 610
177 52 107
177 53 154
177 54 846
177 55 559
177 56 370
177 57 387
177 58 469
177 59 202
177 60 107
177 61 149
177 62 638
177 63 221
177 64 816
177 65 970
177 66 43
177 67 656
177 68 212
177 69 262
177 70 407
177 71 509
177 72 121
177 73 206
177 74 693
177 75 770
177 76 462
177 77 538
177 78 924
177 79 28
177 80 718
177 81 873
177 82 884
177 83 841
177 84 65
177 85 117
177 86 367
177 87 196
177 88 441
177 89 170
177 90 795
177 91 599
177 92 267
177 93 225
177 94 377
177 95 85
177 96 433
177 97 222
177 98 695
177 99 731
177 100 598
177 101 807
177 102 500
177 103 942
177 104 459
177 105 296
177 106 531
177 107 569
177 108 403
177 109 100
177 110 8
177 111 394
177 112 62
177 113 226
177 114 767
177 115 202
177 116 86
177 117 827
177 118 67
177 119 89
177 120 654
177 121 997
177 122 825
177 123 384
177 124 578
177 125 641
177 126 170
177 127 941
177 128 159
177 129 915
177 130 703
177 131 752
177 132 343
177 133 309
177 134 38
177 135 436
177 136 509
177 137 716
177 138 118
177 139 490
177 140 127
177 141 351
177 142 831
177 143 999
177 144 817
177 145 861
177 146 345
177 147 485
177 148 492
177 149 930
177 150 574
177 151 101
177 152 111
177 153 424
177 154 306
177 155 336
177 156 855
177 157 412
177 158 309
177 159 72
177 160 746
177 161 535
177 162 877
177 163 183
177 164 315
177 165 49
177 166 956
177 167 245
177 168 748
177 169 489
177 170 117
177 171 300
177 172 132
177 173 561
177 174 404
177 175 369
177 176 296
177 177 597
178 1 153
178 2 167
178 3 276
178 4 42
178 5 36
178 6 635
178 7 798
178 8 346
178 9 95
178 10 735
178 11 376
178 12 808
178 13 345
178 14 341
178 15 277
178 16 154
178 17 141
178 18 9
178 19 298
178 20 601
178 21 384
178 22 212
178 23 182
178 24 550
178 25 892
178 26 381
178 27 445
178 28 655
178 29 469
178 30 924
178 31 659
178 32 729
178 33 506
178 34 671
178 35 622
178 36 718
178 37 984
178 38 767
178 39 866
178 40 43
178 41 869
178 42 931
178 43 581
178 44 960
178 45 375
178 46 969
178 47 322
178 48 571
178 49 265
178 50 697
178 51 210
178 52 41
178 53 43
178 54 19
178 55 871
178 56 285
178 57 158
178 58 892
178 59 117
178 60 355
178 61 660
178 62 666
178 63 836
178 64 533
178 65 669
178 66 136
178 67 262
178 68 882
178 69 118
178 70 811
178 71 819
178 72 463
178 73 935
178 74 281
178 75 22
178 76 83
178 77 642
178 78 406
178 79 944
178 80 874
178 81 487
178 82 102
178 83 186
178 84 705
178 85 286
178 86 309
178 87 894
178 88 203
178 89 664
178 90 622
178 91 121
178 92 195
178 93 100
178 94 626
178 95 541
178 96 691
178 97 842
178 98 2
178 99 772
178 100 734
178 101 14
178 102 218
178 103 3
178 104 323
178 105 427
178 106 694
178 107 972
178 108 411
178 109 15
178 110 133
178 111 742
178 112 857
178 113 85
178 114 648
178 115 986
178 116 561
178 117 192
178 118 425
178 119 831
178 120 997
178 121 896
178 122 842
178 123 828
178 124 51
178 125 478
178 126 857
178 127 319
178 128 333
178 129 506
178 130 39
178 131 905
178 132 0
178 133 773
178 134 618
178 135 574
178 136 929
178 137 498
178 138 906
178 139 540
178 140 457
178 141 161
178 142 718
178 143 265
178 144 65
178 145 456
178 146 169
178 147 47
178 148 726
178 149 678
178 150 790
178 151 428
178 152 581
178 153 718
178 154 892
178 155 411
178 156 32
178 157 424
178 158 895
178 159 581
178 160 689
178 161 896
178 162 727
178 163 387
178 164 458
178 165 652
178 166 228
178 167 245
178 168 163
178 169 342
178 170 715
178 171 196
178 172 608
178 173 1
178 174 82
178 175 666
178 176 848
178 177 424
178 178 766
179 1 397
179 2 317
179 3 732
179 4 135
179 5 635
179 6 874
179 7 648
179 8 913
179 9 969
179 10 604
179 11 367
179 12 689
179 13 294
179 14 624
179 15 360
179 16 493
179 17 976
179 18 780
179 19 245
179 20 138
179 21 287
179 22 557
179 23 46
179 24 756
179 25 343
179 26 80
179 27 759
179 28 468
179 29 12
179 30 707
179 31 574
179 32 157
179 33 256
179 34 673
179 35 857
179 36 397
179 37 365
179 38 664
179 39 318
179 40 939
179 41 520
179 42 895
179 43 582
179 44 921
179 45 419
179 46 697
179 47 482
179 48 13
179 49 179
179 50 681
179 51 452
179 52 943
179 53 611
179 54 120
179 55 256
179 56 542
179 57 350
179 58 165
179 59 865
179 60 162
179 61 692
179 62 807
179 63 59
179 64 785
179 65 989
179 66 208
179 67 688
179 68 714
179 69 173
179 70 583
179 71 940
179 72 923
179 73 858
179 74 481
179 75 749
179 76 926
179 77 367
179 78 266
179 79 204
179 80 400
179 81 716
179 82 103
179 83 610
179 84 40
179 85 478
179 86 515
179 87 62
179 88 184
179 89 446
179 90 358
179 91 308
179 92 662
179 93 73
179 94 226
179 95 71
179 96 266
179 97 855
179 98 103
179 99 635
179 100 435
179 101 557
179 102 23
179 103 695
179 104 959
179 105 62
179 106 819
179 107 744
179 108 215
179 109 490
179 110 126
179 111 735
179 112 189
179 113 993
179 114 984
179 115 199
179 116 22
179 117 620
179 118 37
179 119 118
179 120 853
179 121 379
179 122 93
179 123 400
179 124 122
179 125 589
179 126 850
179 127 620
179 128 193
179 129 650
179 130 127
179 131 27
179 132 75
179 133 696
179 134 616
179 135 547
179 136 958
179 137 931
179 138 649
179 139 587
179 140 836
179 141 46
179 142 224
179 143 714
179 144 875
179 145 149
179 146 801
179 147 103
179 148 63
179 149 835
179 150 436
179 151 340
179 152 174
179 153 813
179 154 380
179 155 225
179 156 722
179 157 119
179 158 277
179 159 749
179 160 16
179 161 248
179 162 194
179 163 865
179 164 343
179 165 645
179 166 601
179 167 498
179 168 118
179 169 627
179 170 332
179 171 84
179 172 365
179 173 812
179 174 938
179 175 717
179 176 656
179 177 676
179 178 504
179 179 461
178 179 281
177 178 593
176 177 429
175 176 972
174 175 845
173 174 603
172 173 695
171 172 916
170 171 220
169 170 869
168 169 241
167 168 831
166 167 534
165 166 282
164 165 537
163 164 722
162 163 857
161 162 400
160 161 699
159 160 553
158 159 849
157 158 945
156 157 716
155 156 919
154 155 82
153 154 862
152 153 39
151 152 945
150 151 153
149 150 897
148 149 133
147 148 775
146 147 695
145 146 91
144 145 70
143 144 487
142 143 266
141 142 672
140 141 627
139 140 33
138 139 191
137 138 841
136 137 193
135 136 188
134 135 297
133 134 247
132 133 589
131 132 324
130 131 394
129 130 817
128 129 610
127 128 93
126 127 455
125 126 294
124 125 601
123 124 560
122 123 617
121 122 818
120 121 986
119 120 208
118 119 553
117 118 944
116 117 834
115 116 340
114 115 560
113 114 127
112 113 723
111 112 298
110 111 564
109 110 308
108 109 111
107 108 501
106 107 955
105 106 520
104 105 896
103 104 327
102 103 82
101 102 93
100 101 458
99 100 556
98 99 822
97 98 145
96 97 990
95 96 822
94 95 244
93 94 227
92 93 581
91 92 939
90 91 195
89 90 64
88 89 891
87 88 720
86 87 333
85 86 747
84 85 249
83 84 341
82 83 888
81 82 847
80 81 505
79 80 626
78 79 1
77 78 640
76 77 684
75 76 803
74 75 844
73 74 727
72 73 408
71 72 860
70 71 736
69 70 95
68 69 14
67 68 937
66 67 561
65 66 940
64 65 824
63 64 63
62 63 266
61 62 533
60 61 886
59 60 453
58 59 488
57 58 565
56 57 989
55 56 209
54 55 934
53 54 655
52 53 625
51 52 323
50 51 444
49 50 362
48 49 103
47 48 573
46 47 483
45 46 338
44 45 700
43 44 870
42 43 920
41 42 75
40 41 747
39 40 101
38 39 317
37 38 150
36 37 923
35 36 616
34 35 829
33 34 722
32 33 545
31 32 931
30 31 256
29 30 818
28 29 633
27 28 97
26 27 773
25 26 143
24 25 288
23 24 142
22 23 516
21 22 223
20 21 929
19 20 913
18 19 597
17 18 366
16 17 488
15 16 991
14 15 310
13 14 849
12 13 802
11 12 940
10 11 414
9 10 497
8 9 523
7 8 988
6 7 265
5 6 41
4 5 430
3 4 911
2 3 776
1 2 394
0 1 864