dijkstra 1005 1009020 1.1787170189999945 0.029523290889355805 6
dijkstra 1030 1059870 1.2285818156666437 0.024592228133708233 6
dijkstra 105 10920 0.006558370999982799 0.0001349740963402307 6
dijkstra 130 16770 0.011560857833273985 0.00031294954543843907 6
dijkstra 155 23870 0.017110287333366614 0.000153642811869134 6
dijkstra 180 32220 0.02378052366661147 0.0006125832208672224 6
dijkstra 205 41820 0.027806592833371724 0.0005401692661806824 6
dijkstra 230 52670 0.03878715249997337 0.00036789951312327665 6
dijkstra 255 64770 0.04864409200005563 0.0005491175590495996 6
dijkstra 280 78120 0.059606509000028986 0.0006770801683817363 6
dijkstra 305 92720 0.07297775550004341 0.0011042325408708333 6
dijkstra 30 870 0.00044699783328875736 1.7508496765079775e-05 6
dijkstra 330 108570 0.08396405200001784 0.000513151199314412 6
dijkstra 355 125670 0.10283157466669006 0.002496578718744466 6
dijkstra 380 144020 0.11919298349998068 0.0007213086213885298 6
dijkstra 405 163620 0.13733479966663253 0.0006169341833627571 6
dijkstra 430 184470 0.14874096450000707 0.002481881259448471 6
dijkstra 455 206570 0.1696941308332877 0.0008340842490475952 6
dijkstra 480 229920 0.19027256233331022 0.0012949152737993597 6
dijkstra 505 254520 0.21781973433337498 0.00940601359283756 6
dijkstra 530 280370 0.24720813057140167 0.011474716393669726 21
dijkstra 555 307470 0.27184108883329827 0.002389369345961417 6
dijkstra 55 2970 0.0016417831666709997 3.996626211344469e-05 6
dijkstra 580 335820 0.3017051078333755 0.0010979522888548315 6
dijkstra 605 365420 0.33299086050002796 0.004224843514802706 6
dijkstra 630 396270 0.37435038709089563 0.016432877298615034 11
dijkstra 655 428370 0.41908939016665653 0.004530114107112799 6
dijkstra 680 461720 0.4603141406666964 0.0035229566294853786 6
dijkstra 705 496320 0.5161296995000081 0.01190738055513311 6
dijkstra 730 532170 0.5523740770000055 0.004604488224434033 6
dijkstra 755 569270 0.5950055899999901 0.0028867115458554183 6
dijkstra 780 607620 0.6624984898332968 0.029340715028666246 6
dijkstra 805 647220 0.696200764833255 0.0016541436554450737 6
dijkstra 80 6320 0.00404206433336185 0.00015967157446986454 6
dijkstra 830 688070 0.7453441006666329 0.00901447861201957 6
dijkstra 855 730170 0.7965083539999872 0.0183726399657891 6
dijkstra 880 773520 0.8509766906666982 0.004409362897932052 6
dijkstra 905 818120 0.9126828788333038 0.021615778244655683 6
dijkstra 930 863970 0.99261068033339 0.005546272472047595 6
dijkstra 955 911070 1.0312411178333605 0.003940921223098939 6
dijkstra 980 959420 1.1257114378333124 0.017126359155066283 6
