dijkstra 1030 10300 0.002799248833374198 5.234037543046549e-05 6
dijkstra 1080 10800 0.0030559887326588897 0.0001660492602741073 101
dijkstra 1130 11300 0.0031622809999589663 6.573625833615048e-05 6
dijkstra 1180 11800 0.003202396833368463 5.705078434496438e-05 6
dijkstra 1230 12300 0.003307862333334318 5.41676998287137e-05 6
dijkstra 1280 12800 0.0036794353332349297 0.0001666851808122629 6
dijkstra 130 1300 0.00034922802969823794 1.7211510932714728e-05 101
dijkstra 1330 13300 0.0038774702500319336 0.0001893878635223573 16
dijkstra 1380 13800 0.003864809166619428 3.980468597609409e-05 6
dijkstra 1430 14300 0.004139318499975768 0.00014858787866842336 6
dijkstra 1480 14800 0.004130731499988845 0.0001046503749136738 6
dijkstra 1530 15300 0.004363977454576426 0.00018923755811495172 11
dijkstra 1580 15800 0.004328728500051208 0.00013466706015963806 6
dijkstra 1630 16300 0.004461973499966613 8.592438669703004e-05 6
dijkstra 1680 16800 0.004614231187474616 0.00022537260169962805 16
dijkstra 1730 17300 0.0049913820000332025 8.445360490256363e-05 6
dijkstra 1780 17800 0.005297914818191368 0.00019797570557720216 11
dijkstra 180 1800 0.0005294518514909952 2.3370968244650437e-05 101
dijkstra 1830 18300 0.005019565476166983 0.00023459928800745298 21
dijkstra 1880 18800 0.005458757499998986 5.016031215394887e-05 6
dijkstra 1930 19300 0.005274183000058959 0.00010538068824198682 6
dijkstra 1980 19800 0.005547724944443012 0.0002672357614793357 36
dijkstra 2030 20300 0.005604085333326718 0.00010914612535540073 6
dijkstra 2080 20800 0.005808234909099238 0.000246582060477481 11
dijkstra 2130 21300 0.00603364827268458 0.000263855948061799 11
dijkstra 2180 21800 0.006585355146326703 0.0003279778106599057 41
dijkstra 2230 22300 0.006844646702971334 0.0010057889901188889 101
dijkstra 2280 22800 0.006673448833339535 0.00010323196489548066 6
dijkstra 230 2300 0.0006161213636088095 3.031151515115129e-05 11
dijkstra 2330 23300 0.006683178499997666 0.00015439358392408504 6
dijkstra 2380 23800 0.006689955499950884 9.677648050086796e-05 6
dijkstra 2430 24300 0.006909895166700153 0.0001517387887128611 6
dijkstra 2480 24800 0.007356415000003835 5.651312478711432e-05 6
dijkstra 2530 25300 0.007596831833363164 0.0002529639874649974 6
dijkstra 2580 25800 0.007082055333322994 0.00012664574298370873 6
dijkstra 2630 26300 0.007330147999937253 0.00022553109764875625 6
dijkstra 2680 26800 0.00768528183334638 9.275169073890892e-05 6
dijkstra 2730 27300 0.007831734118808257 0.0004946874144202963 101
dijkstra 2780 27800 0.007993765999951089 0.00037144689839775186 6
dijkstra 280 2800 0.0008033305643633381 0.00020916725137485134 101
dijkstra 2830 28300 0.008489924166610763 8.595556337649721e-05 6
dijkstra 2880 28800 0.008477060333348163 0.0002665286889147145 6
dijkstra 2930 29300 0.00817702133330537 0.0001815639301102897 6
dijkstra 2980 29800 0.008586448666619617 0.0001232823586414954 6
dijkstra 3030 30300 0.008746950500077825 0.00016226555876877813 6
dijkstra 30 300 8.139983337211258e-05 1.9185199627317913e-06 6
dijkstra 330 3300 0.0008787446666550144 3.599500316199758e-05 6
dijkstra 380 3800 0.001367201499950473 6.259143370888959e-05 6
dijkstra 430 4300 0.0012180296666504848 4.211880313113144e-05 6
dijkstra 480 4800 0.001295967166659769 5.030826527094791e-05 6
dijkstra 530 5300 0.0014382398333433837 3.428913467365508e-05 6
dijkstra 580 5800 0.0016582928181957288 6.663685045101322e-05 11
dijkstra 630 6300 0.0017332536666951153 6.645698355306915e-05 6
dijkstra 680 6800 0.001847596333277579 4.325901000328343e-05 6
dijkstra 730 7300 0.0020285043333387875 6.926341582244815e-05 6
dijkstra 780 7800 0.0022185426732678456 0.0001557930874752072 101
dijkstra 80 800 0.00020949283339177782 7.988261119854814e-06 6
dijkstra 830 8300 0.002430084833311715 9.743527122146832e-05 6
dijkstra 880 8800 0.0024864738333387018 9.094718327607374e-05 6
dijkstra 930 9300 0.0026018124999609427 0.00011590933314871816 6
dijkstra 980 9800 0.0028388389999539263 5.6918930531362155e-05 6
