ford-bellman 1030 10300 0.016196299333387287 0.00017591382578333305 6
ford-bellman 1080 10800 0.01701221850210762 0.0003291033744282849 6
ford-bellman 1130 11300 0.01641462600067219 0.0001131330825273863 6
ford-bellman 1180 11800 0.02034588300133085 0.0001564320447351561 6
ford-bellman 1230 12300 0.020934617499733577 0.00023735020321590642 6
ford-bellman 1280 12800 0.02077895433224815 0.0007407964091635599 6
ford-bellman 130 1300 0.0016601313631822863 7.859163921632461e-05 11
ford-bellman 1330 13300 0.02059569483268812 0.00016782171478499656 6
ford-bellman 1380 13800 0.023577795999396283 0.000437063177378794 6
ford-bellman 1430 14300 0.020096636663462657 0.00029518916946707233 6
ford-bellman 1480 14800 0.025430523665515164 0.0009872661638575045 6
ford-bellman 1530 15300 0.029089252163733665 0.00021208676217203572 6
ford-bellman 1580 15800 0.03320200966481934 0.0006862841227373685 6
ford-bellman 1630 16300 0.031428985167925326 0.0005057226020794357 6
ford-bellman 1680 16800 0.026335018190106245 0.0012009740939710365 21
ford-bellman 1730 17300 0.0337116633321178 0.00042524771341197345 6
ford-bellman 1780 17800 0.03305333283424261 0.00038275853180310207 6
ford-bellman 180 1800 0.002126713500426073 8.11869426866294e-05 6
ford-bellman 1830 18300 0.031523541001661215 0.00036806123344006273 6
ford-bellman 1880 18800 0.03619125216573593 7.540890002558033e-05 6
ford-bellman 1930 19300 0.03435851649919641 0.0007881802634419247 6
ford-bellman 1980 19800 0.034498757000013335 0.0003276964209013726 6
ford-bellman 2030 20300 0.034711863002788355 0.00042965095527593307 6
ford-bellman 2080 20800 0.03552948099968489 0.0005222293324606068 6
ford-bellman 2130 21300 0.039748842834039046 0.0006594788246380824 6
ford-bellman 2180 21800 0.03717299416772827 0.0006704159529447282 6
ford-bellman 2230 22300 0.039597919498191914 0.0007820642361795264 6
ford-bellman 2280 22800 0.04361904533288907 0.00031888205249075836 6
ford-bellman 230 2300 0.0039436834983159015 1.9004472746777878e-05 6
ford-bellman 2330 23300 0.039077097001912385 0.0005140574548018543 6
ford-bellman 2380 23800 0.04610505199889303 0.0003546813979933741 6
ford-bellman 2430 24300 0.04717928816899075 0.0006790689286820587 6
ford-bellman 2480 24800 0.06038473650066104 0.0003672144861606623 6
ford-bellman 2530 25300 0.04476210100013608 0.0005135478117924158 6
ford-bellman 2580 25800 0.05626627366776423 0.0016088591975424952 6
ford-bellman 2630 26300 0.05136275899955459 0.00028709952927442244 6
ford-bellman 2680 26800 0.04845372566584653 0.00022396107111595027 6
ford-bellman 2730 27300 0.0525557581653023 0.0004314524054615748 6
ford-bellman 2780 27800 0.059582523166075894 0.0028632397832678677 6
ford-bellman 280 2800 0.0035905751671331623 0.000157472737772846 6
ford-bellman 2830 28300 0.05365021166653605 0.0006190090565338872 6
ford-bellman 2880 28800 0.051939850667016195 0.0007305054471651087 6
ford-bellman 2930 29300 0.04546666399861957 0.00041867796135172116 6
ford-bellman 2980 29800 0.0567310646668678 0.0004274488636272819 6
ford-bellman 3030 30300 0.060996446167943454 0.0004603691421536241 6
ford-bellman 30 300 0.00035171416796705063 1.699305951314059e-05 6
ford-bellman 330 3300 0.004491926001113218 4.365052558689469e-05 6
ford-bellman 380 3800 0.004649573667848017 0.00012492795549400298 6
ford-bellman 430 4300 0.0064299898319101585 0.00013542442522284065 6
ford-bellman 480 4800 0.007498990832876491 0.0001236094546016177 6
ford-bellman 530 5300 0.008215730666658297 6.882046410719513e-05 6
ford-bellman 580 5800 0.0074956008344694664 7.41644350138439e-05 6
ford-bellman 630 6300 0.010314279668818926 7.860933741472483e-05 6
ford-bellman 680 6800 0.011019308544539197 0.0006751465351063011 101
ford-bellman 730 7300 0.011179296664825719 0.00013195254944461157 6
ford-bellman 780 7800 0.013114379501833659 0.00015277522079146328 6
ford-bellman 80 800 0.0008555729797116877 4.628278551457346e-05 101
ford-bellman 830 8300 0.011999168000329519 0.00010847845086738867 6
ford-bellman 880 8800 0.015125038832290253 9.716800104798226e-05 6
ford-bellman 930 9300 0.0159222793323958 0.00017915657675886978 6
ford-bellman 980 9800 0.015588991668967841 0.00014148526589610058 6
