levit 1030 10300 0.009461343835331112 0.0001277188050992274 6
levit 1080 10800 0.01139590499951737 0.00018496210494676723 6
levit 1130 11300 0.01029000433239465 0.00012307591337831945 6
levit 1180 11800 0.011944247498225499 0.0002028778003353478 6
levit 1230 12300 0.012861288167187013 0.00043664345093110524 6
levit 1280 12800 0.0116655270018479 8.909545388662186e-05 6
levit 130 1300 0.0009446508326315476 2.4351483123410375e-05 6
levit 1330 13300 0.01298051216872409 0.000520131196970169 6
levit 1380 13800 0.01359513083298225 0.00011343997856649395 6
levit 1430 14300 0.01336644749972038 0.00032760651272760027 6
levit 1480 14800 0.014194128498881279 0.00011716770458095295 6
levit 1530 15300 0.01608004183193164 0.00019112969855725453 6
levit 1580 15800 0.015576436834332222 0.0001851948275174626 6
levit 1630 16300 0.015729573666855384 0.00036783274083186635 6
levit 1680 16800 0.017082437002197064 0.0003460421033966671 6
levit 1730 17300 0.019421019166960225 0.0003038725330876906 6
levit 1780 17800 0.019154741331779707 0.00022041235696398115 6
levit 180 1800 0.001331849059503235 8.33037055134475e-05 101
levit 1830 18300 0.018082538668143872 0.00036398772187775605 6
levit 1880 18800 0.020116392168953705 0.0006340647968328757 6
levit 1930 19300 0.02212364916704246 0.0002863992529707432 6
levit 1980 19800 0.019324157167526817 0.00032440490085858617 6
levit 2030 20300 0.022455044167145388 0.00039673624065666736 6
levit 2080 20800 0.022170205832177697 0.00027564272008139993 6
levit 2130 21300 0.02405432866483655 0.00034142620114394425 6
levit 2180 21800 0.021102449166695198 0.0003263526681655739 6
levit 2230 22300 0.02137332366813401 0.0002730668100948798 6
levit 2280 22800 0.022788892999718275 0.000421407672404205 6
levit 230 2300 0.001894445998914307 3.729741407119316e-05 6
levit 2330 23300 0.022441621834635345 0.0005328104993445196 6
levit 2380 23800 0.02365746666691848 0.0010474123587687623 6
levit 2430 24300 0.02570586606006064 0.0029993859147294556 101
levit 2480 24800 0.031058742002642248 0.0005339600361221718 6
levit 2530 25300 0.030710747178487183 0.0027348312449092136 101
levit 2580 25800 0.026884512333102368 0.0004636782992319 6
levit 2630 26300 0.02638797433610307 0.000560775457270592 6
levit 2680 26800 0.02832606683296035 0.0005668411474006594 6
levit 2730 27300 0.03217732066574778 0.0015575642381582349 6
levit 2780 27800 0.03249957616693185 0.0014678961911476819 6
levit 280 2800 0.002458685663441429 5.675001339475469e-05 6
levit 2830 28300 0.03345777950138048 0.0005430999472164119 6
levit 2880 28800 0.03118193866733539 0.000588913814819859 6
levit 2930 29300 0.031262725500710076 0.0006164862177455384 6
levit 2980 29800 0.0346119893353413 0.0004026767797179708 6
levit 3030 30300 0.03141683584572792 0.001489690031580935 26
levit 30 300 0.0001879047425486848 1.7851792631726905e-05 101
levit 330 3300 0.003082832166304191 7.206184299457215e-05 6
levit 380 3800 0.0031862259978273264 8.707000270918018e-05 6
levit 430 4300 0.003392119332905471 3.751045848110211e-05 6
levit 480 4800 0.004137718334580616 4.9889905213416096e-05 6
levit 530 5300 0.005334376165895567 0.00011290850021398972 6
levit 580 5800 0.005130197362714997 0.0002000197141954207 11
levit 630 6300 0.005323800166176322 0.0001432928989313269 6
levit 680 6800 0.005862804332233888 4.277752424293442e-05 6
levit 730 7300 0.006225736000487814 0.00026727754877687427 6
levit 780 7800 0.006762170666964569 8.144317414116774e-05 6
levit 80 800 0.0005932820692605403 3.747503285086758e-05 101
levit 830 8300 0.007866167112297262 0.00037742819694923656 36
levit 880 8800 0.008042610834915346 0.00019308577458318734 6
levit 930 9300 0.009782346166806141 0.00030862892708272583 6
levit 980 9800 0.010946759666694561 0.0003035182162751273 6
