other 1005 1009020 291.4116855434986 1.7392114645409689 2
other 1030 1059870 322.15493584400247 4.631548022367687 2
other 105 10920 0.2957258530004765 0.0038973293406910346 2
other 130 16770 0.5902375969963032 0.018859952062636045 2
other 155 23870 0.9841173810054897 0.0006699129721137829 2
other 180 32220 1.544481288496172 0.019996570362098696 2
other 205 41820 2.321655578496575 0.0012428229041383976 2
other 230 52670 3.3034867934984504 0.01809949478743368 2
other 255 64770 4.206684198499715 0.018958092131267035 2
other 280 78120 5.8308725175011205 0.12242010655428999 2
other 305 92720 8.160294025998155 0.02585164855730816 2
other 30 870 0.006858091495814733 4.681259519091985e-05 2
other 330 108570 9.864081416497356 0.021118116666594487 2
other 355 125670 12.338023402502586 0.018572518108474073 2
other 380 144020 15.089656271498825 0.2630817543411833 2
other 405 163620 18.629200850497 0.5085994478802954 2
other 430 184470 21.961502053498407 0.328883878211537 2
other 455 206570 25.478129106493725 0.134035994304894 2
other 480 229920 30.38333848950424 0.08695678664963429 2
other 505 254520 35.40555144749669 0.4943932271679214 2
other 530 280370 42.43389920399932 0.3102613690530939 2
other 555 307470 48.73958312049945 0.10480873818880182 2
other 55 2970 0.04005777299607871 9.667140119085107e-05 2
other 580 335820 51.785709305491764 0.32952624228095856 2
other 605 365420 62.41629529299098 0.2329297786189297 2
other 630 396270 68.58462324949505 0.8379448030491168 2
other 655 428370 78.15334726850415 0.19625874223133993 2
other 680 461720 91.44800223250058 0.3979256471383625 2
other 705 496320 100.38506500850053 1.7893506810664357 2
other 730 532170 109.90993622250244 0.4039300740700979 2
other 755 569270 120.72881076749763 0.962903173344246 2
other 780 607620 135.09914612150897 2.121152477117489 2
other 805 647220 147.6460551630007 0.35378017387418054 2
other 80 6320 0.13384910549939377 0.0017108653443721777 2
other 830 688070 164.7101364054979 2.083708010868752 2
other 855 730170 177.51363092799875 1.3969027228723558 2
other 880 773520 194.21892626749468 1.664932609651324 2
other 905 818120 214.2200877169962 1.2479661989987783 2
other 930 863970 227.6625587939925 2.6432002884509913 2
other 955 911070 248.60839374300122 1.296290525553024 2
other 980 959420 270.62659016250836 1.2391596386997394 2
