ford-bellman 1030 10300 0.5659059033332596 0.0012796682739522514 6
ford-bellman 1080 10800 0.6403372305000327 0.005087378458852505 6
ford-bellman 1130 11300 0.7181122225000157 0.014096139811911107 6
ford-bellman 1180 11800 0.7532204159999006 0.0026949315911296095 6
ford-bellman 1230 12300 0.8437104091666091 0.0022445673614005586 6
ford-bellman 1280 12800 0.8854856709998936 0.019870829222861097 6
ford-bellman 130 1300 0.009871060500017848 0.00023581345047743812 6
ford-bellman 1330 13300 0.9590678083334296 0.013993645788609625 6
ford-bellman 1380 13800 1.0750602453333613 0.010989958754002955 6
ford-bellman 1430 14300 1.1806861440000678 0.017572875956060385 6
ford-bellman 1480 14800 1.1662294470000536 0.003925201538448926 6
ford-bellman 1530 15300 1.29662111583328 0.018632736821081266 6
ford-bellman 1580 15800 1.3292141403333062 0.005960265887093886 6
ford-bellman 1630 16300 1.4609713538332774 0.021416912630917065 6
ford-bellman 1680 16800 1.5551230520000747 0.04451188493130255 6
ford-bellman 1730 17300 1.5672979573334185 0.006840104683054388 6
ford-bellman 1780 17800 1.8759194261666987 0.02663806805615558 6
ford-bellman 180 1800 0.020400063833297583 0.00047171285201657307 6
ford-bellman 1830 18300 1.9278874853331824 0.019276419153641755 6
ford-bellman 1880 18800 1.9539401216666192 0.04539538583660373 6
ford-bellman 1930 19300 2.1056464094999683 0.011345141936041043 6
ford-bellman 1980 19800 2.0470898985001895 0.0239066435887866 6
ford-bellman 2030 20300 2.210083319000129 0.025178051888215498 6
ford-bellman 2080 20800 2.432056398166727 0.03565223791140052 6
ford-bellman 2130 21300 2.4887570079999173 0.058349712235332696 6
ford-bellman 2180 21800 2.6635808378332513 0.09816477608384186 6
ford-bellman 2230 22300 2.843293215499898 0.08290176681158724 6
ford-bellman 2280 22800 2.7936157874999026 0.021486747341416423 6
ford-bellman 230 2300 0.03012240083330653 0.0006471080055150413 6
ford-bellman 2330 23300 3.110931329833344 0.0867054358105247 6
ford-bellman 2380 23800 3.1038172898332355 0.05318126421667368 6
ford-bellman 2430 24300 3.1444000156667093 0.029552808460072535 6
ford-bellman 2480 24800 3.5176978114999806 0.09377003272171794 6
ford-bellman 2530 25300 3.7049916330001147 0.023298047107585082 6
ford-bellman 2580 25800 3.6525044273332696 0.07901854657821067 6
ford-bellman 2630 26300 3.833563300833324 0.12060677720421012 6
ford-bellman 2680 26800 4.1770655285000275 0.03884875364884399 6
ford-bellman 2730 27300 4.347068204666584 0.025592814886811838 6
ford-bellman 2780 27800 4.359638986833336 0.0437983445270288 6
ford-bellman 280 2800 0.043569855999976426 0.00021824805866955466 6
ford-bellman 2830 28300 4.266924063833433 0.036585222685619374 6
ford-bellman 2880 28800 4.513833821000087 0.056785966107469485 6
ford-bellman 2930 29300 4.623304732333281 0.032806130015270184 6
ford-bellman 2980 29800 4.803885423833435 0.057340449105677684 6
ford-bellman 3030 30300 5.203182906666598 0.034992458874857205 6
ford-bellman 30 300 0.0007016755000108787 3.414533999044068e-05 16
ford-bellman 330 3300 0.06281962099986534 0.0030528327992340063 6
ford-bellman 380 3800 0.08253153599995737 0.000707170054466858 6
ford-bellman 430 4300 0.10462286799990277 0.0008909466143134534 6
ford-bellman 480 4800 0.1283169616667692 0.0012672953740691473 6
ford-bellman 530 5300 0.1657279708334348 0.0008378001099380392 6
ford-bellman 580 5800 0.19484900483318293 0.001115016132564583 6
ford-bellman 630 6300 0.219162941833171 0.002367222299786412 6
ford-bellman 680 6800 0.26272693333354863 0.0017420623143136113 6
ford-bellman 730 7300 0.2975586258333654 0.010532396577959586 6
ford-bellman 780 7800 0.351678712000042 0.013037947996318697 6
ford-bellman 80 800 0.0038025388333456553 6.115887365685476e-05 6
ford-bellman 830 8300 0.37792369550008215 0.002820054393859184 6
ford-bellman 880 8800 0.4102614478332877 0.009194616846003775 6
ford-bellman 930 9300 0.46504811633341586 0.0021971644497341247 6
ford-bellman 980 9800 0.5008105875000032 0.0010259471690436182 6
