levit 1030 10300 0.004523668666555143 6.65968226913165e-05 6
levit 1080 10800 0.004943878217815863 0.0013865260605553345 101
levit 1130 11300 0.005177789333401961 7.117500416910909e-05 6
levit 1180 11800 0.005254733454545534 0.0002358650442552437 11
levit 1230 12300 0.005562579166659513 0.0001132722632256834 6
levit 1280 12800 0.005956751166725856 7.022575688962156e-05 6
levit 130 1300 0.0005813461668064216 2.900734126901985e-05 6
levit 1330 13300 0.006434305166673464 5.9656576448283204e-05 6
levit 1380 13800 0.00637626049994348 6.551732778141498e-05 6
levit 1430 14300 0.006679469500113555 7.78227771842364e-05 6
levit 1480 14800 0.006982117999996262 6.289944215045006e-05 6
levit 1530 15300 0.00730450616674716 5.7539375723617785e-05 6
levit 1580 15800 0.007503901833312436 3.291496727645597e-05 6
levit 1630 16300 0.007974031166744075 0.00010015962314687629 6
levit 1680 16800 0.007868391833350566 0.00011483050326978076 6
levit 1730 17300 0.008208183499921992 0.00015630513920297673 6
levit 1780 17800 0.008586354166709498 0.00041765560985044213 6
levit 180 1800 0.0009184866633377439 0.00029583302413127083 101
levit 1830 18300 0.008706763333369357 0.00021621052926952024 6
levit 1880 18800 0.0081482873334456 6.12459184106588e-05 6
levit 1930 19300 0.008564121666646921 0.00019599013983779084 6
levit 1980 19800 0.008752359499946275 0.00012358521859552387 6
levit 2030 20300 0.009204429333294684 0.00015439770404458526 6
levit 2080 20800 0.00919097066677447 0.00016959601624582285 6
levit 2130 21300 0.009472022333284258 0.0002218415554652461 6
levit 2180 21800 0.009692056166841212 0.0001654449117072181 6
levit 2230 22300 0.010009209000069555 0.00019024434459925953 6
levit 2280 22800 0.01012343399997917 0.00028317487224036226 6
levit 230 2300 0.0010138838333659805 4.913736447592204e-05 6
levit 2330 23300 0.010588490000145612 0.00031139133375850857 6
levit 2380 23800 0.011028783666612677 9.60073572888498e-05 6
levit 2430 24300 0.01067193916674114 0.00016447652329929982 6
levit 2480 24800 0.010938903166713013 9.828726556946955e-05 6
levit 2530 25300 0.011241939333331175 4.955448806869049e-05 6
levit 2580 25800 0.011330546833354068 0.00012775595640510934 6
levit 2630 26300 0.011939308166574847 0.00014932327237515664 6
levit 2680 26800 0.01189662849992601 0.00010504434867201913 6
levit 2730 27300 0.012362703166748664 0.00015118996211844056 6
levit 2780 27800 0.012775437833397518 0.00021862963303303048 6
levit 280 2800 0.0012153844546363953 5.5763404475867406e-05 11
levit 2830 28300 0.012574201666742132 0.0002733971500179178 6
levit 2880 28800 0.012773961499912426 0.000416995770675709 6
levit 2930 29300 0.01363898166649354 0.0002186455260911552 6
levit 2980 29800 0.013275778166568367 0.0001109089287634198 6
levit 3030 30300 0.01371390933324316 0.00034028047361212054 6
levit 30 300 0.00013092333324493666 3.3615532314414854e-06 6
levit 330 3300 0.0014611876666397923 6.248716287752034e-05 6
levit 380 3800 0.0016383731667701795 3.676392628103992e-05 6
levit 430 4300 0.0018696208334555802 4.5993979109219406e-05 6
levit 480 4800 0.0020837181666593096 5.6698731969518226e-05 6
levit 530 5300 0.0022842998333392948 6.446212261756474e-05 6
levit 580 5800 0.002536335833307627 5.257735902119435e-05 6
levit 630 6300 0.002785641999935251 3.564275022392595e-05 6
levit 680 6800 0.0030151773332818266 9.11481670167104e-05 6
levit 730 7300 0.0032498163332851013 8.408177197105825e-05 6
levit 780 7800 0.0034802978335240673 9.986807040047415e-05 6
levit 80 800 0.000360007363724435 1.691701410076659e-05 11
levit 830 8300 0.0036270765000002334 5.089116783775606e-05 6
levit 880 8800 0.003911209333333924 0.00010403029980713478 6
levit 930 9300 0.004288571187572643 0.0002098748492351607 16
levit 980 9800 0.004662931000060174 3.9674640669930336e-05 6
