ford-bellman 1005 1009020 2.4727661738333686 0.02246984234949735 6
ford-bellman 1030 1059870 2.292925958166734 0.0484334920288138 6
ford-bellman 105 10920 0.012976832499968319 0.0001320964662447388 6
ford-bellman 130 16770 0.022799961833243287 0.0002706411109764488 6
ford-bellman 155 23870 0.02551336733320871 0.00020595496270327086 6
ford-bellman 180 32220 0.034999128833305804 0.0004374474113905169 6
ford-bellman 205 41820 0.05174761883336032 0.0002701654614594899 6
ford-bellman 230 52670 0.08766803311541829 0.0043521233129147205 26
ford-bellman 255 64770 0.06852068683338075 0.0004088217040081862 6
ford-bellman 280 78120 0.11010713783343817 0.0003461773795773248 6
ford-bellman 305 92720 0.13160553781819379 0.0051476808567982495 11
ford-bellman 30 870 0.0007892040000569978 3.2809250879572336e-05 6
ford-bellman 330 108570 0.16373280316656746 0.003039600487512411 6
ford-bellman 355 125670 0.18018659949992374 0.0006938252963435972 6
ford-bellman 380 144020 0.20388258216659474 0.0008400171932425786 6
ford-bellman 405 163620 0.25436881616678875 0.00038111959945061444 6
ford-bellman 430 184470 0.3056551820000095 0.002827454744794258 6
ford-bellman 455 206570 0.28534925249997894 0.007312803181542454 6
ford-bellman 480 229920 0.35227470549997025 0.01614413155858302 6
ford-bellman 505 254520 0.45290397883324357 0.0042099109237724195 6
ford-bellman 530 280370 0.37015138483328275 0.0018776934497568773 6
ford-bellman 555 307470 0.5403568531667133 0.0024160690271910934 6
ford-bellman 55 2970 0.0031357001666947326 0.00010773648865978087 6
ford-bellman 580 335820 0.5699641686667292 0.013107247894300837 6
ford-bellman 605 365420 0.5697485240000333 0.0031108994128683956 6
ford-bellman 630 396270 0.7038748724999854 0.003344868696658846 6
ford-bellman 655 428370 0.7332727461667522 0.01945525120583294 6
ford-bellman 680 461720 0.7869943805001185 0.003038133455310419 6
ford-bellman 705 496320 0.9760276226666823 0.01189079593027963 6
ford-bellman 730 532170 1.1453283380001267 0.00195826774182016 6
ford-bellman 755 569270 1.0272202273332216 0.027924068658141447 6
ford-bellman 780 607620 1.0064683886666141 0.0012075194454395474 6
ford-bellman 805 647220 1.3003515764999065 0.015805041255634537 6
ford-bellman 80 6320 0.007679476833345689 0.00022510040534942384 6
ford-bellman 830 688070 1.0586135334998896 0.012812046078724609 6
ford-bellman 855 730170 1.2007189945000694 0.009063198257995635 6
ford-bellman 880 773520 1.9636797321666866 0.019206110823613995 6
ford-bellman 905 818120 1.6420746541667388 0.026181698135816542 6
ford-bellman 930 863970 1.9230851326666045 0.018795210473472244 6
ford-bellman 955 911070 2.028229753833178 0.015005245900170308 6
ford-bellman 980 959420 2.1817921833333003 0.01916812575427824 6
