levit 1030 10300 0.0043540265000198515 5.310710933117738e-05 6
levit 1080 10800 0.004629415833202681 0.00016440251516251021 6
levit 1130 11300 0.004839278666698495 4.645165968449179e-05 6
levit 1180 11800 0.005090727333329899 4.3081918125970104e-05 6
levit 1230 12300 0.005212148499974016 0.000102851844378895 6
levit 1280 12800 0.005374325333529366 0.00016608328659305628 6
levit 130 1300 0.0005250656666551853 1.5339538455822478e-05 6
levit 1330 13300 0.005862250166652909 0.00021496381055298973 6
levit 1380 13800 0.005548742333379171 0.0001716850373619359 6
levit 1430 14300 0.005883757833316849 0.00018956534383682082 6
levit 1480 14800 0.006184498166552051 6.901252708955894e-05 6
levit 1530 15300 0.0062545958332975715 0.0002882127657261524 6
levit 1580 15800 0.006554956833345689 0.0001443602640190183 6
levit 1630 16300 0.006840740333245776 0.00022653345152904376 6
levit 1680 16800 0.006978472833376752 0.00014784606881039082 6
levit 1730 17300 0.007182412833344642 4.805106825802626e-05 6
levit 1780 17800 0.0074195178333411604 9.963680023134045e-05 6
levit 180 1800 0.0007203033333098574 2.1420455617022183e-05 6
levit 1830 18300 0.00756007016654318 9.280524134552365e-05 6
levit 1880 18800 0.0073697405000530125 0.00028501494540096606 6
levit 1930 19300 0.007993068999970395 0.00014598911107792603 6
levit 1980 19800 0.008433081666604872 0.0001283747202836475 6
levit 2030 20300 0.008467437666771124 8.93846436443405e-05 6
levit 2080 20800 0.008609626166692882 7.865845782769225e-05 6
levit 2130 21300 0.008698314000033255 0.000402870201312387 6
levit 2180 21800 0.008896886333407869 0.0002504490840219313 6
levit 2230 22300 0.009133779333221051 7.968829099546404e-05 6
levit 2280 22800 0.009624826666595254 0.000307375816482729 6
levit 230 2300 0.0009528130792232062 8.208973357494305e-05 101
levit 2330 23300 0.009540733333248378 0.0004232025660837813 6
levit 2380 23800 0.009322800833236519 0.00013343130441236054 6
levit 2430 24300 0.009769407833421914 0.00047704642406063097 6
levit 2480 24800 0.00940308416655474 0.0001892530361748378 6
levit 2530 25300 0.010007140437522821 0.000493091684632232 16
levit 2580 25800 0.010524408833362031 0.0004959450581146448 6
levit 2630 26300 0.01062379683336682 8.2184267807982e-05 6
levit 2680 26800 0.010885898499964242 0.00015590272097243822 6
levit 2730 27300 0.010764437833358897 0.00025331964389763503 6
levit 2780 27800 0.010993625166747734 0.00011041238349431352 6
levit 280 2800 0.001136818166590577 3.296424359530047e-05 6
levit 2830 28300 0.010698596499954268 0.0001362598416363728 6
levit 2880 28800 0.011102995666760762 0.00039937969128907026 6
levit 2930 29300 0.012309162833465356 0.0002101986723489037 6
levit 2980 29800 0.01157645083329347 0.00018713998193268795 6
levit 3030 30300 0.012111821333216236 0.0004168740802649708 6
levit 30 300 0.0001188484851368095 1.4284125298374018e-05 101
levit 330 3300 0.0013059851818814589 6.097621256104743e-05 11
levit 380 3800 0.0014292941666553816 3.779046007581214e-05 6
levit 430 4300 0.0017185003333300604 8.491627938428582e-05 6
levit 480 4800 0.0018339408334213658 8.34951075149951e-05 6
levit 530 5300 0.002017082833314513 5.91168448866388e-05 6
levit 580 5800 0.002244412333387421 5.909081077588148e-05 6
levit 630 6300 0.0025026139999984784 8.495593706621336e-05 6
levit 680 6800 0.002726548843152248 0.00013265438713905116 51
levit 730 7300 0.0028055203332921033 9.940778085706627e-05 6
levit 780 7800 0.0030137006666185093 8.847215253885576e-05 6
levit 80 800 0.00030192633327411994 3.396308185105392e-06 6
levit 830 8300 0.003296412999892103 7.690048052607427e-05 6
levit 880 8800 0.0036021302726939293 0.00017856037991136013 11
levit 930 9300 0.003755564333384124 0.00011179659904888522 6
levit 980 9800 0.0039038929999909064 5.959536954369275e-05 6
