levit 1005 1009020 143.55758532766654 1.0489802067899605 6
levit 1030 1059870 157.00789749933332 0.9798042262136237 6
levit 105 10920 0.13393255750012636 0.0061216554227843355 6
levit 130 16770 0.2473632191664971 0.004099273043956774 6
levit 155 23870 0.40936874534654993 0.017167702101633684 101
levit 180 32220 0.6581245559999237 0.014812926299320602 6
levit 205 41820 0.9182541978334484 0.0040907600549908345 6
levit 230 52670 1.4545487648335136 0.011720302336202956 6
levit 255 64770 1.9087286391665355 0.013003734206449317 6
levit 280 78120 2.6057062263331923 0.040652118475997805 6
levit 305 92720 3.5065873948334834 0.02772958940565835 6
levit 30 870 0.0030824964997009374 2.4137983699613133e-05 6
levit 330 108570 4.5806547388334975 0.039454025400749757 6
levit 355 125670 5.277433777999856 0.08156385627103396 6
levit 380 144020 6.612508069166627 0.16188727354806154 6
levit 405 163620 8.083455030833344 0.09470827425134118 6
levit 430 184470 9.760877689666662 0.05710971973174458 6
levit 455 206570 11.722973646500273 0.039248204529724856 6
levit 480 229920 13.794238813833394 0.283330661926565 6
levit 505 254520 16.22156852966661 0.3041981652291772 6
levit 530 280370 19.498288345833316 0.15267258032816552 6
levit 555 307470 22.048845059999923 0.5978104022453491 6
levit 55 2970 0.018383270818131594 0.0008807105325546056 11
levit 580 335820 25.44205562649995 0.37968446923143895 6
levit 605 365420 28.70245556100008 0.17271191592718396 6
levit 630 396270 33.602312039666835 0.26910428324893665 6
levit 655 428370 36.8241850710001 0.5149763846417322 6
levit 680 461720 41.56018633450018 0.6688457381140966 6
levit 705 496320 46.30622531249977 0.6433102868938283 6
levit 730 532170 50.6879857778334 0.7290064176973364 6
levit 755 569270 58.66936533150025 1.318945621613433 6
levit 780 607620 63.74379892950022 0.48956358881587225 6
levit 805 647220 68.76835536516653 1.5836512925498636 6
levit 80 6320 0.060117065499980527 0.0008551933715266682 6
levit 830 688070 78.42261154399966 0.5278665441965579 6
levit 855 730170 85.3760823608339 0.6791454157125368 6
levit 880 773520 91.91522473966688 1.7509670277031897 6
levit 905 818120 102.3111651821661 1.8632888893539727 6
levit 930 863970 115.61520049283384 1.6815673343353998 6
levit 955 911070 121.58894729700023 0.7523895551520464 6
levit 980 959420 135.5378042488334 3.0265640688129962 6
