ford-bellman 1030 10300 0.004960927833394635 7.141557825049877e-05 6
ford-bellman 1080 10800 0.004924783000016457 0.00014890168264973205 6
ford-bellman 1130 11300 0.005245920666652637 1.3091941061482037e-05 6
ford-bellman 1180 11800 0.005722353333339925 0.00017869923587852306 6
ford-bellman 1230 12300 0.00588990650002567 4.789833816073587e-05 6
ford-bellman 1280 12800 0.0055932689999735885 6.132350784694498e-05 6
ford-bellman 130 1300 0.0006140766435516462 3.93475448520331e-05 101
ford-bellman 1330 13300 0.006274534333366925 5.1974616635013776e-05 6
ford-bellman 1380 13800 0.006549594333364439 6.589223497015401e-05 6
ford-bellman 1430 14300 0.006529910666661938 9.520244603338479e-05 6
ford-bellman 1480 14800 0.0065001609603985 0.00027072639760296287 101
ford-bellman 1530 15300 0.006745110333364816 0.00024623346820216237 6
ford-bellman 1580 15800 0.007171803833330159 0.00017745794857351165 6
ford-bellman 1630 16300 0.007582894333381773 0.00032095836122905257 6
ford-bellman 1680 16800 0.00757776449999407 0.00013504870147781916 6
ford-bellman 1730 17300 0.007786162666623871 0.0003190931905468975 6
ford-bellman 1780 17800 0.007837111833434088 7.456017055631863e-05 6
ford-bellman 180 1800 0.0007902552727666097 3.930691505520899e-05 11
ford-bellman 1830 18300 0.008139638666648352 0.00030429366439231403 6
ford-bellman 1880 18800 0.008167268333409083 0.00011255707447314836 6
ford-bellman 1930 19300 0.008584593999974762 7.041597385417696e-05 6
ford-bellman 1980 19800 0.008771281666743866 6.122623732137825e-05 6
ford-bellman 2030 20300 0.008845987666745714 9.312555508915239e-05 6
ford-bellman 2080 20800 0.009224911833333257 0.0003398440598061256 6
ford-bellman 2130 21300 0.009448703833375779 0.00025830443430279647 6
ford-bellman 2180 21800 0.00974053083329333 0.00018267362501849478 6
ford-bellman 2230 22300 0.009683789166577602 6.77384203381729e-05 6
ford-bellman 2280 22800 0.009966714833353763 0.00012167148028385126 6
ford-bellman 230 2300 0.000994733437480022 4.4835739720402486e-05 16
ford-bellman 2330 23300 0.01024106766665985 0.0003748481612498303 6
ford-bellman 2380 23800 0.010768383999902653 0.0003794327172849939 6
ford-bellman 2430 24300 0.010585665500002506 0.00027932015475655675 6
ford-bellman 2480 24800 0.011124249500009379 0.0005169871536434876 6
ford-bellman 2530 25300 0.011184369499990984 0.0001554786008984463 6
ford-bellman 2580 25800 0.011366942499951923 0.0001235691521495666 6
ford-bellman 2630 26300 0.011347652833289127 9.124107513520144e-05 6
ford-bellman 2680 26800 0.011913848333316915 0.0002504866980299381 6
ford-bellman 2730 27300 0.011893808166594985 0.00017832921534015076 6
ford-bellman 2780 27800 0.012399390499998239 0.0005013826745351477 6
ford-bellman 280 2800 0.0012164003333055007 4.69757158530089e-05 6
ford-bellman 2830 28300 0.013542068333322277 9.926176897856527e-05 6
ford-bellman 2880 28800 0.01264143100002002 7.55614463605604e-05 6
ford-bellman 2930 29300 0.013446666666709461 0.0006455415978645414 6
ford-bellman 2980 29800 0.013192788333374969 0.0002376578092680873 6
ford-bellman 3030 30300 0.013429620833373216 0.0002019642861858756 6
ford-bellman 30 300 0.00013441145543621665 1.643856135610783e-05 101
ford-bellman 330 3300 0.0014720134999682462 2.3660668993235833e-05 6
ford-bellman 380 3800 0.0016493989999920207 2.2014265608608014e-05 6
ford-bellman 430 4300 0.0018704561666709196 3.4923584215733825e-05 6
ford-bellman 480 4800 0.002121242833254655 5.96655197273431e-05 6
ford-bellman 530 5300 0.0022998718332776966 2.8984751137168858e-05 6
ford-bellman 580 5800 0.0025353504999353995 8.994112438882586e-05 6
ford-bellman 630 6300 0.0027612921666483694 4.701854794064963e-05 6
ford-bellman 680 6800 0.0031240181666589706 8.122209075985989e-05 6
ford-bellman 730 7300 0.0032387554999786516 7.797495579228113e-05 6
ford-bellman 780 7800 0.0034860489090946926 0.00016084556234646636 11
ford-bellman 80 800 0.00035999204949956325 2.0679512656226847e-05 101
ford-bellman 830 8300 0.003689563666663768 9.26969070425177e-05 6
ford-bellman 880 8800 0.003951421166675573 4.343926105655726e-05 6
ford-bellman 930 9300 0.004018376333306151 6.436719477673275e-05 6
ford-bellman 980 9800 0.00439165283330567 4.051638579554445e-05 6
