dijkstra 1030 10300 0.0044557586666087445 0.00012157893866401386 6
dijkstra 1080 10800 0.004578168000042145 9.37770542999973e-05 6
dijkstra 1130 11300 0.004951042904784637 0.0002473073554977799 21
dijkstra 1180 11800 0.005055152333360032 5.681289812092932e-05 6
dijkstra 1230 12300 0.005507820166637127 0.0002722111628488018 6
dijkstra 1280 12800 0.0055233286666786325 0.00010886914081403417 6
dijkstra 130 1300 0.00048120815840280054 3.4258772319245086e-05 101
dijkstra 1330 13300 0.005665679166668269 0.00016152311667008554 6
dijkstra 1380 13800 0.006229887999931331 0.0003040588522863705 6
dijkstra 1430 14300 0.006424667333337513 0.00031255108058531793 36
dijkstra 1480 14800 0.006365922833348729 0.00012953423883281396 6
dijkstra 1530 15300 0.006691133999993326 0.00022451280728183308 6
dijkstra 1580 15800 0.007132127363650976 0.00029824612567256676 11
dijkstra 1630 16300 0.007084788000118654 0.00012986622302588467 6
dijkstra 1680 16800 0.007819983333320124 0.00017314755784229085 6
dijkstra 1730 17300 0.008054085833350655 0.00031813760710864837 6
dijkstra 1780 17800 0.008250706166715341 0.0002479205185828806 6
dijkstra 180 1800 0.0007341488019820006 0.00013009135733588634 101
dijkstra 1830 18300 0.008817251500014814 0.0003830569799576541 6
dijkstra 1880 18800 0.008763434833326755 0.00026793493279807543 6
dijkstra 1930 19300 0.009159662693070576 0.0009413805914285655 101
dijkstra 1980 19800 0.0097528978333609 0.0003817315320374016 6
dijkstra 2030 20300 0.00985576083333702 0.0004512253638870714 6
dijkstra 2080 20800 0.009708260666646614 0.00024403831675602535 6
dijkstra 2130 21300 0.009681483166635493 0.00023460921985711406 6
dijkstra 2180 21800 0.010370689499988353 0.0003498773046809142 6
dijkstra 2230 22300 0.010801410090917589 0.000488066480232107 11
dijkstra 2280 22800 0.011239655333345885 0.00034072976062461793 6
dijkstra 230 2300 0.0009240131666198673 4.610724507892681e-05 6
dijkstra 2330 23300 0.01149143116670833 0.00031138186212724444 6
dijkstra 2380 23800 0.011569460666729961 0.00044318721176885435 6
dijkstra 2430 24300 0.0117752036666919 0.0003754507892132463 6
dijkstra 2480 24800 0.012390982999969916 0.0003616627091623699 6
dijkstra 2530 25300 0.012366778742581559 0.0009186889938117801 101
dijkstra 2580 25800 0.012902443999981491 0.0004153093050972867 6
dijkstra 2630 26300 0.013094080666708882 0.00040969384468888674 6
dijkstra 2680 26800 0.013233867709664816 0.0006162900354464023 31
dijkstra 2730 27300 0.013753208166652561 0.0003348359242491171 6
dijkstra 2780 27800 0.013984670833300092 0.00042178794742706624 6
dijkstra 280 2800 0.0011182236666703222 3.441035890833786e-05 6
dijkstra 2830 28300 0.014294228312493829 0.0006158678607060236 16
dijkstra 2880 28800 0.014914101333298882 0.0003439251345827925 6
dijkstra 2930 29300 0.014922519833400353 0.0005566889916975516 6
dijkstra 2980 29800 0.017541873333395113 0.0007945668147528344 6
dijkstra 3030 30300 0.015746902062531376 0.0007512964470260013 16
dijkstra 30 300 0.00010899857425732143 1.3586874338615653e-05 101
dijkstra 330 3300 0.0013420293333486673 3.527879208500724e-05 6
dijkstra 380 3800 0.001580215000027844 6.959715074705707e-05 6
dijkstra 430 4300 0.0017830079999991237 3.183607323690551e-05 6
dijkstra 480 4800 0.002075540333294157 8.542420154358839e-05 6
dijkstra 530 5300 0.002250022833360769 3.639537678128115e-05 6
dijkstra 580 5800 0.0024543153332767056 1.891055205494551e-05 6
dijkstra 630 6300 0.002687441999986125 0.00010406437325608404 6
dijkstra 680 6800 0.00295069250000779 8.033021952549461e-05 6
dijkstra 730 7300 0.0031818729999410302 4.818722692356671e-05 6
dijkstra 780 7800 0.0034960258333664265 5.591288858023209e-05 6
dijkstra 80 800 0.0002870698514885085 3.04105722460745e-05 101
dijkstra 830 8300 0.0033492191666179374 0.00011607626264353778 6
dijkstra 880 8800 0.004499793178233136 0.0005844222788713267 101
dijkstra 930 9300 0.004815413499954957 0.00021689302506522882 6
dijkstra 980 9800 0.005080951999957506 0.0002476258381022388 6
