dijkstra 1030 10300 0.002592825166630064 3.360163605855001e-05 6
dijkstra 1080 10800 0.0028022085643559613 0.0001795997967092482 101
dijkstra 1130 11300 0.002983053333347622 3.853485617264299e-05 6
dijkstra 1180 11800 0.003206569833385705 4.56556629133406e-05 6
dijkstra 1230 12300 0.0031215503333138863 5.323557163472879e-05 6
dijkstra 1280 12800 0.0032990475000360675 6.613732711900595e-05 6
dijkstra 130 1300 0.0003189609999859992 2.2754437407873067e-06 6
dijkstra 1330 13300 0.0039095899090542926 0.00019027021847313835 11
dijkstra 1380 13800 0.0039001804999922265 4.8535903661216015e-05 6
dijkstra 1430 14300 0.004041040000023107 3.6289500003869116e-05 6
dijkstra 1480 14800 0.004098737333303386 1.5619155688305175e-05 6
dijkstra 1530 15300 0.003855935999960517 4.048979926007444e-05 6
dijkstra 1580 15800 0.004148634000027111 6.960042852827033e-05 6
dijkstra 1630 16300 0.004044355166683999 7.504626602232172e-05 6
dijkstra 1680 16800 0.004505431000022024 5.287023190435487e-05 6
dijkstra 1730 17300 0.004731323333392841 0.00012751351914715273 6
dijkstra 1780 17800 0.004839847833371398 0.00020715054305248272 6
dijkstra 180 1800 0.000475663666672214 2.317098013311466e-05 6
dijkstra 1830 18300 0.004829133166708743 0.0001608175514499671 6
dijkstra 1880 18800 0.004714082999953462 0.00013627354453456424 6
dijkstra 1930 19300 0.0050489493333998325 7.632013952615928e-05 6
dijkstra 1980 19800 0.004996893499992439 6.438125125859492e-05 6
dijkstra 2030 20300 0.0053360728332639456 0.00011896147376356443 6
dijkstra 2080 20800 0.0055822188333346885 0.00015780074107495044 6
dijkstra 2130 21300 0.0057836295000015525 0.00012051459869642622 6
dijkstra 2180 21800 0.00614073733333953 6.324326766923442e-05 6
dijkstra 2230 22300 0.00591337133334946 0.00011741368823421615 6
dijkstra 2280 22800 0.006430190833384586 0.0002881085283996253 6
dijkstra 230 2300 0.0006336111290429178 2.9563437884708346e-05 31
dijkstra 2330 23300 0.006327620499973818 3.806346558557605e-05 6
dijkstra 2380 23800 0.0066795863333481975 8.020242830889463e-05 6
dijkstra 2430 24300 0.006341280000015104 1.3679887021869746e-05 6
dijkstra 2480 24800 0.006579213500041685 0.00015289297298009765 6
dijkstra 2530 25300 0.00674755700000181 0.00010785170626980705 6
dijkstra 2580 25800 0.007227778500047559 0.00023593759010195556 6
dijkstra 2630 26300 0.006724861500022901 0.00016342707408060185 6
dijkstra 2680 26800 0.007366927833383367 5.5101484705416984e-05 6
dijkstra 2730 27300 0.006864749833312089 8.402238362157815e-05 6
dijkstra 2780 27800 0.007278551666710579 0.00021903232606222946 6
dijkstra 280 2800 0.0006852189999714634 1.2999346768836187e-05 6
dijkstra 2830 28300 0.00763351499995224 0.00021532989190270035 6
dijkstra 2880 28800 0.007483772666660116 0.00012083931133813598 6
dijkstra 2930 29300 0.007582460333348233 0.00010861151005253517 6
dijkstra 2980 29800 0.0076775391667069925 0.00015211585362811495 6
dijkstra 3030 30300 0.008012283666592642 7.459541915069039e-05 6
dijkstra 30 300 8.019133334376723e-05 1.8794643869828415e-06 6
dijkstra 330 3300 0.0008817365237952064 4.235164953742679e-05 21
dijkstra 380 3800 0.0010150307273099977 4.891915674098515e-05 11
dijkstra 430 4300 0.0011571516190651025 5.086496501916341e-05 21
dijkstra 480 4800 0.0012623501666363761 5.0430133683191826e-05 6
dijkstra 530 5300 0.0014516380000486606 4.063353181688674e-05 6
dijkstra 580 5800 0.001550156833369935 4.8610813442607344e-05 6
dijkstra 630 6300 0.0017410068332992523 7.220869677979468e-05 6
dijkstra 680 6800 0.0017986246667002586 1.7212689139735952e-05 6
dijkstra 730 7300 0.002000333090915195 8.207145829991005e-05 11
dijkstra 780 7800 0.0021580413333216106 6.622419873661756e-05 6
dijkstra 80 800 0.0002031989999977668 2.267460049307355e-06 6
dijkstra 830 8300 0.0022547344999945076 2.581985238311172e-05 6
dijkstra 880 8800 0.0023328720000487615 2.932506432548163e-05 6
dijkstra 930 9300 0.0024947161666280713 3.59240458064872e-05 6
dijkstra 980 9800 0.002612087833313126 5.291308977538265e-05 6
