other 1030 10300 84.98265471000195 0.43508506237623945 2
other 130 1300 0.1916426834941376 0.008441458439075717 2
other 180 1800 0.545355821501289 0.07660590584215733 2
other 230 2300 0.9589834194994182 0.10887653116828845 2
other 280 2800 1.7646640689999913 0.10253645549159632 2
other 30 300 0.004444756006705575 0.0005471408384730606 2
other 330 3300 2.6724813875043765 0.02301811116776283 2
other 380 3800 3.9894664310049848 0.1600963390638508 2
other 430 4300 6.614049628995417 0.2160999668830893 2
other 480 4800 8.234714280006301 0.4773821945716451 2
other 530 5300 9.876534273498692 0.20698231921346646 2
other 580 5800 13.800734891497996 1.6693561423853838 2
other 630 6300 19.198128115502186 0.6144026617553126 2
other 680 6800 26.911686864004878 0.38430610656483405 2
other 730 7300 27.562611948997073 2.3296831197507366 2
other 780 7800 32.68288185649726 1.1089174893621383 2
other 80 800 0.040833310507878195 0.0009967497432989796 2
other 830 8300 41.39077847950102 1.912570873995018 2
other 880 8800 48.852230814991344 1.381928496513862 2
other 930 9300 55.814152940001804 0.19997566951908288 2
other 980 9800 67.30534945050022 1.1341972794463366 2
