other 1030 10300 54.13261560550018 0.4491478485962571 2
other 130 1300 0.10355028449703241 0.0004021026358934187 2
other 180 1800 0.2685359144961694 0.0033465433657584682 2
other 230 2300 0.5677560530020855 0.013469675671875129 2
other 280 2800 1.0444525310012978 0.006082883259369133 2
other 30 300 0.0018933774990728125 9.355941824910492e-05 2
other 330 3300 1.6714128904932295 0.018107762278663994 2
other 380 3800 2.721993073995691 0.017205900608318007 2
other 430 4300 3.7596097355053644 0.007955050993221939 2
other 480 4800 5.263700934498047 0.01985420996612464 2
other 530 5300 7.372353144492081 0.03797197427022466 2
other 580 5800 9.579719392000698 0.16194515884303565 2
other 630 6300 12.282543821493164 0.04366616658477528 2
other 680 6800 15.735809306504962 0.03905215342232749 2
other 730 7300 19.038772872001573 0.14430426877101474 2
other 780 7800 23.544259732494538 0.15594916416213467 2
other 80 800 0.02523546999145765 0.00029743314991456985 2
other 830 8300 28.13943573350116 0.081554270211086 2
other 880 8800 33.66319426150585 1.1068708140323025 2
other 930 9300 40.76505351901142 0.3975249657855739 2
other 980 9800 45.79685195699858 0.06528030169127844 2
