dijkstra 1005 1009020 0.4740005645000262 0.0034901877045682103 6
dijkstra 1030 1059870 0.4940497891666003 0.002870970282495118 6
dijkstra 105 10920 0.002976748833361853 4.788694913383995e-05 6
dijkstra 130 16770 0.004485624166629047 6.018778290667922e-05 6
dijkstra 155 23870 0.007076827333435176 0.0001583160208924099 6
dijkstra 180 32220 0.009127252861385432 0.001907109049607249 101
dijkstra 205 41820 0.012220847000056287 0.00038610689488223217 6
dijkstra 230 52670 0.01529909633332712 0.0004916012908767212 6
dijkstra 255 64770 0.019313162999992528 0.000604091583311167 6
dijkstra 280 78120 0.03127946900000703 0.0005508555235603876 6
dijkstra 305 92720 0.0321002478333412 0.0004478186626464776 6
dijkstra 30 870 0.00025156750000911014 1.1827801843396033e-05 36
dijkstra 330 108570 0.03867037199995593 0.00037889061550865744 6
dijkstra 355 125670 0.04729332666662837 0.0006956412800860983 6
dijkstra 380 144020 0.05776719183328775 0.0005000223022816968 6
dijkstra 405 163620 0.06651496349995038 0.0004642801100795445 6
dijkstra 430 184470 0.07699446266667564 0.0012716872494803679 6
dijkstra 455 206570 0.08871170816667018 0.001805042239619507 6
dijkstra 480 229920 0.09759484433334364 0.00023458784409633053 6
dijkstra 505 254520 0.10980580449999404 0.0005837221977888842 6
dijkstra 530 280370 0.12062724533332887 0.0004162163198734957 6
dijkstra 555 307470 0.136389276833332 0.0006093838664800623 6
dijkstra 55 2970 0.0008802291667204069 2.5374993329410094e-05 6
dijkstra 580 335820 0.1510819382727856 0.0058672875167393 11
dijkstra 605 365420 0.15931631962500603 0.006936204483980591 16
dijkstra 630 396270 0.1765172386666715 0.002290282692631974 6
dijkstra 655 428370 0.18813288900003045 0.0016591061502574062 6
dijkstra 680 461720 0.21027559633330384 0.0008566635519591307 6
dijkstra 705 496320 0.22336816849997376 0.002730636844725581 6
dijkstra 730 532170 0.24519841714287136 0.012222971738507714 21
dijkstra 755 569270 0.25908435499995147 0.001964264937399357 6
dijkstra 780 607620 0.27378475816669834 0.001647050041476536 6
dijkstra 805 647220 0.3023831205000154 0.009737960026200703 6
dijkstra 80 6320 0.0018895566667348855 2.0313514344236815e-05 6
dijkstra 830 688070 0.3165657723333955 0.002810443215523917 6
dijkstra 855 730170 0.3336171693333654 0.0019674471027134655 6
dijkstra 880 773520 0.3617848741666876 0.0027657645491691554 6
dijkstra 905 818120 0.37929332100005314 0.0105173374025317 6
dijkstra 930 863970 0.39102961033324846 0.0015721887574936567 6
dijkstra 955 911070 0.4177469828333263 0.0042774971107724415 6
dijkstra 980 959420 0.43866303316667654 0.004035072699131032 6
