ford-bellman 1005 1009020 159.55038098050014 1.6554434224530072 6
ford-bellman 1030 1059870 170.66613183533264 2.1699760389875484 6
ford-bellman 105 10920 0.15870958966600787 0.0014147686816425686 6
ford-bellman 130 16770 0.29966885100050905 0.0010999592066948613 6
ford-bellman 155 23870 0.52298383733311 0.010806739454073847 6
ford-bellman 180 32220 0.8281982914995751 0.01177625539869466 6
ford-bellman 205 41820 1.2534732843317518 0.008706543252469296 6
ford-bellman 230 52670 1.7292856291642238 0.015190588449814012 6
ford-bellman 255 64770 2.3681060335014386 0.016986135164648922 6
ford-bellman 280 78120 3.1695599268314254 0.016488900441820012 6
ford-bellman 305 92720 4.187840322167176 0.10788965855260846 6
ford-bellman 30 870 0.0036498748316565375 0.00012073585768368524 6
ford-bellman 330 108570 5.042613835001248 0.06277243656758083 6
ford-bellman 355 125670 6.538921359001203 0.05647114949471257 6
ford-bellman 380 144020 8.359222762667438 0.09857914967918352 6
ford-bellman 405 163620 9.542228854167965 0.049529348852025486 6
ford-bellman 430 184470 11.721428502000586 0.2012103015408775 6
ford-bellman 455 206570 13.65868246250102 0.06576515730888345 6
ford-bellman 480 229920 17.162325604000216 0.2572211683768595 6
ford-bellman 505 254520 18.71077009349877 0.1557480245082497 6
ford-bellman 530 280370 22.210164040500484 0.1548498714351764 6
ford-bellman 555 307470 26.73944647016712 0.29678470903478044 6
ford-bellman 55 2970 0.023952521000561926 0.0002899580496172791 6
ford-bellman 580 335820 29.292635344664934 0.27430411986161857 6
ford-bellman 605 365420 33.137325009667016 0.1323463001622661 6
ford-bellman 630 396270 39.816299647666405 0.4934388668939391 6
ford-bellman 655 428370 41.491380500334344 0.71295181397731 6
ford-bellman 680 461720 48.5779607768333 0.18506926227305692 6
ford-bellman 705 496320 52.3814537156674 0.8521320945483826 6
ford-bellman 730 532170 58.67542921066585 1.0371247873706197 6
ford-bellman 755 569270 65.92758192349963 0.09045567849796837 6
ford-bellman 780 607620 71.16144960116799 0.7458524201765659 6
ford-bellman 805 647220 80.3835971891652 1.155422298312938 6
ford-bellman 80 6320 0.07352090781190926 0.0051540623461824855 101
ford-bellman 830 688070 89.60455021850066 0.7397420846458663 6
ford-bellman 855 730170 93.33187485166734 1.2376508444778191 6
ford-bellman 880 773520 103.49230108799868 2.595397353085497 6
ford-bellman 905 818120 115.33644829600114 2.10039140029972 6
ford-bellman 930 863970 127.75177847883485 1.372328660857605 6
ford-bellman 955 911070 133.93345857266954 2.1466441423265845 6
ford-bellman 980 959420 146.05178500383408 0.5150364780012578 6
