levit 1005 1009020 3.1389790628321257 0.023056057006367186 6
levit 1030 1059870 3.1104116503350574 0.02076790927613571 6
levit 105 10920 0.009724657000333536 0.00011141805449266408 6
levit 130 16770 0.022409199502969084 0.0003774473253301256 6
levit 155 23870 0.02982296949994634 0.0006167016368166093 6
levit 180 32220 0.03848521416875883 0.0009683788725271875 6
levit 205 41820 0.04939657066764388 0.0005470680759210394 6
levit 230 52670 0.08177628100020229 0.0010047437362140491 6
levit 255 64770 0.10159885633159622 0.0009918741973654653 6
levit 280 78120 0.13212127150109154 0.000734681827687638 6
levit 305 92720 0.14525917883293005 0.0026457118478108734 6
levit 30 870 0.0005202246660095019 2.075536577383175e-05 6
levit 330 108570 0.21611095199841657 0.006499004231327168 6
levit 355 125670 0.1803101375019954 0.008918813956169745 6
levit 380 144020 0.30668314682868475 0.015067712916366792 41
levit 405 163620 0.369622276333151 0.01047477180225006 6
levit 430 184470 0.3633694888117134 0.01738385011100125 16
levit 455 206570 0.3939751301659271 0.0015105242861506894 6
levit 480 229920 0.43957088583435205 0.0036701572620246796 6
levit 505 254520 0.5631392682738475 0.02369277990500101 11
levit 530 280370 0.5195010269987203 0.0035731520659433532 6
levit 555 307470 0.8197056068335465 0.011895651842784604 6
levit 55 2970 0.0024070768340607174 4.0836223277840844e-05 6
levit 580 335820 0.7797184119990561 0.026891986627434573 6
levit 605 365420 1.1539940176674766 0.008261938912162472 6
levit 630 396270 1.3172242363325495 0.02291685842084907 6
levit 655 428370 1.0541356243350795 0.007791876586618422 6
levit 680 461720 1.1908755818355228 0.0233207910928623 6
levit 705 496320 1.2760258328332081 0.016723392029559192 6
levit 730 532170 1.2643936366657726 0.0057673680981860705 6
levit 755 569270 1.676916944166199 0.02612475043001364 6
levit 780 607620 1.899345049167702 0.028012457353247654 6
levit 805 647220 2.2006975089995344 0.021902352044306617 6
levit 80 6320 0.007245415000700935 0.00011532044231246118 6
levit 830 688070 1.692635293334509 0.034389475856928406 6
levit 855 730170 1.6510472444994473 0.008198778390983381 6
levit 880 773520 2.50609369166826 0.027632075371357152 6
levit 905 818120 2.0179321681656197 0.02812829188861778 6
levit 930 863970 2.9239906546681596 0.02277766638413231 6
levit 955 911070 2.3311335448330888 0.02944346245683732 6
levit 980 959420 2.3801513176658773 0.024043555312843676 6
