other 1005 1009020 334.79932668350375 1.7633318936763371 2
other 1030 1059870 354.90462351399765 3.776840620199258 2
other 105 10920 0.3041952565035899 0.013749544997302209 2
other 130 16770 0.5599866414995631 0.004981647167203071 2
other 155 23870 1.02516265650047 0.003941494514931559 2
other 180 32220 1.5853668999916408 0.0013661175722666885 2
other 205 41820 2.402347501498298 0.0012684866408584328 2
other 230 52670 3.345630543997686 0.017307220531134093 2
other 255 64770 4.522602229997574 0.011614685659922736 2
other 280 78120 5.689916566007014 0.05820783945628066 2
other 305 92720 8.061769960499078 0.2083597929227342 2
other 30 870 0.006575634004548192 7.67924634855474e-07 2
other 330 108570 10.268845059996238 0.0418754844215544 2
other 355 125670 12.134342937002657 0.0008915909381711837 2
other 380 144020 16.000632725998003 0.23087693448660268 2
other 405 163620 19.722883758004173 0.11142297330134408 2
other 430 184470 24.256018365500495 0.8441829188726568 2
other 455 206570 28.883379357503145 0.2586735446104455 2
other 480 229920 32.82628513549571 0.20388334596253213 2
other 505 254520 38.41963083900191 0.42982922110699173 2
other 530 280370 46.4308491385018 0.05219888350816873 2
other 555 307470 51.62180856450141 0.661198861256225 2
other 55 2970 0.042312454505008645 0.0006659637733072319 2
other 580 335820 62.56082728449837 0.012708853521856312 2
other 605 365420 69.18961591699917 0.33781532486020033 2
other 630 396270 80.07389542499732 0.34365167533582247 2
other 655 428370 91.79446708400064 0.7863197918431633 2
other 680 461720 99.18233117449563 1.7723291981405496 2
other 705 496320 113.31074256399734 1.6138094109244965 2
other 730 532170 123.36188298650086 0.49946258315135683 2
other 755 569270 138.92825141199864 0.793293100735907 2
other 780 607620 153.52135959350562 2.9866220784320023 2
other 805 647220 167.53297514300357 1.5951564756721162 2
other 80 6320 0.14023133600130677 0.0017353432688080104 2
other 830 688070 186.21625279249565 0.7200748077189141 2
other 855 730170 202.39769961500133 1.1353913162311606 2
other 880 773520 222.04433215999597 1.768798522756619 2
other 905 818120 239.47748062699975 2.535935924688928 2
other 930 863970 259.58796386999893 0.6828922290731778 2
other 955 911070 288.5480768159978 1.9587249052817615 2
other 980 959420 305.59596104900265 2.0256543935224127 2
