other 1030 10300 156.82186358049512 0.12720733401362516 2
other 130 1300 0.2941616164971492 0.0023892466329219317 2
other 180 1800 0.7667518764937995 0.005979159885763339 2
other 230 2300 1.6714851810029359 0.0035037126784582076 2
other 280 2800 2.824539133500366 0.001472469968735687 2
other 30 300 0.004202003503451124 5.228983334090737e-05 2
other 330 3300 4.546370123498491 0.025095391489267465 2
other 380 3800 7.101030264006113 0.13879866606980285 2
other 430 4300 10.63775197850191 0.025951477185506406 2
other 480 4800 14.106073109003773 0.11972005821504386 2
other 530 5300 20.12551730099949 0.6234082938132315 2
other 580 5800 26.208328076500038 0.3834787258564608 2
other 630 6300 35.031278429494705 0.8679558092625562 2
other 680 6800 42.73719214000448 0.020408965647351326 2
other 730 7300 53.517930215493834 0.5865553867361227 2
other 780 7800 65.55821050149825 0.19514251478503994 2
other 80 800 0.06927960499888286 0.0003930651106278758 2
other 830 8300 84.55880485850503 0.42399646343412023 2
other 880 8800 97.01827462450456 1.9038882235578654 2
other 930 9300 115.09047653750167 4.549468448180684 2
other 980 9800 129.92394620350387 0.1355639318517553 2
